0 0 0
1 2.66667e-09 0.866025
2 5.33333e-09 0.866025
3 8e-09 4.40994e-15
4 1.06667e-08 -0.866025
5 1.33333e-08 -0.866025
6 1.6e-08 -1.71445e-15
7 1.86667e-08 0.866025
8 2.13333e-08 0.866025
9 2.4e-08 -9.8104e-16
10 2.66667e-08 -0.866025
11 2.93333e-08 -0.866025
12 3.2e-08 -3.4289e-15
13 3.46667e-08 0.866025
14 3.73333e-08 0.866025
15 4e-08 2.20497e-14
16 4.26667e-08 -0.866025
17 4.53333e-08 -0.866025
18 4.8e-08 -5.48813e-14
19 5.06667e-08 0.866025
20 5.33333e-08 0.866025
21 5.6e-08 7.35021e-14
22 5.86667e-08 -0.866025
23 6.13333e-08 -0.866025
24 6.4e-08 -6.37012e-14
25 6.66667e-08 0.866025
26 6.93333e-08 0.866025
27 7.2e-08 8.2322e-14
28 7.46667e-08 -0.866025
29 7.73333e-08 -0.866025
30 8e-08 -1.29365e-13
31 8.26667e-08 0.866025
32 8.53333e-08 0.866025
33 8.8e-08 1.47985e-13
34 9.06667e-08 -0.866025
35 9.33333e-08 -0.866025
36 9.6e-08 -1.66606e-13
37 9.86667e-08 0.866025
38 1.01333e-07 0.866025
39 1.04e-07 1.85227e-13
40 1.06667e-07 -0.866025
41 1.09333e-07 -0.866025
42 1.12e-07 -2.03848e-13
43 1.14667e-07 0.866025
44 1.17333e-07 0.866025
45 1.2e-07 1.65625e-13
46 1.22667e-07 -0.866025
47 1.25333e-07 -0.866025
48 1.28e-07 -2.41089e-13
49 1.30667e-07 0.866025
50 1.33333e-07 0.866025
51 1.36e-07 2.5971e-13
52 1.38667e-07 -0.866025
53 1.41333e-07 -0.866025
54 1.44e-07 -2.78331e-13
55 1.46667e-07 0.866025
56 1.49333e-07 0.866025
57 1.52e-07 2.96952e-13
58 1.54667e-07 -0.866025
59 1.57333e-07 -0.866025
60 1.6e-07 -3.15572e-13
61 1.62667e-07 0.866025
62 1.65333e-07 0.866025
63 1.68e-07 3.34193e-13
64 1.70667e-07 -0.866025
65 1.73333e-07 -0.866025
66 1.76e-07 -3.52814e-13
67 1.78667e-07 0.866025
68 1.81333e-07 0.866025
69 1.84e-07 3.71435e-13
70 1.86667e-07 -0.866025
71 1.89333e-07 -0.866025
72 1.92e-07 -4.46899e-13
73 1.94667e-07 0.866025
74 1.97333e-07 0.866025
75 2e-07 4.08676e-13
76 2.02667e-07 -0.866025
77 2.05333e-07 -0.866025
78 2.08e-07 -4.84141e-13
79 2.10667e-07 0.866025
80 2.13333e-07 0.866025
81 2.16e-07 4.45918e-13
82 2.18667e-07 -0.866025
83 2.21333e-07 -0.866025
84 2.24e-07 -5.21382e-13
85 2.26667e-07 0.866025
86 2.29333e-07 0.866025
87 2.32e-07 4.8316e-13
88 2.34667e-07 -0.866025
89 2.37333e-07 -0.866025
90 2.4e-07 -5.58624e-13
91 2.42667e-07 0.866025
92 2.45333e-07 0.866025
93 2.48e-07 2.93027e-13
94 2.50667e-07 -0.866025
95 2.53333e-07 -0.866025
96 2.56e-07 -1.41118e-13
97 2.58667e-07 0.866025
98 2.61333e-07 0.866025
99 2.64e-07 -1.07914e-14
100 2.66667e-07 -0.866025
101 2.69333e-07 -0.866025
102 2.72e-07 2.76388e-13
103 2.74667e-07 0.866025
104 2.77333e-07 0.866025
105 2.8e-07 -4.28297e-13
106 2.82667e-07 -0.866025
107 2.85333e-07 -0.866025
108 2.88e-07 6.93894e-13
109 2.90667e-07 0.866025
110 2.93333e-07 0.866025
111 2.96e-07 -8.45803e-13
112 2.98667e-07 -0.866025
113 3.01333e-07 -0.866025
114 3.04e-07 9.97712e-13
115 3.06667e-07 0.866025
116 3.09333e-07 0.866025
117 3.12e-07 -1.26331e-12
118 3.14667e-07 -0.866025
119 3.17333e-07 -0.866025
120 3.2e-07 1.41522e-12
121 3.22667e-07 0.866025
122 3.25333e-07 0.866025
123 3.28e-07 -1.56713e-12
124 3.30667e-07 -0.866025
125 3.33333e-07 -0.866025
126 3.36e-07 1.83272e-12
127 3.38667e-07 0.866025
128 3.41333e-07 0.866025
129 3.44e-07 -1.98463e-12
130 3.46667e-07 -0.866025
131 3.49333e-07 -0.866025
132 3.52e-07 2.25023e-12
133 3.54667e-07 0.866025
134 3.57333e-07 0.866025
135 3.6e-07 -2.40214e-12
136 3.62667e-07 -0.866025
137 3.65333e-07 -0.866025
138 3.68e-07 2.55405e-12
139 3.70667e-07 0.866025
140 3.73333e-07 0.866025
141 3.76e-07 -2.70596e-12
142 3.78667e-07 -0.866025
143 3.81333e-07 -0.866025
144 3.84e-07 2.97155e-12
145 3.86667e-07 0.866025
146 3.89333e-07 0.866025
147 3.92e-07 -3.23715e-12
148 3.94667e-07 -0.866025
149 3.97333e-07 -0.866025
150 4e-07 3.27537e-12
151 4.02667e-07 0.866025
152 4.05333e-07 0.866025
153 4.08e-07 -3.54097e-12
154 4.10667e-07 -0.866025
155 4.13333e-07 -0.866025
156 4.16e-07 3.80657e-12
157 4.18667e-07 0.866025
158 4.21333e-07 0.866025
159 4.24e-07 -4.07216e-12
160 4.26667e-07 -0.866025
161 4.29333e-07 -0.866025
162 4.32e-07 4.11038e-12
163 4.34667e-07 0.866025
164 4.37333e-07 0.866025
165 4.4e-07 -4.37598e-12
166 4.42667e-07 -0.866025
167 4.45333e-07 -0.866025
168 4.48e-07 4.64158e-12
169 4.50667e-07 0.866025
170 4.53333e-07 0.866025
171 4.56e-07 -4.6798e-12
172 4.58667e-07 -0.866025
173 4.61333e-07 -0.866025
174 4.64e-07 4.9454e-12
175 4.66667e-07 0.866025
176 4.69333e-07 0.866025
177 4.72e-07 -5.21099e-12
178 4.74667e-07 -0.866025
179 4.77333e-07 -0.866025
180 4.8e-07 5.24922e-12
181 4.82667e-07 0.866025
182 4.85333e-07 0.866025
183 4.88e-07 -5.51481e-12
184 4.90667e-07 -0.866025
185 4.93333e-07 -0.866025
186 4.96e-07 5.78041e-12
187 4.98667e-07 0.866025
188 5.01333e-07 0.866025
189 5.04e-07 -5.81863e-12
190 5.06667e-07 -0.866025
191 5.09333e-07 -0.866025
192 5.12e-07 6.08423e-12
193 5.14667e-07 0.866025
194 5.17333e-07 0.866025
195 5.2e-07 -6.34982e-12
196 5.22667e-07 -0.866025
197 5.25333e-07 -0.866025
198 5.28e-07 6.61542e-12
199 5.30667e-07 0.866025
200 5.33333e-07 0.866025
201 5.36e-07 -6.65364e-12
202 5.38667e-07 -0.866025
203 5.41333e-07 -0.866025
204 5.44e-07 6.91924e-12
205 5.46667e-07 0.866025
206 5.49333e-07 0.866025
207 5.52e-07 -7.18483e-12
208 5.54667e-07 -0.866025
209 5.57333e-07 -0.866025
210 5.6e-07 7.22306e-12
211 5.62667e-07 0.866025
212 5.65333e-07 0.866025
213 5.68e-07 -7.48865e-12
214 5.70667e-07 -0.866025
215 5.73333e-07 -0.866025
216 5.76e-07 7.75425e-12
217 5.78667e-07 0.866025
218 5.81333e-07 0.866025
219 5.84e-07 -7.79247e-12
220 5.86667e-07 -0.866025
221 5.89333e-07 -0.866025
222 5.92e-07 8.05807e-12
223 5.94667e-07 0.866025
224 5.97333e-07 0.866025
225 6e-07 -8.32367e-12
226 6.02667e-07 -0.866025
227 6.05333e-07 -0.866025
228 6.08e-07 8.36189e-12
229 6.10667e-07 0.866025
230 6.13333e-07 0.866025
231 6.16e-07 -8.62748e-12
232 6.18667e-07 -0.866025
233 6.21333e-07 -0.866025
234 6.24e-07 8.89308e-12
235 6.26667e-07 0.866025
236 6.29333e-07 0.866025
237 6.32e-07 -9.15868e-12
238 6.34667e-07 -0.866025
239 6.37333e-07 -0.866025
240 6.4e-07 9.1969e-12
241 6.42667e-07 0.866025
242 6.45333e-07 0.866025
243 6.48e-07 -9.4625e-12
244 6.50667e-07 -0.866025
245 6.53333e-07 -0.866025
246 6.56e-07 9.72809e-12
247 6.58667e-07 0.866025
248 6.61333e-07 0.866025
249 6.64e-07 -9.76631e-12
250 6.66667e-07 -0.866025
251 6.69333e-07 -0.866025
