0 0 0
1 3.33333e-10 0.658558
2 6.66667e-10 -0.991169
3 1e-09 0.833211
4 1.33333e-09 -0.262863
5 1.66667e-09 -0.437587
6 2e-09 0.921457
7 2.33333e-09 -0.949261
8 2.66667e-09 0.507238
9 3e-09 0.185838
10 3.33333e-09 -0.786935
11 3.66667e-09 0.998546
12 4e-09 -0.715936
13 4.33333e-09 0.0789811
14 4.66667e-09 0.597065
15 5e-09 -0.9776
16 5.33333e-09 0.874281
17 5.66667e-09 -0.338245
18 6e-09 -0.365202
19 6.33333e-09 0.887896
20 6.66667e-09 -0.971134
21 7e-09 0.573719
22 7.33333e-09 0.107652
23 7.66667e-09 -0.735743
24 8e-09 0.999684
25 8.33333e-09 -0.768842
26 8.66667e-09 0.157469
27 9e-09 0.531842
28 9.33333e-09 -0.957923
29 9.66667e-09 0.909889
30 1e-08 -0.411514
31 1.03333e-08 -0.290535
32 1.06667e-08 0.848787
33 1.1e-08 -0.98694
34 1.13333e-08 0.636617
35 1.16667e-08 0.028794
36 1.2e-08 -0.679953
37 1.23333e-08 0.994576
38 1.26667e-08 -0.816944
39 1.3e-08 0.234972
40 1.33333e-08 0.463296
41 1.36667e-08 -0.932261
42 1.4e-08 0.939812
43 1.43333e-08 -0.482212
44 1.46667e-08 -0.214053
45 1.5e-08 0.804376
46 1.53333e-08 -0.99658
47 1.56667e-08 0.695537
48 1.6e-08 -0.0502443
49 1.63333e-08 -0.619916
50 1.66667e-08 0.983255
51 1.7e-08 -0.859941
52 1.73333e-08 0.311008
53 1.76667e-08 0.391855
54 1.8e-08 -0.900774
55 1.83333e-08 0.963863
56 1.86667e-08 -0.549898
57 1.9e-08 -0.136234
58 1.93333e-08 0.754939
59 1.96667e-08 -0.999993
60 2e-08 0.750111
61 2.03333e-08 -0.128969
62 2.06667e-08 -0.556006
63 2.1e-08 0.96579
64 2.13333e-08 -0.897566
65 2.16667e-08 0.385101
66 2.2e-08 0.317967
67 2.23333e-08 -0.86366
68 2.26667e-08 0.981893
69 2.3e-08 -0.614147
70 2.33333e-08 -0.057564
71 2.36667e-08 0.700785
72 2.4e-08 -0.997159
73 2.43333e-08 0.799999
74 2.46667e-08 -0.206887
75 2.5e-08 -0.488621
76 2.53333e-08 0.942291
77 2.56667e-08 -0.929584
78 2.6e-08 0.456787
79 2.63333e-08 0.242091
80 2.66667e-08 -0.821149
81 2.7e-08 0.993787
82 2.73333e-08 -0.67456
83 2.76667e-08 0.0214659
84 2.8e-08 0.642253
85 2.83333e-08 -0.988094
86 2.86667e-08 0.844889
87 2.9e-08 -0.283513
88 2.93333e-08 -0.418184
89 2.96667e-08 0.912905
90 3e-08 -0.955793
91 3.03333e-08 0.52562
92 3.06667e-08 0.164703
93 3.1e-08 -0.773508
94 3.13333e-08 0.999473
95 3.16667e-08 -0.730758
96 3.2e-08 0.100362
97 3.23333e-08 0.579708
98 3.26667e-08 -0.972857
99 3.3e-08 0.8845
100 3.33333e-08 -0.358368
101 3.36667e-08 -0.345134
102 3.4e-08 0.877816
103 3.43333e-08 -0.976031
104 3.46667e-08 0.591169
105 3.5e-08 0.0862864
106 3.53333e-08 -0.721035
107 3.56667e-08 0.998914
108 3.6e-08 -0.782391
109 3.63333e-08 0.17863
110 3.66667e-08 0.513541
111 3.7e-08 -0.951541
112 3.73333e-08 0.918584
113 3.76667e-08 -0.430984
114 3.8e-08 -0.269928
115 3.83333e-08 0.837242
116 3.86667e-08 -0.990171
117 3.9e-08 0.653024
118 3.93333e-08 0.00733032
119 3.96667e-08 -0.664057
120 4e-08 0.992115
121 4.03333e-08 -0.829135
122 4.06667e-08 0.255783
123 4.1e-08 0.444166
124 4.13333e-08 -0.92428
125 4.16667e-08 0.94693
126 4.2e-08 -0.500907
127 4.23333e-08 -0.193036
128 4.26667e-08 0.791437
129 4.3e-08 -0.998124
130 4.33333e-08 0.710799
131 4.36667e-08 -0.0716715
132 4.4e-08 -0.60293
133 4.43333e-08 0.979116
134 4.46667e-08 -0.870699
135 4.5e-08 0.331338
136 4.53333e-08 0.372016
137 4.56667e-08 -0.891244
138 4.6e-08 0.96936
139 4.63333e-08 -0.5677
140 4.66667e-08 -0.114937
141 4.7e-08 0.740687
142 4.73333e-08 -0.999842
143 4.76667e-08 0.764134
144 4.8e-08 -0.150226
145 4.83333e-08 -0.538035
146 4.86667e-08 0.960001
147 4.9e-08 -0.906823
148 4.93333e-08 0.404822
149 4.96667e-08 0.297542
150 5e-08 -0.85264
151 5.03333e-08 0.985733
152 5.06667e-08 -0.630947
153 5.1e-08 -0.0361205
154 5.13333e-08 0.68531
155 5.16667e-08 -0.995312
156 5.2e-08 0.812694
157 5.23333e-08 -0.227841
158 5.26667e-08 -0.46978
159 5.3e-08 0.934888
160 5.33333e-08 -0.937282
161 5.36667e-08 0.475778
162 5.4e-08 0.221208
163 5.43333e-08 -0.808709
164 5.46667e-08 0.995947
165 5.5e-08 -0.690251
166 5.53333e-08 0.0429219
167 5.56667e-08 0.625651
168 5.6e-08 -0.984564
169 5.63333e-08 0.856177
170 5.66667e-08 -0.304033
171 5.7e-08 -0.398589
172 5.73333e-08 0.903933
173 5.76667e-08 -0.961885
174 5.8e-08 0.54376
175 5.83333e-08 0.143493
176 5.86667e-08 -0.759725
177 5.9e-08 0.99994
178 5.93333e-08 -0.745243
179 5.96667e-08 0.121696
180 6e-08 0.562083
181 6.03333e-08 -0.967665
182 6.06667e-08 0.89431
183 6.1e-08 -0.378326
184 6.13333e-08 -0.324908
185 6.16667e-08 0.867331
186 6.2e-08 -0.980478
187 6.23333e-08 0.608346
188 6.26667e-08 0.0648806
189 6.3e-08 -0.705995
190 6.33333e-08 0.997684
191 6.36667e-08 -0.795579
192 6.4e-08 0.19971
193 6.43333e-08 0.495004
194 6.46667e-08 -0.94472
195 6.5e-08 0.926857
196 6.53333e-08 -0.450254
197 6.56667e-08 -0.249197
198 6.6e-08 0.825311
199 6.63333e-08 -0.992945
200 6.66667e-08 0.669131
201 6.7e-08 -0.0141367
202 6.73333e-08 -0.647854
203 6.76667e-08 0.989196
204 6.8e-08 -0.840945
205 6.83333e-08 0.276476
206 6.86667e-08 0.424832
207 6.9e-08 -0.915873
208 6.93333e-08 0.953612
209 6.96667e-08 -0.51937
210 7e-08 -0.171929
211 7.03333e-08 0.778134
212 7.06667e-08 -0.999208
213 7.1e-08 0.725735
214 7.13333e-08 -0.0930657
215 7.16667e-08 -0.585665
216 7.2e-08 0.974527
217 7.23333e-08 -0.881056
218 7.26667e-08 0.351515
219 7.3e-08 0.352005
220 7.33333e-08 -0.881303
221 7.36667e-08 0.974409
222 7.4e-08 -0.585241
223 7.43333e-08 -0.093587
224 7.46667e-08 0.726095
225 7.5e-08 -0.999229
226 7.53333e-08 0.777805
227 7.56667e-08 -0.171413
228 7.6e-08 -0.519817
229 7.63333e-08 0.953769
230 7.66667e-08 -0.915663
231 7.7e-08 0.424357
232 7.73333e-08 0.276979
233 7.76667e-08 -0.841228
234 7.8e-08 0.989119
235 7.83333e-08 -0.647455
236 7.86667e-08 -0.0146602
237 7.9e-08 0.66952
238 7.93333e-08 -0.993007
239 7.96667e-08 0.825015
240 8e-08 -0.24869
241 8.03333e-08 -0.450722
242 8.06667e-08 0.927053
243 8.1e-08 -0.944548
244 8.13333e-08 0.494549
245 8.16667e-08 0.200223
246 8.2e-08 -0.795896
247 8.23333e-08 0.997649
248 8.26667e-08 -0.705624
249 8.3e-08 0.0643581
250 8.33333e-08 0.608761
251 8.36667e-08 -0.98058
252 8.4e-08 0.867071
253 8.43333e-08 -0.324413
254 8.46667e-08 -0.37881
255 8.5e-08 0.894545
256 8.53333e-08 -0.967533
257 8.56667e-08 0.56165
258 8.6e-08 0.122216
259 8.63333e-08 -0.745592
260 8.66667e-08 0.999945
261 8.7e-08 -0.759385
262 8.73333e-08 0.142974
263 8.76667e-08 0.5442
264 8.8e-08 -0.962028
265 8.83333e-08 0.903709
266 8.86667e-08 -0.398109
267 8.9e-08 -0.304532
268 8.93333e-08 0.856447
269 8.96667e-08 -0.984473
270 9e-08 0.625243
271 9.03333e-08 0.043445
272 9.06667e-08 -0.69063
273 9.1e-08 0.995994
274 9.13333e-08 -0.808401
275 9.16667e-08 0.220697
276 9.2e-08 0.476238
277 9.23333e-08 -0.937464
278 9.26667e-08 0.934702
279 9.3e-08 -0.469317
280 9.33333e-08 -0.228351
281 9.36667e-08 0.812999
282 9.4e-08 -0.995261
283 9.43333e-08 0.684929
284 9.46667e-08 -0.0355972
285 9.5e-08 -0.631353
286 9.53333e-08 0.985821
287 9.56667e-08 -0.852366
288 9.6e-08 0.297042
289 9.63333e-08 0.405301
290 9.66667e-08 -0.907044
291 9.7e-08 0.959854
292 9.73333e-08 -0.537594
293 9.76667e-08 -0.150743
294 9.8e-08 0.764472
295 9.83333e-08 -0.999832
296 9.86667e-08 0.740335
297 9.9e-08 -0.114417
298 9.93333e-08 -0.568131
299 9.96667e-08 0.969488
300 1e-07 -0.891007
301 1.00333e-07 0.37153
302 1.00667e-07 0.331832
303 1.01e-07 -0.870957
304 1.01333e-07 0.97901
305 1.01667e-07 -0.602512
306 1.02e-07 -0.0721938
307 1.02333e-07 0.711168
308 1.02667e-07 -0.998156
309 1.03e-07 0.791117
310 1.03333e-07 -0.192522
311 1.03667e-07 -0.50136
312 1.04e-07 0.947098
313 1.04333e-07 -0.92408
314 1.04667e-07 0.443697
315 1.05e-07 0.256289
316 1.05333e-07 -0.829428
317 1.05667e-07 0.992049
318 1.06e-07 -0.663665
319 1.06333e-07 0.00680673
320 1.06667e-07 0.653421
321 1.07e-07 -0.990244
322 1.07333e-07 0.836955
323 1.07667e-07 -0.269424
324 1.08e-07 -0.431456
325 1.08333e-07 0.918791
326 1.08667e-07 -0.95138
327 1.09e-07 0.513092
328 1.09333e-07 0.179146
329 1.09667e-07 -0.782717
330 1.1e-07 0.99889
331 1.10333e-07 -0.720672
332 1.10667e-07 0.0857647
333 1.11e-07 0.591591
334 1.11333e-07 -0.976145
335 1.11667e-07 0.877565
336 1.12e-07 -0.344643
337 1.12333e-07 -0.358857
338 1.12667e-07 0.884744
339 1.13e-07 -0.972735
340 1.13333e-07 0.579281
341 1.13667e-07 0.100883
342 1.14e-07 -0.731116
343 1.14333e-07 0.99949
344 1.14667e-07 -0.773177
345 1.15e-07 0.164187
346 1.15333e-07 0.526066
347 1.15667e-07 -0.955947
348 1.16e-07 0.912692
349 1.16333e-07 -0.417709
350 1.16667e-07 -0.284015
351 1.17e-07 0.845169
352 1.17333e-07 -0.988014
353 1.17667e-07 0.641851
354 1.18e-07 0.0219894
355 1.18333e-07 -0.674947
356 1.18667e-07 0.993845
357 1.19e-07 -0.82085
358 1.19333e-07 0.241583
359 1.19667e-07 0.457253
360 1.2e-07 -0.929776
361 1.20333e-07 0.942116
362 1.20667e-07 -0.488164
363 1.21e-07 -0.2074
364 1.21333e-07 0.800313
365 1.21667e-07 -0.997119
366 1.22e-07 0.700411
367 1.22333e-07 -0.0570413
368 1.22667e-07 -0.614561
369 1.23e-07 0.981992
370 1.23333e-07 -0.863396
371 1.23667e-07 0.31747
372 1.24e-07 0.385584
373 1.24333e-07 -0.897797
374 1.24667e-07 0.965654
375 1.25e-07 -0.55557
376 1.25333e-07 -0.129488
377 1.25667e-07 0.750457
378 1.26e-07 -0.999995
379 1.26333e-07 0.754595
380 1.26667e-07 -0.135716
381 1.27e-07 -0.550335
382 1.27333e-07 0.964003
383 1.27667e-07 -0.900547
384 1.28e-07 0.391374
385 1.28333e-07 0.311506
386 1.28667e-07 -0.860208
387 1.29e-07 0.983159
388 1.29333e-07 -0.619505
389 1.29667e-07 -0.0507672
390 1.3e-07 0.695913
391 1.30333e-07 -0.996623
392 1.30667e-07 0.804064
393 1.31e-07 -0.213542
394 1.31333e-07 -0.482671
395 1.31667e-07 0.939991
396 1.32e-07 -0.932071
397 1.32333e-07 0.462832
398 1.32667e-07 0.235481
399 1.33e-07 -0.817245
400 1.33333e-07 0.994522
401 1.33667e-07 -0.679569
402 1.34e-07 0.0282706
403 1.34333e-07 0.63702
404 1.34667e-07 -0.987024
405 1.35e-07 0.84851
406 1.35333e-07 -0.290034
407 1.35667e-07 -0.411992
408 1.36e-07 0.910106
409 1.36333e-07 -0.957772
410 1.36667e-07 0.531399
411 1.37e-07 0.157986
412 1.37333e-07 -0.769177
413 1.37667e-07 0.999671
414 1.38e-07 -0.735388
415 1.38333e-07 0.107132
416 1.38667e-07 0.574148
417 1.39e-07 -0.971259
418 1.39333e-07 0.887655
419 1.39667e-07 -0.364714
420 1.4e-07 -0.338738
421 1.40333e-07 0.874535
422 1.40667e-07 -0.97749
423 1.41e-07 0.596645
424 1.41333e-07 0.079503
425 1.41667e-07 -0.716302
426 1.42e-07 0.998574
427 1.42333e-07 -0.786612
428 1.42667e-07 0.185324
429 1.43e-07 0.507689
430 1.43333e-07 -0.949425
431 1.43667e-07 0.921253
432 1.44e-07 -0.437116
433 1.44333e-07 -0.263368
434 1.44667e-07 0.8335
435 1.45e-07 -0.9911
436 1.45333e-07 0.658164
437 1.45667e-07 0.000523599
438 1.46e-07 -0.658952
439 1.46333e-07 0.991239
440 1.46667e-07 -0.832921
441 1.47e-07 0.262358
442 1.47333e-07 0.438057
443 1.47667e-07 -0.92166
444 1.48e-07 0.949096
445 1.48333e-07 -0.506786
446 1.48667e-07 -0.186353
447 1.49e-07 0.787258
448 1.49333e-07 -0.998518
449 1.49667e-07 0.715571
450 1.5e-07 -0.0784591
451 1.50333e-07 -0.597485
452 1.50667e-07 0.97771
453 1.51e-07 -0.874027
454 1.51333e-07 0.337752
455 1.51667e-07 0.365689
456 1.52e-07 -0.888136
457 1.52333e-07 0.971009
458 1.52667e-07 -0.57329
459 1.53e-07 -0.108173
460 1.53333e-07 0.736097
461 1.53667e-07 -0.999697
462 1.54e-07 0.768507
463 1.54333e-07 -0.156952
464 1.54667e-07 -0.532285
465 1.55e-07 0.958073
466 1.55333e-07 -0.909672
467 1.55667e-07 0.411037
468 1.56e-07 0.291036
469 1.56333e-07 -0.849064
470 1.56667e-07 0.986856
471 1.57e-07 -0.636213
472 1.57333e-07 -0.0293173
473 1.57667e-07 0.680337
474 1.58e-07 -0.994631
475 1.58333e-07 0.816642
476 1.58667e-07 -0.234463
477 1.59e-07 -0.46376
478 1.59333e-07 0.93245
479 1.59667e-07 -0.939633
480 1.6e-07 0.481754
481 1.60333e-07 0.214565
482 1.60667e-07 -0.804687
483 1.61e-07 0.996537
484 1.61333e-07 -0.69516
485 1.61667e-07 0.0497214
486 1.62e-07 0.620327
487 1.62333e-07 -0.98335
488 1.62667e-07 0.859674
489 1.63e-07 -0.310511
490 1.63333e-07 -0.392337
491 1.63667e-07 0.901001
492 1.64e-07 -0.963724
493 1.64333e-07 0.54946
494 1.64667e-07 0.136753
495 1.65e-07 -0.755282
496 1.65333e-07 0.999991
497 1.65667e-07 -0.749765
498 1.66e-07 0.128449
499 1.66333e-07 0.556441
500 1.66667e-07 -0.965926
501 1.67e-07 0.897335
502 1.67333e-07 -0.384618
503 1.67667e-07 -0.318463
504 1.68e-07 0.863923
505 1.68333e-07 -0.981793
506 1.68667e-07 0.613734
507 1.69e-07 0.0580867
508 1.69333e-07 -0.701158
509 1.69667e-07 0.997198
510 1.7e-07 -0.799685
511 1.70333e-07 0.206375
512 1.70667e-07 0.489078
513 1.71e-07 -0.942467
514 1.71333e-07 0.92939
515 1.71667e-07 -0.456322
516 1.72e-07 -0.242599
517 1.72333e-07 0.821448
518 1.72667e-07 -0.993729
519 1.73e-07 0.674173
520 1.73333e-07 -0.0209424
521 1.73667e-07 -0.642654
522 1.74e-07 0.988175
523 1.74333e-07 -0.844608
524 1.74667e-07 0.283011
525 1.75e-07 0.41866
526 1.75333e-07 -0.913119
527 1.75667e-07 0.955639
528 1.76e-07 -0.525175
529 1.76333e-07 -0.16522
530 1.76667e-07 0.77384
531 1.77e-07 -0.999456
532 1.77333e-07 0.730401
533 1.77667e-07 -0.0998407
534 1.78e-07 -0.580134
535 1.78333e-07 0.972978
536 1.78667e-07 -0.884255
537 1.79e-07 0.357879
538 1.79333e-07 0.345626
539 1.79667e-07 -0.878067
540 1.8e-07 0.975917
541 1.80333e-07 -0.590746
542 1.80667e-07 -0.086808
543 1.81e-07 0.721398
544 1.81333e-07 -0.998939
545 1.81667e-07 0.782065
546 1.82e-07 -0.178115
547 1.82333e-07 -0.51399
548 1.82667e-07 0.951702
549 1.83e-07 -0.918377
550 1.83333e-07 0.430511
551 1.83667e-07 0.270432
552 1.84e-07 -0.837528
553 1.84333e-07 0.990097
554 1.84667e-07 -0.652628
555 1.85e-07 -0.0078539
556 1.85333e-07 0.664448
557 1.85667e-07 -0.99218
558 1.86e-07 0.828842
559 1.86333e-07 -0.255277
560 1.86667e-07 -0.444635
561 1.87e-07 0.92448
562 1.87333e-07 -0.946762
563 1.87667e-07 0.500453
564 1.88e-07 0.193549
565 1.88333e-07 -0.791757
566 1.88667e-07 0.998092
567 1.89e-07 -0.710431
568 1.89333e-07 0.0711493
569 1.89667e-07 0.603347
570 1.9e-07 -0.979223
571 1.90333e-07 0.870442
572 1.90667e-07 -0.330844
573 1.91e-07 -0.372502
574 1.91333e-07 0.891481
575 1.91667e-07 -0.969231
576 1.92e-07 0.567269
577 1.92333e-07 0.115457
578 1.92667e-07 -0.741039
579 1.93e-07 0.999851
580 1.93333e-07 -0.763796
581 1.93667e-07 0.149708
582 1.94e-07 0.538477
583 1.94333e-07 -0.960147
584 1.94667e-07 0.906603
585 1.95e-07 -0.404344
586 1.95333e-07 -0.298041
587 1.95667e-07 0.852914
588 1.96e-07 -0.985645
589 1.96333e-07 0.63054
590 1.96667e-07 0.0366437
591 1.97e-07 -0.685691
592 1.97333e-07 0.995363
593 1.97667e-07 -0.812389
594 1.98e-07 0.227331
595 1.98333e-07 0.470242
596 1.98667e-07 -0.935073
597 1.99e-07 0.937099
598 1.99333e-07 -0.475317
599 1.99667e-07 -0.221719
600 2e-07 0.809017
601 2.00333e-07 -0.9959
602 2.00667e-07 0.689872
603 2.01e-07 -0.0423988
604 2.01333e-07 -0.62606
605 2.01667e-07 0.984656
606 2.02e-07 -0.855906
607 2.02333e-07 0.303534
608 2.02667e-07 0.399069
609 2.03e-07 -0.904157
610 2.03333e-07 0.961741
611 2.03667e-07 -0.543321
612 2.04e-07 -0.144011
613 2.04333e-07 0.760066
614 2.04667e-07 -0.999934
615 2.05e-07 0.744894
616 2.05333e-07 -0.121176
617 2.05667e-07 -0.562516
618 2.06e-07 0.967797
619 2.06333e-07 -0.894076
620 2.06667e-07 0.377841
621 2.07e-07 0.325403
622 2.07333e-07 -0.867592
623 2.07667e-07 0.980375
624 2.08e-07 -0.60793
625 2.08333e-07 -0.0654031
626 2.08667e-07 0.706366
627 2.09e-07 -0.99772
628 2.09333e-07 0.795262
629 2.09667e-07 -0.199197
630 2.1e-07 -0.495459
631 2.10333e-07 0.944892
632 2.10667e-07 -0.92666
633 2.11e-07 0.449787
634 2.11333e-07 0.249704
635 2.11667e-07 -0.825606
636 2.12e-07 0.992883
637 2.12333e-07 -0.668741
638 2.12667e-07 0.0136131
639 2.13e-07 0.648253
640 2.13333e-07 -0.989272
641 2.13667e-07 0.840661
642 2.14e-07 -0.275973
643 2.14333e-07 -0.425305
644 2.14667e-07 0.916083
645 2.15e-07 -0.953454
646 2.15333e-07 0.518922
647 2.15667e-07 0.172445
648 2.16e-07 -0.778462
649 2.16333e-07 0.999187
650 2.16667e-07 -0.725374
651 2.17e-07 0.0925444
652 2.17333e-07 0.58609
653 2.17667e-07 -0.974644
654 2.18e-07 0.880808
655 2.18333e-07 -0.351025
656 2.18667e-07 -0.352495
657 2.19e-07 0.881551
658 2.19333e-07 -0.974291
659 2.19667e-07 0.584816
660 2.2e-07 0.0941083
661 2.20333e-07 -0.726455
662 2.20667e-07 0.999249
663 2.21e-07 -0.777475
664 2.21333e-07 0.170897
665 2.21667e-07 0.520265
666 2.22e-07 -0.953927
667 2.22333e-07 0.915452
668 2.22667e-07 -0.423883
669 2.23e-07 -0.277482
670 2.23333e-07 0.841511
671 2.23667e-07 -0.989042
672 2.24e-07 0.647056
673 2.24333e-07 0.0151838
674 2.24667e-07 -0.669908
675 2.25e-07 0.993068
676 2.25333e-07 -0.824719
677 2.25667e-07 0.248183
678 2.26e-07 0.451189
679 2.26333e-07 -0.927249
680 2.26667e-07 0.944376
681 2.27e-07 -0.494094
682 2.27333e-07 -0.200736
683 2.27667e-07 0.796213
684 2.28e-07 -0.997613
685 2.28333e-07 0.705253
686 2.28667e-07 -0.0638356
687 2.29e-07 -0.609177
688 2.29333e-07 0.980683
689 2.29667e-07 -0.86681
690 2.3e-07 0.323917
691 2.30333e-07 0.379295
692 2.30667e-07 -0.894779
693 2.31e-07 0.9674
694 2.31333e-07 -0.561217
695 2.31667e-07 -0.122735
696 2.32e-07 0.745941
697 2.32333e-07 -0.999951
698 2.32667e-07 0.759044
699 2.33e-07 -0.142456
700 2.33333e-07 -0.544639
701 2.33667e-07 0.96217
702 2.34e-07 -0.903485
703 2.34333e-07 0.397628
704 2.34667e-07 0.305031
705 2.35e-07 -0.856718
706 2.35333e-07 0.984381
707 2.35667e-07 -0.624834
708 2.36e-07 -0.0439681
709 2.36333e-07 0.691009
710 2.36667e-07 -0.996041
711 2.37e-07 0.808093
712 2.37333e-07 -0.220187
713 2.37667e-07 -0.476699
714 2.38e-07 0.937646
715 2.38333e-07 -0.934515
716 2.38667e-07 0.468855
717 2.39e-07 0.228861
718 2.39333e-07 -0.813304
719 2.39667e-07 0.99521
720 2.4e-07 -0.684547
721 2.40333e-07 0.0350739
722 2.40667e-07 0.631759
723 2.41e-07 -0.985909
724 2.41333e-07 0.852093
725 2.41667e-07 -0.296542
726 2.42e-07 -0.40578
727 2.42333e-07 0.907264
728 2.42667e-07 -0.959707
729 2.43e-07 0.537152
730 2.43333e-07 0.151261
731 2.43667e-07 -0.764809
732 2.44e-07 0.999822
733 2.44333e-07 -0.739983
734 2.44667e-07 0.113897
735 2.45e-07 0.568562
736 2.45333e-07 -0.969616
737 2.45667e-07 0.890769
738 2.46e-07 -0.371044
739 2.46333e-07 -0.332326
740 2.46667e-07 0.871214
741 2.47e-07 -0.978903
742 2.47333e-07 0.602094
743 2.47667e-07 0.072716
744 2.48e-07 -0.711536
745 2.48333e-07 0.998188
746 2.48667e-07 -0.790796
747 2.49e-07 0.192008
748 2.49333e-07 0.501813
749 2.49667e-07 -0.947266
750 2.5e-07 0.92388
751 2.50333e-07 -0.443228
752 2.50667e-07 -0.256795
753 2.51e-07 0.82972
754 2.51333e-07 -0.991983
755 2.51667e-07 0.663273
756 2.52e-07 -0.00628314
757 2.52333e-07 -0.653817
758 2.52667e-07 0.990317
759 2.53e-07 -0.836669
760 2.53333e-07 0.26892
761 2.53667e-07 0.431928
762 2.54e-07 -0.918998
763 2.54333e-07 0.951218
764 2.54667e-07 -0.512642
765 2.55e-07 -0.179661
766 2.55333e-07 0.783043
767 2.55667e-07 -0.998865
768 2.56e-07 0.720309
769 2.56333e-07 -0.085243
770 2.56667e-07 -0.592013
771 2.57e-07 0.976258
772 2.57333e-07 -0.877314
773 2.57667e-07 0.344151
774 2.58e-07 0.359345
775 2.58333e-07 -0.884988
776 2.58667e-07 0.972614
777 2.59e-07 -0.578854
778 2.59333e-07 -0.101404
779 2.59667e-07 0.731473
780 2.6e-07 -0.999507
781 2.60333e-07 0.772844
782 2.60667e-07 -0.16367
783 2.61e-07 -0.526511
784 2.61333e-07 0.9561
785 2.61667e-07 -0.912477
786 2.62e-07 0.417233
787 2.62333e-07 0.284517
788 2.62667e-07 -0.845448
789 2.63e-07 0.987933
790 2.63333e-07 -0.64145
791 2.63667e-07 -0.0225128
792 2.64e-07 0.675333
793 2.64333e-07 -0.993903
794 2.64667e-07 0.820551
795 2.65e-07 -0.241075
796 2.65333e-07 -0.457719
797 2.65667e-07 0.929969
798 2.66e-07 -0.94194
799 2.66333e-07 0.487707
800 2.66667e-07 0.207912
801 2.67e-07 -0.800627
802 2.67333e-07 0.997079
803 2.67667e-07 -0.700037
804 2.68e-07 0.0565185
805 2.68333e-07 0.614974
806 2.68667e-07 -0.98209
807 2.69e-07 0.863131
808 2.69333e-07 -0.316974
809 2.69667e-07 -0.386067
810 2.7e-07 0.898028
811 2.70333e-07 -0.965518
812 2.70667e-07 0.555135
813 2.71e-07 0.130007
814 2.71333e-07 -0.750803
815 2.71667e-07 0.999997
816 2.72e-07 -0.754251
817 2.72333e-07 0.135197
818 2.72667e-07 0.550772
819 2.73e-07 -0.964142
820 2.73333e-07 0.900319
821 2.73667e-07 -0.390892
822 2.74e-07 -0.312003
823 2.74333e-07 0.860475
824 2.74667e-07 -0.983064
825 2.75e-07 0.619094
826 2.75333e-07 0.0512902
827 2.75667e-07 -0.696289
828 2.76e-07 0.996666
829 2.76333e-07 -0.803753
830 2.76667e-07 0.21303
831 2.77e-07 0.48313
832 2.77333e-07 -0.940169
833 2.77667e-07 0.931881
834 2.78e-07 -0.462368
835 2.78333e-07 -0.23599
836 2.78667e-07 0.817547
837 2.79e-07 -0.994467
838 2.79333e-07 0.679185
839 2.79667e-07 -0.0277472
840 2.8e-07 -0.637424
841 2.80333e-07 0.987108
842 2.80667e-07 -0.848233
843 2.81e-07 0.289533
844 2.81333e-07 0.412469
845 2.81667e-07 -0.910323
846 2.82e-07 0.957622
847 2.82333e-07 -0.530955
848 2.82667e-07 -0.158503
849 2.83e-07 0.769511
850 2.83333e-07 -0.999657
851 2.83667e-07 0.735033
852 2.84e-07 -0.106611
853 2.84333e-07 -0.574577
854 2.84667e-07 0.971384
855 2.85e-07 -0.887413
856 2.85333e-07 0.364227
857 2.85667e-07 0.339231
858 2.86e-07 -0.874789
859 2.86333e-07 0.977379
860 2.86667e-07 -0.596225
861 2.87e-07 -0.080025
862 2.87333e-07 0.716667
863 2.87667e-07 -0.998602
864 2.88e-07 0.786288
865 2.88333e-07 -0.184809
866 2.88667e-07 -0.50814
867 2.89e-07 0.94959
868 2.89333e-07 -0.92105
869 2.89667e-07 0.436645
870 2.9e-07 0.263873
871 2.90333e-07 -0.833789
872 2.90667e-07 0.99103
873 2.91e-07 -0.65777
874 2.91333e-07 -0.0010472
875 2.91667e-07 0.659346
876 2.92e-07 -0.991308
877 2.92333e-07 0.832631
878 2.92667e-07 -0.261852
879 2.93e-07 -0.438528
880 2.93333e-07 0.921863
881 2.93667e-07 -0.948931
882 2.94e-07 0.506335
883 2.94333e-07 0.186867
884 2.94667e-07 -0.787581
885 2.95e-07 0.998489
886 2.95333e-07 -0.715205
887 2.95667e-07 0.0779371
888 2.96e-07 0.597905
889 2.96333e-07 -0.97782
890 2.96667e-07 0.873772
891 2.97e-07 -0.33726
892 2.97333e-07 -0.366176
893 2.97667e-07 0.888377
894 2.98e-07 -0.970884
895 2.98333e-07 0.572861
896 2.98667e-07 0.108693
897 2.99e-07 -0.736451
898 2.99333e-07 0.99971
899 2.99667e-07 -0.768172
900 3e-07 0.156434
901 3.00333e-07 0.532729
902 3.00667e-07 -0.958223
903 3.01e-07 0.909454
904 3.01333e-07 -0.41056
905 3.01667e-07 -0.291537
906 3.02e-07 0.84934
907 3.02333e-07 -0.986771
908 3.02667e-07 0.635809
909 3.03e-07 0.0298407
910 3.03333e-07 -0.680721
911 3.03667e-07 0.994685
912 3.04e-07 -0.816339
913 3.04333e-07 0.233954
914 3.04667e-07 0.464224
915 3.05e-07 -0.932639
916 3.05333e-07 0.939454
917 3.05667e-07 -0.481295
918 3.06e-07 -0.215076
919 3.06333e-07 0.804997
920 3.06667e-07 -0.996493
921 3.07e-07 0.694784
922 3.07333e-07 -0.0491984
923 3.07667e-07 -0.620737
924 3.08e-07 0.983445
925 3.08333e-07 -0.859406
926 3.08667e-07 0.310013
927 3.09e-07 0.392819
928 3.09333e-07 -0.901228
929 3.09667e-07 0.963584
930 3.1e-07 -0.549023
931 3.10333e-07 -0.137272
932 3.10667e-07 0.755625
933 3.11e-07 -0.999989
934 3.11333e-07 0.749418
935 3.11667e-07 -0.12793
936 3.12e-07 -0.556876
937 3.12333e-07 0.966061
938 3.12667e-07 -0.897104
939 3.13e-07 0.384134
940 3.13333e-07 0.318959
941 3.13667e-07 -0.864187
942 3.14e-07 0.981694
943 3.14333e-07 -0.613321
944 3.14667e-07 -0.0586095
945 3.15e-07 0.701531
946 3.15333e-07 -0.997237
947 3.15667e-07 0.79937
948 3.16e-07 -0.205863
949 3.16333e-07 -0.489535
950 3.16667e-07 0.942641
951 3.17e-07 -0.929197
952 3.17333e-07 0.455856
953 3.17667e-07 0.243107
954 3.18e-07 -0.821746
955 3.18333e-07 0.99367
956 3.18667e-07 -0.673787
957 3.19e-07 0.0204189
958 3.19333e-07 0.643055
959 3.19667e-07 -0.988255
960 3.2e-07 0.844328
961 3.20333e-07 -0.282509
962 3.20667e-07 -0.419135
963 3.21e-07 0.913332
964 3.21333e-07 -0.955485
965 3.21667e-07 0.524729
966 3.22e-07 0.165736
967 3.22333e-07 -0.774172
968 3.22667e-07 0.999439
969 3.23e-07 -0.730043
970 3.23333e-07 0.0993197
971 3.23667e-07 0.580561
972 3.24e-07 -0.973099
973 3.24333e-07 0.884011
974 3.24667e-07 -0.35739
975 3.25e-07 -0.346117
976 3.25333e-07 0.878317
977 3.25667e-07 -0.975802
978 3.26e-07 0.590324
979 3.26333e-07 0.0873296
980 3.26667e-07 -0.72176
981 3.27e-07 0.998963
982 3.27333e-07 -0.781738
983 3.27667e-07 0.1776
984 3.28e-07 0.51444
985 3.28333e-07 -0.951862
986 3.28667e-07 0.91817
987 3.29e-07 -0.430038
988 3.29333e-07 -0.270936
989 3.29667e-07 0.837814
990 3.3e-07 -0.990024
991 3.30333e-07 0.652231
992 3.30667e-07 0.00837748
993 3.31e-07 -0.664839
994 3.31333e-07 0.992245
995 3.31667e-07 -0.828549
996 3.32e-07 0.254771
997 3.32333e-07 0.445104
998 3.32667e-07 -0.924679
999 3.33e-07 0.946593
1000 3.33333e-07 -0.5
1001 3.33667e-07 -0.194063
1002 3.34e-07 0.792077
1003 3.34333e-07 -0.998059
1004 3.34667e-07 0.710062
1005 3.35e-07 -0.070627
1006 3.35333e-07 -0.603765
1007 3.35667e-07 0.979329
1008 3.36e-07 -0.870184
1009 3.36333e-07 0.33035
1010 3.36667e-07 0.372988
1011 3.37e-07 -0.891719
1012 3.37333e-07 0.969102
1013 3.37667e-07 -0.566838
1014 3.38e-07 -0.115977
1015 3.38333e-07 0.741391
1016 3.38667e-07 -0.99986
1017 3.39e-07 0.763458
1018 3.39333e-07 -0.14919
1019 3.39667e-07 -0.538918
1020 3.4e-07 0.960294
1021 3.40333e-07 -0.906382
1022 3.40667e-07 0.403865
1023 3.41e-07 0.298541
1024 3.41333e-07 -0.853187
1025 3.41667e-07 0.985556
1026 3.42e-07 -0.630134
1027 3.42333e-07 -0.037167
1028 3.42667e-07 0.686072
1029 3.43e-07 -0.995413
1030 3.43333e-07 0.812084
1031 3.43667e-07 -0.226821
1032 3.44e-07 -0.470704
1033 3.44333e-07 0.935259
1034 3.44667e-07 -0.936916
1035 3.45e-07 0.474856
1036 3.45333e-07 0.222229
1037 3.45667e-07 -0.809325
1038 3.46e-07 0.995853
1039 3.46333e-07 -0.689493
1040 3.46667e-07 0.0418757
1041 3.47e-07 0.626468
1042 3.47333e-07 -0.984747
1043 3.47667e-07 0.855635
1044 3.48e-07 -0.303035
1045 3.48333e-07 -0.399549
1046 3.48667e-07 0.904381
1047 3.49e-07 -0.961598
1048 3.49333e-07 0.542881
1049 3.49667e-07 0.144529
1050 3.5e-07 -0.760406
1051 3.50333e-07 0.999927
1052 3.50667e-07 -0.744545
1053 3.51e-07 0.120657
1054 3.51333e-07 0.562949
1055 3.51667e-07 -0.967929
1056 3.52e-07 0.893841
1057 3.52333e-07 -0.377356
1058 3.52667e-07 -0.325898
1059 3.53e-07 0.867852
1060 3.53333e-07 -0.980271
1061 3.53667e-07 0.607514
1062 3.54e-07 0.0659256
1063 3.54333e-07 -0.706736
1064 3.54667e-07 0.997755
1065 3.55e-07 -0.794944
1066 3.55333e-07 0.198684
1067 3.55667e-07 0.495913
1068 3.56e-07 -0.945063
1069 3.56333e-07 0.926463
1070 3.56667e-07 -0.449319
1071 3.57e-07 -0.250211
1072 3.57333e-07 0.825902
1073 3.57667e-07 -0.99282
1074 3.58e-07 0.668352
1075 3.58333e-07 -0.0130896
1076 3.58667e-07 -0.648651
1077 3.59e-07 0.989349
1078 3.59333e-07 -0.840377
1079 3.59667e-07 0.27547
1080 3.6e-07 0.425779
1081 3.60333e-07 -0.916293
1082 3.60667e-07 0.953296
1083 3.61e-07 -0.518475
1084 3.61333e-07 -0.172961
1085 3.61667e-07 0.778791
1086 3.62e-07 -0.999166
1087 3.62333e-07 0.725014
1088 3.62667e-07 -0.092023
1089 3.63e-07 -0.586514
1090 3.63333e-07 0.974761
1091 3.63667e-07 -0.88056
1092 3.64e-07 0.350534
1093 3.64333e-07 0.352985
1094 3.64667e-07 -0.881798
1095 3.65e-07 0.974173
1096 3.65333e-07 -0.584391
1097 3.65667e-07 -0.0946296
1098 3.66e-07 0.726814
1099 3.66333e-07 -0.99927
1100 3.66667e-07 0.777146
1101 3.67e-07 -0.170381
1102 3.67333e-07 -0.520712
1103 3.67667e-07 0.954084
1104 3.68e-07 -0.915241
1105 3.68333e-07 0.423409
1106 3.68667e-07 0.277985
1107 3.69e-07 -0.841794
1108 3.69333e-07 0.988964
1109 3.69667e-07 -0.646657
1110 3.7e-07 -0.0157073
1111 3.70333e-07 0.670297
1112 3.70667e-07 -0.99313
1113 3.71e-07 0.824423
1114 3.71333e-07 -0.247675
1115 3.71667e-07 -0.451656
1116 3.72e-07 0.927445
1117 3.72333e-07 -0.944204
1118 3.72667e-07 0.493638
1119 3.73e-07 0.201249
1120 3.73333e-07 -0.79653
1121 3.73667e-07 0.997576
1122 3.74e-07 -0.704882
1123 3.74333e-07 0.0633131
1124 3.74667e-07 0.609592
1125 3.75e-07 -0.980785
1126 3.75333e-07 0.866549
1127 3.75667e-07 -0.323422
1128 3.76e-07 -0.379779
1129 3.76333e-07 0.895012
1130 3.76667e-07 -0.967268
1131 3.77e-07 0.560784
1132 3.77333e-07 0.123255
1133 3.77667e-07 -0.74629
1134 3.78e-07 0.999956
1135 3.78333e-07 -0.758703
1136 3.78667e-07 0.141938
1137 3.79e-07 0.545078
1138 3.79333e-07 -0.962313
1139 3.79667e-07 0.90326
1140 3.8e-07 -0.397148
1141 3.80333e-07 -0.305529
1142 3.80667e-07 0.856987
1143 3.81e-07 -0.984288
1144 3.81333e-07 0.624425
1145 3.81667e-07 0.0444912
1146 3.82e-07 -0.691387
1147 3.82333e-07 0.996087
1148 3.82667e-07 -0.807784
1149 3.83e-07 0.219676
1150 3.83333e-07 0.477159
1151 3.83667e-07 -0.937828
1152 3.84e-07 0.934329
1153 3.84333e-07 -0.468392
1154 3.84667e-07 -0.22937
1155 3.85e-07 0.813608
1156 3.85333e-07 -0.995159
1157 3.85667e-07 0.684165
1158 3.86e-07 -0.0345506
1159 3.86333e-07 -0.632165
1160 3.86667e-07 0.985996
1161 3.87e-07 -0.851818
1162 3.87333e-07 0.296041
1163 3.87667e-07 0.406258
1164 3.88e-07 -0.907484
1165 3.88333e-07 0.95956
1166 3.88667e-07 -0.536711
1167 3.89e-07 -0.151778
1168 3.89333e-07 0.765146
1169 3.89667e-07 -0.999812
1170 3.9e-07 0.739631
1171 3.90333e-07 -0.113377
1172 3.90667e-07 -0.568993
1173 3.91e-07 0.969744
1174 3.91333e-07 -0.890531
1175 3.91667e-07 0.370557
1176 3.92e-07 0.33282
1177 3.92333e-07 -0.871471
1178 3.92667e-07 0.978796
1179 3.93e-07 -0.601676
1180 3.93333e-07 -0.0732382
1181 3.93667e-07 0.711903
1182 3.94e-07 -0.998219
1183 3.94333e-07 0.790476
1184 3.94667e-07 -0.191494
1185 3.95e-07 -0.502266
1186 3.95333e-07 0.947434
1187 3.95667e-07 -0.923679
1188 3.96e-07 0.442758
1189 3.96333e-07 0.257301
1190 3.96667e-07 -0.830012
1191 3.97e-07 0.991917
1192 3.97333e-07 -0.662881
1193 3.97667e-07 0.00575955
1194 3.98e-07 0.654213
1195 3.98333e-07 -0.990389
1196 3.98667e-07 0.836382
1197 3.99e-07 -0.268415
1198 3.99333e-07 -0.432401
1199 3.99667e-07 0.919204
1200 4e-07 -0.951057
1201 4.00333e-07 0.512193
1202 4.00667e-07 0.180176
1203 4.01e-07 -0.783368
1204 4.01333e-07 0.99884
1205 4.01667e-07 -0.719946
1206 4.02e-07 0.0847213
1207 4.02333e-07 0.592435
1208 4.02667e-07 -0.976371
1209 4.03e-07 0.877062
1210 4.03333e-07 -0.34366
1211 4.03667e-07 -0.359834
1212 4.04e-07 0.885231
1213 4.04333e-07 -0.972492
1214 4.04667e-07 0.578427
1215 4.05e-07 0.101924
1216 4.05333e-07 -0.73183
1217 4.05667e-07 0.999523
1218 4.06e-07 -0.772512
1219 4.06333e-07 0.163154
1220 4.06667e-07 0.526956
1221 4.07e-07 -0.956254
1222 4.07333e-07 0.912263
1223 4.07667e-07 -0.416757
1224 4.08e-07 -0.285019
1225 4.08333e-07 0.845728
1226 4.08667e-07 -0.987852
1227 4.09e-07 0.641048
1228 4.09333e-07 0.0230363
1229 4.09667e-07 -0.675719
1230 4.1e-07 0.993961
1231 4.10333e-07 -0.820252
1232 4.10667e-07 0.240567
1233 4.11e-07 0.458184
1234 4.11333e-07 -0.930161
1235 4.11667e-07 0.941764
1236 4.12e-07 -0.48725
1237 4.12333e-07 -0.208424
1238 4.12667e-07 0.80094
1239 4.13e-07 -0.997039
1240 4.13333e-07 0.699663
1241 4.13667e-07 -0.0559958
1242 4.14e-07 -0.615386
1243 4.14333e-07 0.982189
1244 4.14667e-07 -0.862867
1245 4.15e-07 0.316477
1246 4.15333e-07 0.38655
1247 4.15667e-07 -0.898258
1248 4.16e-07 0.965382
1249 4.16333e-07 -0.554699
1250 4.16667e-07 -0.130526
1251 4.17e-07 0.751149
1252 4.17333e-07 -0.999998
1253 4.17667e-07 0.753907
1254 4.18e-07 -0.134678
1255 4.18333e-07 -0.551209
1256 4.18667e-07 0.964281
1257 4.19e-07 -0.900091
1258 4.19333e-07 0.39041
1259 4.19667e-07 0.312501
1260 4.2e-07 -0.860742
1261 4.20333e-07 0.982967
1262 4.20667e-07 -0.618683
1263 4.21e-07 -0.0518131
1264 4.21333e-07 0.696664
1265 4.21667e-07 -0.996709
1266 4.22e-07 0.803441
1267 4.22333e-07 -0.212519
1268 4.22667e-07 -0.483588
1269 4.23e-07 0.940348
1270 4.23333e-07 -0.931691
1271 4.23667e-07 0.461903
1272 4.24e-07 0.236499
1273 4.24333e-07 -0.817849
1274 4.24667e-07 0.994412
1275 4.25e-07 -0.678801
1276 4.25333e-07 0.0272238
1277 4.25667e-07 0.637827
1278 4.26e-07 -0.987192
1279 4.26333e-07 0.847956
1280 4.26667e-07 -0.289032
1281 4.27e-07 -0.412945
1282 4.27333e-07 0.910539
1283 4.27667e-07 -0.957471
1284 4.28e-07 0.530511
1285 4.28333e-07 0.15902
1286 4.28667e-07 -0.769845
1287 4.29e-07 0.999643
1288 4.29333e-07 -0.734678
1289 4.29667e-07 0.106091
1290 4.3e-07 0.575005
1291 4.30333e-07 -0.971508
1292 4.30667e-07 0.887172
1293 4.31e-07 -0.363739
1294 4.31333e-07 -0.339723
1295 4.31667e-07 0.875042
1296 4.32e-07 -0.977268
1297 4.32333e-07 0.595804
1298 4.32667e-07 0.0805469
1299 4.33e-07 -0.717032
1300 4.33333e-07 0.99863
1301 4.33667e-07 -0.785965
1302 4.34e-07 0.184294
1303 4.34333e-07 0.508591
1304 4.34667e-07 -0.949754
1305 4.35e-07 0.920845
1306 4.35333e-07 -0.436174
1307 4.35667e-07 -0.264378
1308 4.36e-07 0.834078
1309 4.36333e-07 -0.99096
1310 4.36667e-07 0.657375
1311 4.37e-07 0.0015708
1312 4.37333e-07 -0.659739
1313 4.37667e-07 0.991376
1314 4.38e-07 -0.832341
1315 4.38333e-07 0.261347
1316 4.38667e-07 0.438999
1317 4.39e-07 -0.922066
1318 4.39333e-07 0.948766
1319 4.39667e-07 -0.505883
1320 4.4e-07 -0.187381
1321 4.40333e-07 0.787903
1322 4.40667e-07 -0.99846
1323 4.41e-07 0.714839
1324 4.41333e-07 -0.0774151
1325 4.41667e-07 -0.598325
1326 4.42e-07 0.977929
1327 4.42333e-07 -0.873517
1328 4.42667e-07 0.336767
1329 4.43e-07 0.366664
1330 4.43333e-07 -0.888617
1331 4.43667e-07 0.970758
1332 4.44e-07 -0.572432
1333 4.44333e-07 -0.109214
1334 4.44667e-07 0.736806
1335 4.45e-07 -0.999722
1336 4.45333e-07 0.767836
1337 4.45667e-07 -0.155917
1338 4.46e-07 -0.533172
1339 4.46333e-07 0.958372
1340 4.46667e-07 -0.909236
1341 4.47e-07 0.410082
1342 4.47333e-07 0.292038
1343 4.47667e-07 -0.849617
1344 4.48e-07 0.986686
1345 4.48333e-07 -0.635405
1346 4.48667e-07 -0.0303641
1347 4.49e-07 0.681104
1348 4.49333e-07 -0.994739
1349 4.49667e-07 0.816037
1350 4.5e-07 -0.233445
1351 4.50333e-07 -0.464688
1352 4.50667e-07 0.932828
1353 4.51e-07 -0.939274
1354 4.51333e-07 0.480836
1355 4.51667e-07 0.215588
1356 4.52e-07 -0.805308
1357 4.52333e-07 0.996449
1358 4.52667e-07 -0.694407
1359 4.53e-07 0.0486754
1360 4.53333e-07 0.621148
1361 4.53667e-07 -0.98354
1362 4.54e-07 0.859139
1363 4.54333e-07 -0.309515
1364 4.54667e-07 -0.3933
1365 4.55e-07 0.901455
1366 4.55333e-07 -0.963444
1367 4.55667e-07 0.548585
1368 4.56e-07 0.13779
1369 4.56333e-07 -0.755968
1370 4.56667e-07 0.999986
1371 4.57e-07 -0.749071
1372 4.57333e-07 0.127411
1373 4.57667e-07 0.55731
1374 4.58e-07 -0.966196
1375 4.58333e-07 0.896873
1376 4.58667e-07 -0.383651
1377 4.59e-07 -0.319456
1378 4.59333e-07 0.86445
1379 4.59667e-07 -0.981594
1380 4.6e-07 0.612907
1381 4.60333e-07 0.0591321
1382 4.60667e-07 -0.701904
1383 4.61e-07 0.997276
1384 4.61333e-07 -0.799055
1385 4.61667e-07 0.20535
1386 4.62e-07 0.489991
1387 4.62333e-07 -0.942816
1388 4.62667e-07 0.929003
1389 4.63e-07 -0.45539
1390 4.63333e-07 -0.243615
1391 4.63667e-07 0.822045
1392 4.64e-07 -0.993611
1393 4.64333e-07 0.6734
1394 4.64667e-07 -0.0198954
1395 4.65e-07 -0.643456
1396 4.65333e-07 0.988335
1397 4.65667e-07 -0.844047
1398 4.66e-07 0.282007
1399 4.66333e-07 0.419611
1400 4.66667e-07 -0.913545
1401 4.67e-07 0.95533
1402 4.67333e-07 -0.524283
1403 4.67667e-07 -0.166252
1404 4.68e-07 0.774503
1405 4.68333e-07 -0.999421
1406 4.68667e-07 0.729685
1407 4.69e-07 -0.0987987
1408 4.69333e-07 -0.580987
1409 4.69667e-07 0.973219
1410 4.7e-07 -0.883766
1411 4.70333e-07 0.356901
1412 4.70667e-07 0.346608
1413 4.71e-07 -0.878567
1414 4.71333e-07 0.975688
1415 4.71667e-07 -0.589901
1416 4.72e-07 -0.0878512
1417 4.72333e-07 0.722123
1418 4.72667e-07 -0.998986
1419 4.73e-07 0.781412
1420 4.73333e-07 -0.177085
1421 4.73667e-07 -0.514888
1422 4.74e-07 0.952023
1423 4.74333e-07 -0.917962
1424 4.74667e-07 0.429566
1425 4.75e-07 0.27144
1426 4.75333e-07 -0.8381
1427 4.75667e-07 0.98995
1428 4.76e-07 -0.651834
1429 4.76333e-07 -0.00890106
1430 4.76667e-07 0.66523
1431 4.77e-07 -0.99231
1432 4.77333e-07 0.828256
1433 4.77667e-07 -0.254264
1434 4.78e-07 -0.445573
1435 4.78333e-07 0.924878
1436 4.78667e-07 -0.946424
1437 4.79e-07 0.499546
1438 4.79333e-07 0.194577
1439 4.79667e-07 -0.792396
1440 4.8e-07 0.998027
1441 4.80333e-07 -0.709694
1442 4.80667e-07 0.0701047
1443 4.81e-07 0.604182
1444 4.81333e-07 -0.979435
1445 4.81667e-07 0.869926
1446 4.82e-07 -0.329855
1447 4.82333e-07 -0.373474
1448 4.82667e-07 0.891955
1449 4.83e-07 -0.968973
1450 4.83333e-07 0.566406
1451 4.83667e-07 0.116497
1452 4.84e-07 -0.741742
1453 4.84333e-07 0.999868
1454 4.84667e-07 -0.76312
1455 4.85e-07 0.148672
1456 4.85333e-07 0.539359
1457 4.85667e-07 -0.96044
1458 4.86e-07 0.90616
1459 4.86333e-07 -0.403386
1460 4.86667e-07 -0.299041
1461 4.87e-07 0.85346
1462 4.87333e-07 -0.985467
1463 4.87667e-07 0.629727
1464 4.88e-07 0.0376902
1465 4.88333e-07 -0.686453
1466 4.88667e-07 0.995463
1467 4.89e-07 -0.811778
1468 4.89333e-07 0.226311
1469 4.89667e-07 0.471166
1470 4.9e-07 -0.935444
1471 4.90333e-07 0.936733
1472 4.90667e-07 -0.474396
1473 4.91e-07 -0.22274
1474 4.91333e-07 0.809632
1475 4.91667e-07 -0.995805
1476 4.92e-07 0.689114
1477 4.92333e-07 -0.0413525
1478 4.92667e-07 -0.626876
1479 4.93e-07 0.984838
1480 4.93333e-07 -0.855364
1481 4.93667e-07 0.302536
1482 4.94e-07 0.400029
1483 4.94333e-07 -0.904604
1484 4.94667e-07 0.961454
1485 4.95e-07 -0.542442
1486 4.95333e-07 -0.145047
1487 4.95667e-07 0.760746
1488 4.96e-07 -0.999921
1489 4.96333e-07 0.744195
1490 4.96667e-07 -0.120137
1491 4.97e-07 -0.563382
1492 4.97333e-07 0.96806
1493 4.97667e-07 -0.893607
1494 4.98e-07 0.376871
1495 4.98333e-07 0.326393
1496 4.98667e-07 -0.868112
1497 4.99e-07 0.980168
1498 4.99333e-07 -0.607098
1499 4.99667e-07 -0.066448
1500 5e-07 0.707107
1501 5.00333e-07 -0.99779
1502 5.00667e-07 0.794627
1503 5.01e-07 -0.198171
1504 5.01333e-07 -0.496368
1505 5.01667e-07 0.945234
1506 5.02e-07 -0.926266
1507 5.02333e-07 0.448851
1508 5.02667e-07 0.250718
1509 5.03e-07 -0.826197
1510 5.03333e-07 0.992757
1511 5.03667e-07 -0.667962
1512 5.04e-07 0.012566
1513 5.04333e-07 0.64905
1514 5.04667e-07 -0.989425
1515 5.05e-07 0.840094
1516 5.05333e-07 -0.274966
1517 5.05667e-07 -0.426253
1518 5.06e-07 0.916502
1519 5.06333e-07 -0.953138
1520 5.06667e-07 0.518027
1521 5.07e-07 0.173476
1522 5.07333e-07 -0.779119
1523 5.07667e-07 0.999145
1524 5.08e-07 -0.724653
1525 5.08333e-07 0.0915016
1526 5.08667e-07 0.586938
1527 5.09e-07 -0.974878
1528 5.09333e-07 0.880312
1529 5.09667e-07 -0.350044
1530 5.1e-07 -0.353475
1531 5.10333e-07 0.882045
1532 5.10667e-07 -0.974055
1533 5.11e-07 0.583966
1534 5.11333e-07 0.0951508
1535 5.11667e-07 -0.727174
1536 5.12e-07 0.999289
1537 5.12333e-07 -0.776816
1538 5.12667e-07 0.169866
1539 5.13e-07 0.521159
1540 5.13333e-07 -0.95424
1541 5.13667e-07 0.91503
1542 5.14e-07 -0.422935
1543 5.14333e-07 -0.278488
1544 5.14667e-07 0.842076
1545 5.15e-07 -0.988886
1546 5.15333e-07 0.646257
1547 5.15667e-07 0.0162308
1548 5.16e-07 -0.670686
1549 5.16333e-07 0.993191
1550 5.16667e-07 -0.824126
1551 5.17e-07 0.247168
1552 5.17333e-07 0.452123
1553 5.17667e-07 -0.927641
1554 5.18e-07 0.944031
1555 5.18333e-07 -0.493183
1556 5.18667e-07 -0.201762
1557 5.19e-07 0.796846
1558 5.19333e-07 -0.99754
1559 5.19667e-07 0.70451
1560 5.2e-07 -0.0627905
1561 5.20333e-07 -0.610007
1562 5.20667e-07 0.980887
1563 5.21e-07 -0.866287
1564 5.21333e-07 0.322927
1565 5.21667e-07 0.380263
1566 5.22e-07 -0.895246
1567 5.22333e-07 0.967135
1568 5.22667e-07 -0.56035
1569 5.23e-07 -0.123775
1570 5.23333e-07 0.746638
1571 5.23667e-07 -0.99996
1572 5.24e-07 0.758362
1573 5.24333e-07 -0.14142
1574 5.24667e-07 -0.545517
1575 5.25e-07 0.962455
1576 5.25333e-07 -0.903036
1577 5.25667e-07 0.396667
1578 5.26e-07 0.306028
1579 5.26333e-07 -0.857257
1580 5.26667e-07 0.984196
1581 5.27e-07 -0.624016
1582 5.27333e-07 -0.0450143
1583 5.27667e-07 0.691765
1584 5.28e-07 -0.996134
1585 5.28333e-07 0.807475
1586 5.28667e-07 -0.219165
1587 5.29e-07 -0.477619
1588 5.29333e-07 0.93801
1589 5.29667e-07 -0.934142
1590 5.3e-07 0.46793
1591 5.30333e-07 0.22988
1592 5.30667e-07 -0.813913
1593 5.31e-07 0.995107
1594 5.31333e-07 -0.683783
1595 5.31667e-07 0.0340274
1596 5.32e-07 0.63257
1597 5.32333e-07 -0.986083
1598 5.32667e-07 0.851544
1599 5.33e-07 -0.295541
1600 5.33333e-07 -0.406737
1601 5.33667e-07 0.907704
1602 5.34e-07 -0.959412
1603 5.34333e-07 0.536269
1604 5.34667e-07 0.152296
1605 5.35e-07 -0.765483
1606 5.35333e-07 0.999802
1607 5.35667e-07 -0.739279
1608 5.36e-07 0.112856
1609 5.36333e-07 0.569423
1610 5.36667e-07 -0.969872
1611 5.37e-07 0.890292
1612 5.37333e-07 -0.370071
1613 5.37667e-07 -0.333313
1614 5.38e-07 0.871727
1615 5.38333e-07 -0.978689
1616 5.38667e-07 0.601257
1617 5.39e-07 0.0737604
1618 5.39333e-07 -0.712271
1619 5.39667e-07 0.99825
1620 5.4e-07 -0.790155
1621 5.40333e-07 0.19098
1622 5.40667e-07 0.502718
1623 5.41e-07 -0.947601
1624 5.41333e-07 0.923478
1625 5.41667e-07 -0.442289
1626 5.42e-07 -0.257807
1627 5.42333e-07 0.830304
1628 5.42667e-07 -0.99185
1629 5.43e-07 0.662489
1630 5.43333e-07 -0.00523596
1631 5.43667e-07 -0.654609
1632 5.44e-07 0.990461
1633 5.44333e-07 -0.836095
1634 5.44667e-07 0.267911
1635 5.45e-07 0.432873
1636 5.45333e-07 -0.91941
1637 5.45667e-07 0.950895
1638 5.46e-07 -0.511743
1639 5.46333e-07 -0.180691
1640 5.46667e-07 0.783693
1641 5.47e-07 -0.998815
1642 5.47333e-07 0.719582
1643 5.47667e-07 -0.0841996
1644 5.48e-07 -0.592857
1645 5.48333e-07 0.976485
1646 5.48667e-07 -0.876811
1647 5.49e-07 0.343168
1648 5.49333e-07 0.360322
1649 5.49667e-07 -0.885475
1650 5.5e-07 0.97237
1651 5.50333e-07 -0.578
1652 5.50667e-07 -0.102445
1653 5.51e-07 0.732186
1654 5.51333e-07 -0.999539
1655 5.51667e-07 0.772179
1656 5.52e-07 -0.162637
1657 5.52333e-07 -0.527401
1658 5.52667e-07 0.956407
1659 5.53e-07 -0.912049
1660 5.53333e-07 0.416281
1661 5.53667e-07 0.285521
1662 5.54e-07 -0.846007
1663 5.54333e-07 0.98777
1664 5.54667e-07 -0.640646
1665 5.55e-07 -0.0235598
1666 5.55333e-07 0.676105
1667 5.55667e-07 -0.994018
1668 5.56e-07 0.819952
1669 5.56333e-07 -0.240059
1670 5.56667e-07 -0.45865
1671 5.57e-07 0.930354
1672 5.57333e-07 -0.941588
1673 5.57667e-07 0.486793
1674 5.58e-07 0.208936
1675 5.58333e-07 -0.801254
1676 5.58667e-07 0.996999
1677 5.59e-07 -0.699289
1678 5.59333e-07 0.055473
1679 5.59667e-07 0.615799
1680 5.6e-07 -0.982287
1681 5.60333e-07 0.862602
1682 5.60667e-07 -0.31598
1683 5.61e-07 -0.387033
1684 5.61333e-07 0.898488
1685 5.61667e-07 -0.965245
1686 5.62e-07 0.554263
1687 5.62333e-07 0.131045
1688 5.62667e-07 -0.751494
1689 5.63e-07 0.999999
1690 5.63333e-07 -0.753563
1691 5.63667e-07 0.134159
1692 5.64e-07 0.551646
1693 5.64333e-07 -0.964419
1694 5.64667e-07 0.899863
1695 5.65e-07 -0.389928
1696 5.65333e-07 -0.312998
1697 5.65667e-07 0.861008
1698 5.66e-07 -0.982871
1699 5.66333e-07 0.618271
1700 5.66667e-07 0.052336
1701 5.67e-07 -0.69704
1702 5.67333e-07 0.996751
1703 5.67667e-07 -0.80313
1704 5.68e-07 0.212007
1705 5.68333e-07 0.484046
1706 5.68667e-07 -0.940526
1707 5.69e-07 0.931501
1708 5.69333e-07 -0.461439
1709 5.69667e-07 -0.237008
1710 5.7e-07 0.81815
1711 5.70333e-07 -0.994356
1712 5.70667e-07 0.678416
1713 5.71e-07 -0.0267004
1714 5.71333e-07 -0.638231
1715 5.71667e-07 0.987275
1716 5.72e-07 -0.847678
1717 5.72333e-07 0.288531
1718 5.72667e-07 0.413422
1719 5.73e-07 -0.910756
1720 5.73333e-07 0.957319
1721 5.73667e-07 -0.530067
1722 5.74e-07 -0.159537
1723 5.74333e-07 0.770179
1724 5.74667e-07 -0.999629
1725 5.75e-07 0.734323
1726 5.75333e-07 -0.10557
1727 5.75667e-07 -0.575434
1728 5.76e-07 0.971632
1729 5.76333e-07 -0.88693
1730 5.76667e-07 0.363251
1731 5.77e-07 0.340215
1732 5.77333e-07 -0.875296
1733 5.77667e-07 0.977157
1734 5.78e-07 -0.595384
1735 5.78333e-07 -0.0810687
1736 5.78667e-07 0.717397
1737 5.79e-07 -0.998657
1738 5.79333e-07 0.785641
1739 5.79667e-07 -0.18378
1740 5.8e-07 -0.509041
1741 5.80333e-07 0.949918
1742 5.80667e-07 -0.920641
1743 5.81e-07 0.435702
1744 5.81333e-07 0.264883
1745 5.81667e-07 -0.834367
1746 5.82e-07 0.990889
1747 5.82333e-07 -0.656981
1748 5.82667e-07 -0.00209439
1749 5.83e-07 0.660133
1750 5.83333e-07 -0.991445
1751 5.83667e-07 0.832051
1752 5.84e-07 -0.260842
1753 5.84333e-07 -0.439469
1754 5.84667e-07 0.922268
1755 5.85e-07 -0.9486
1756 5.85333e-07 0.505431
1757 5.85667e-07 0.187896
1758 5.86e-07 -0.788226
1759 5.86333e-07 0.998431
1760 5.86667e-07 -0.714473
1761 5.87e-07 0.076893
1762 5.87333e-07 0.598744
1763 5.87667e-07 -0.978039
1764 5.88e-07 0.873262
1765 5.88333e-07 -0.336274
1766 5.88667e-07 -0.367151
1767 5.89e-07 0.888857
1768 5.89333e-07 -0.970633
1769 5.89667e-07 0.572003
1770 5.9e-07 0.109734
1771 5.90333e-07 -0.737159
1772 5.90667e-07 0.999735
1773 5.91e-07 -0.767501
1774 5.91333e-07 0.1554
1775 5.91667e-07 0.533615
1776 5.92e-07 -0.958522
1777 5.92333e-07 0.909018
1778 5.92667e-07 -0.409605
1779 5.93e-07 -0.292539
1780 5.93333e-07 0.849893
1781 5.93667e-07 -0.986601
1782 5.94e-07 0.635
1783 5.94333e-07 0.0308874
1784 5.94667e-07 -0.681488
1785 5.95e-07 0.994792
1786 5.95333e-07 -0.815734
1787 5.95667e-07 0.232936
1788 5.96e-07 0.465151
1789 5.96333e-07 -0.933016
1790 5.96667e-07 0.939094
1791 5.97e-07 -0.480377
1792 5.97333e-07 -0.216099
1793 5.97667e-07 0.805618
1794 5.98e-07 -0.996405
1795 5.98333e-07 0.69403
1796 5.98667e-07 -0.0481525
1797 5.99e-07 -0.621558
1798 5.99333e-07 0.983634
1799 5.99667e-07 -0.858871
1800 6e-07 0.309017
1801 6.00333e-07 0.393781
1802 6.00667e-07 -0.901682
1803 6.01e-07 0.963303
1804 6.01333e-07 -0.548147
1805 6.01667e-07 -0.138309
1806 6.02e-07 0.75631
1807 6.02333e-07 -0.999983
1808 6.02667e-07 0.748724
1809 6.03e-07 -0.126891
1810 6.03333e-07 -0.557745
1811 6.03667e-07 0.966331
1812 6.04e-07 -0.896641
1813 6.04333e-07 0.383167
1814 6.04667e-07 0.319952
1815 6.05e-07 -0.864713
1816 6.05333e-07 0.981494
1817 6.05667e-07 -0.612493
1818 6.06e-07 -0.0596548
1819 6.06333e-07 0.702277
1820 6.06667e-07 -0.997314
1821 6.07e-07 0.798741
1822 6.07333e-07 -0.204838
1823 6.07667e-07 -0.490448
1824 6.08e-07 0.942991
1825 6.08333e-07 -0.92881
1826 6.08667e-07 0.454923
1827 6.09e-07 0.244123
1828 6.09333e-07 -0.822343
1829 6.09667e-07 0.993552
1830 6.1e-07 -0.673013
1831 6.10333e-07 0.0193719
1832 6.10667e-07 0.643857
1833 6.11e-07 -0.988415
1834 6.11333e-07 0.843766
1835 6.11667e-07 -0.281504
1836 6.12e-07 -0.420086
1837 6.12333e-07 0.913758
1838 6.12667e-07 -0.955175
1839 6.13e-07 0.523837
1840 6.13333e-07 0.166769
1841 6.13667e-07 -0.774834
1842 6.14e-07 0.999403
1843 6.14333e-07 -0.729327
1844 6.14667e-07 0.0982777
1845 6.15e-07 0.581413
1846 6.15333e-07 -0.973339
1847 6.15667e-07 0.883521
1848 6.16e-07 -0.356412
1849 6.16333e-07 -0.347099
1850 6.16667e-07 0.878817
1851 6.17e-07 -0.975573
1852 6.17333e-07 0.589478
1853 6.17667e-07 0.0883728
1854 6.18e-07 -0.722485
1855 6.18333e-07 0.99901
1856 6.18667e-07 -0.781085
1857 6.19e-07 0.176569
1858 6.19333e-07 0.515337
1859 6.19667e-07 -0.952183
1860 6.2e-07 0.917755
1861 6.20333e-07 -0.429093
1862 6.20667e-07 -0.271944
1863 6.21e-07 0.838385
1864 6.21333e-07 -0.989876
1865 6.21667e-07 0.651437
1866 6.22e-07 0.00942464
1867 6.22333e-07 -0.665621
1868 6.22667e-07 0.992375
1869 6.23e-07 -0.827962
1870 6.23333e-07 0.253758
1871 6.23667e-07 0.446042
1872 6.24e-07 -0.925077
1873 6.24333e-07 0.946255
1874 6.24667e-07 -0.499093
1875 6.25e-07 -0.19509
1876 6.25333e-07 0.792715
1877 6.25667e-07 -0.997994
1878 6.26e-07 0.709325
1879 6.26333e-07 -0.0695824
1880 6.26667e-07 -0.604599
1881 6.27e-07 0.97954
1882 6.27333e-07 -0.869667
1883 6.27667e-07 0.329361
1884 6.28e-07 0.373959
1885 6.28333e-07 -0.892192
1886 6.28667e-07 0.968843
1887 6.29e-07 -0.565975
1888 6.29333e-07 -0.117017
1889 6.29667e-07 0.742093
1890 6.3e-07 -0.999877
1891 6.30333e-07 0.762781
1892 6.30667e-07 -0.148155
1893 6.31e-07 -0.5398
1894 6.31333e-07 0.960585
1895 6.31667e-07 -0.905939
1896 6.32e-07 0.402906
1897 6.32333e-07 0.29954
1898 6.32667e-07 -0.853733
1899 6.33e-07 0.985378
1900 6.33333e-07 -0.62932
1901 6.33667e-07 -0.0382134
1902 6.34e-07 0.686834
1903 6.34333e-07 -0.995513
1904 6.34667e-07 0.811472
1905 6.35e-07 -0.225801
1906 6.35333e-07 -0.471628
1907 6.35667e-07 0.935629
1908 6.36e-07 -0.93655
1909 6.36333e-07 0.473935
1910 6.36667e-07 0.22325
1911 6.37e-07 -0.809939
1912 6.37333e-07 0.995757
1913 6.37667e-07 -0.688734
1914 6.38e-07 0.0408294
1915 6.38333e-07 0.627284
1916 6.38667e-07 -0.984929
1917 6.39e-07 0.855093
1918 6.39333e-07 -0.302037
1919 6.39667e-07 -0.400509
1920 6.4e-07 0.904827
1921 6.40333e-07 -0.96131
1922 6.40667e-07 0.542002
1923 6.41e-07 0.145565
1924 6.41333e-07 -0.761086
1925 6.41667e-07 0.999914
1926 6.42e-07 -0.743845
1927 6.42333e-07 0.119617
1928 6.42667e-07 0.563814
1929 6.43e-07 -0.968191
1930 6.43333e-07 0.893371
1931 6.43667e-07 -0.376386
1932 6.44e-07 -0.326888
1933 6.44333e-07 0.868372
1934 6.44667e-07 -0.980064
1935 6.45e-07 0.606682
1936 6.45333e-07 0.0669705
1937 6.45667e-07 -0.707477
1938 6.46e-07 0.997825
1939 6.46333e-07 -0.794309
1940 6.46667e-07 0.197657
1941 6.47e-07 0.496822
1942 6.47333e-07 -0.945405
1943 6.47667e-07 0.926068
1944 6.48e-07 -0.448383
1945 6.48333e-07 -0.251225
1946 6.48667e-07 0.826492
1947 6.49e-07 -0.992694
1948 6.49333e-07 0.667573
1949 6.49667e-07 -0.0120425
1950 6.5e-07 -0.649448
1951 6.50333e-07 0.989501
1952 6.50667e-07 -0.839809
1953 6.51e-07 0.274463
1954 6.51333e-07 0.426727
1955 6.51667e-07 -0.916712
1956 6.52e-07 0.952979
1957 6.52333e-07 -0.517579
1958 6.52667e-07 -0.173992
1959 6.53e-07 0.779447
1960 6.53333e-07 -0.999123
1961 6.53667e-07 0.724292
1962 6.54e-07 -0.0909802
1963 6.54333e-07 -0.587362
1964 6.54667e-07 0.974994
1965 6.55e-07 -0.880063
1966 6.55333e-07 0.349553
1967 6.55667e-07 0.353965
1968 6.56e-07 -0.882291
1969 6.56333e-07 0.973936
1970 6.56667e-07 -0.583541
1971 6.57e-07 -0.095672
1972 6.57333e-07 0.727533
1973 6.57667e-07 -0.999309
1974 6.58e-07 0.776487
1975 6.58333e-07 -0.16935
1976 6.58667e-07 -0.521605
1977 6.59e-07 0.954397
1978 6.59333e-07 -0.914819
1979 6.59667e-07 0.42246
1980 6.6e-07 0.278991
1981 6.60333e-07 -0.842358
1982 6.60667e-07 0.988809
1983 6.61e-07 -0.645858
1984 6.61333e-07 -0.0167544
1985 6.61667e-07 0.671074
1986 6.62e-07 -0.993252
1987 6.62333e-07 0.82383
1988 6.62667e-07 -0.246661
1989 6.63e-07 -0.45259
1990 6.63333e-07 0.927836
1991 6.63667e-07 -0.943859
1992 6.64e-07 0.492727
1993 6.64333e-07 0.202275
1994 6.64667e-07 -0.797163
1995 6.65e-07 0.997503
1996 6.65333e-07 -0.704139
1997 6.65667e-07 0.0622679
1998 6.66e-07 0.610422
1999 6.66333e-07 -0.980989
2000 6.66667e-07 0.866025
2001 6.67e-07 -0.322431
2002 6.67333e-07 -0.380748
2003 6.67667e-07 0.895479
2004 6.68e-07 -0.967001
2005 6.68333e-07 0.559916
2006 6.68667e-07 0.124294
2007 6.69e-07 -0.746986
2008 6.69333e-07 0.999965
2009 6.69667e-07 -0.758021
2010 6.7e-07 0.140901
2011 6.70333e-07 0.545956
2012 6.70667e-07 -0.962597
2013 6.71e-07 0.902811
2014 6.71333e-07 -0.396187
2015 6.71667e-07 -0.306526
