0 0 0
1 3.33333e-10 0.896873
2 6.66667e-10 -0.793353
3 1e-09 -0.19509
4 1.33333e-09 0.965926
5 1.66667e-09 -0.659346
6 2e-09 -0.382683
7 2.33333e-09 0.997859
8 2.66667e-09 -0.5
9 3e-09 -0.55557
10 3.33333e-09 0.991445
11 3.66667e-09 -0.321439
12 4e-09 -0.707107
13 4.33333e-09 0.94693
14 4.66667e-09 -0.130526
15 5e-09 -0.83147
16 5.33333e-09 0.866025
17 5.66667e-09 0.0654031
18 6e-09 -0.92388
19 6.33333e-09 0.75184
20 6.66667e-09 0.258819
21 7e-09 -0.980785
22 7.33333e-09 0.608761
23 7.66667e-09 0.442289
24 8e-09 -1
25 8.33333e-09 0.442289
26 8.66667e-09 0.608761
27 9e-09 -0.980785
28 9.33333e-09 0.258819
29 9.66667e-09 0.75184
30 1e-08 -0.92388
31 1.03333e-08 0.0654031
32 1.06667e-08 0.866025
33 1.1e-08 -0.83147
34 1.13333e-08 -0.130526
35 1.16667e-08 0.94693
36 1.2e-08 -0.707107
37 1.23333e-08 -0.321439
38 1.26667e-08 0.991445
39 1.3e-08 -0.55557
40 1.33333e-08 -0.5
41 1.36667e-08 0.997859
42 1.4e-08 -0.382683
43 1.43333e-08 -0.659346
44 1.46667e-08 0.965926
45 1.5e-08 -0.19509
46 1.53333e-08 -0.793353
47 1.56667e-08 0.896873
48 1.6e-08 6.41924e-14
49 1.63333e-08 -0.896873
50 1.66667e-08 0.793353
51 1.7e-08 0.19509
52 1.73333e-08 -0.965926
53 1.76667e-08 0.659346
54 1.8e-08 0.382683
55 1.83333e-08 -0.997859
56 1.86667e-08 0.5
57 1.9e-08 0.55557
58 1.93333e-08 -0.991445
59 1.96667e-08 0.321439
60 2e-08 0.707107
61 2.03333e-08 -0.94693
62 2.06667e-08 0.130526
63 2.1e-08 0.83147
64 2.13333e-08 -0.866025
65 2.16667e-08 -0.0654031
66 2.2e-08 0.92388
67 2.23333e-08 -0.75184
68 2.26667e-08 -0.258819
69 2.3e-08 0.980785
70 2.33333e-08 -0.608761
71 2.36667e-08 -0.442289
72 2.4e-08 1
73 2.43333e-08 -0.442289
74 2.46667e-08 -0.608761
75 2.5e-08 0.980785
76 2.53333e-08 -0.258819
77 2.56667e-08 -0.75184
78 2.6e-08 0.92388
79 2.63333e-08 -0.0654031
80 2.66667e-08 -0.866025
81 2.7e-08 0.83147
82 2.73333e-08 0.130526
83 2.76667e-08 -0.94693
84 2.8e-08 0.707107
85 2.83333e-08 0.321439
86 2.86667e-08 -0.991445
87 2.9e-08 0.55557
88 2.93333e-08 0.5
89 2.96667e-08 -0.997859
90 3e-08 0.382683
91 3.03333e-08 0.659346
92 3.06667e-08 -0.965926
93 3.1e-08 0.19509
94 3.13333e-08 0.793353
95 3.16667e-08 -0.896873
96 3.2e-08 -4.31197e-14
97 3.23333e-08 0.896873
98 3.26667e-08 -0.793353
99 3.3e-08 -0.19509
100 3.33333e-08 0.965926
101 3.36667e-08 -0.659346
102 3.4e-08 -0.382683
103 3.43333e-08 0.997859
104 3.46667e-08 -0.5
105 3.5e-08 -0.55557
106 3.53333e-08 0.991445
107 3.56667e-08 -0.321439
108 3.6e-08 -0.707107
109 3.63333e-08 0.94693
110 3.66667e-08 -0.130526
111 3.7e-08 -0.83147
112 3.73333e-08 0.866025
113 3.76667e-08 0.0654031
114 3.8e-08 -0.92388
115 3.83333e-08 0.75184
116 3.86667e-08 0.258819
117 3.9e-08 -0.980785
118 3.93333e-08 0.608761
119 3.96667e-08 0.442289
120 4e-08 -1
121 4.03333e-08 0.442289
122 4.06667e-08 0.608761
123 4.1e-08 -0.980785
124 4.13333e-08 0.258819
125 4.16667e-08 0.75184
126 4.2e-08 -0.92388
127 4.23333e-08 0.0654031
128 4.26667e-08 0.866025
129 4.3e-08 -0.83147
130 4.33333e-08 -0.130526
131 4.36667e-08 0.94693
132 4.4e-08 -0.707107
133 4.43333e-08 -0.321439
134 4.46667e-08 0.991445
135 4.5e-08 -0.55557
136 4.53333e-08 -0.5
137 4.56667e-08 0.997859
138 4.6e-08 -0.382683
139 4.63333e-08 -0.659346
140 4.66667e-08 0.965926
141 4.7e-08 -0.19509
142 4.73333e-08 -0.793353
143 4.76667e-08 0.896873
144 4.8e-08 -8.16393e-13
145 4.83333e-08 -0.896873
146 4.86667e-08 0.793353
147 4.9e-08 0.19509
148 4.93333e-08 -0.965926
149 4.96667e-08 0.659346
150 5e-08 0.382683
151 5.03333e-08 -0.997859
152 5.06667e-08 0.5
153 5.1e-08 0.55557
154 5.13333e-08 -0.991445
155 5.16667e-08 0.321439
156 5.2e-08 0.707107
157 5.23333e-08 -0.94693
158 5.26667e-08 0.130526
159 5.3e-08 0.83147
160 5.33333e-08 -0.866025
161 5.36667e-08 -0.0654031
162 5.4e-08 0.92388
163 5.43333e-08 -0.75184
164 5.46667e-08 -0.258819
165 5.5e-08 0.980785
166 5.53333e-08 -0.608761
167 5.56667e-08 -0.442289
168 5.6e-08 1
169 5.63333e-08 -0.442289
170 5.66667e-08 -0.608761
171 5.7e-08 0.980785
172 5.73333e-08 -0.258819
173 5.76667e-08 -0.75184
174 5.8e-08 0.92388
175 5.83333e-08 -0.0654031
176 5.86667e-08 -0.866025
177 5.9e-08 0.83147
178 5.93333e-08 0.130526
179 5.96667e-08 -0.94693
180 6e-08 0.707107
181 6.03333e-08 0.321439
182 6.06667e-08 -0.991445
183 6.1e-08 0.55557
184 6.13333e-08 0.5
185 6.16667e-08 -0.997859
186 6.2e-08 0.382683
187 6.23333e-08 0.659346
188 6.26667e-08 -0.965926
189 6.3e-08 0.19509
190 6.33333e-08 0.793353
191 6.36667e-08 -0.896873
192 6.4e-08 1.67591e-12
193 6.43333e-08 0.896873
194 6.46667e-08 -0.793353
195 6.5e-08 -0.19509
196 6.53333e-08 0.965926
197 6.56667e-08 -0.659346
198 6.6e-08 -0.382683
199 6.63333e-08 0.997859
200 6.66667e-08 -0.5
201 6.7e-08 -0.55557
202 6.73333e-08 0.991445
203 6.76667e-08 -0.321439
204 6.8e-08 -0.707107
205 6.83333e-08 0.94693
206 6.86667e-08 -0.130526
207 6.9e-08 -0.83147
208 6.93333e-08 0.866025
209 6.96667e-08 0.0654031
210 7e-08 -0.92388
211 7.03333e-08 0.75184
212 7.06667e-08 0.258819
213 7.1e-08 -0.980785
214 7.13333e-08 0.608761
215 7.16667e-08 0.442289
216 7.2e-08 -1
217 7.23333e-08 0.442289
218 7.26667e-08 0.608761
219 7.3e-08 -0.980785
220 7.33333e-08 0.258819
221 7.36667e-08 0.75184
222 7.4e-08 -0.92388
223 7.43333e-08 0.0654031
224 7.46667e-08 0.866025
225 7.5e-08 -0.83147
226 7.53333e-08 -0.130526
227 7.56667e-08 0.94693
228 7.6e-08 -0.707107
229 7.63333e-08 -0.321439
230 7.66667e-08 0.991445
231 7.7e-08 -0.55557
232 7.73333e-08 -0.5
233 7.76667e-08 0.997859
234 7.8e-08 -0.382683
235 7.83333e-08 -0.659346
236 7.86667e-08 0.965926
237 7.9e-08 -0.19509
238 7.93333e-08 -0.793353
239 7.96667e-08 0.896873
240 8e-08 -2.53542e-12
241 8.03333e-08 -0.896873
242 8.06667e-08 0.793353
243 8.1e-08 0.19509
244 8.13333e-08 -0.965926
245 8.16667e-08 0.659346
246 8.2e-08 0.382683
247 8.23333e-08 -0.997859
248 8.26667e-08 0.5
249 8.3e-08 0.55557
250 8.33333e-08 -0.991445
251 8.36667e-08 0.321439
252 8.4e-08 0.707107
253 8.43333e-08 -0.94693
254 8.46667e-08 0.130526
255 8.5e-08 0.83147
256 8.53333e-08 -0.866025
257 8.56667e-08 -0.0654031
258 8.6e-08 0.92388
259 8.63333e-08 -0.75184
260 8.66667e-08 -0.258819
261 8.7e-08 0.980785
262 8.73333e-08 -0.608761
263 8.76667e-08 -0.442289
264 8.8e-08 1
265 8.83333e-08 -0.442289
266 8.86667e-08 -0.608761
267 8.9e-08 0.980785
268 8.93333e-08 -0.258819
269 8.96667e-08 -0.75184
270 9e-08 0.92388
271 9.03333e-08 -0.0654031
272 9.06667e-08 -0.866025
273 9.1e-08 0.83147
274 9.13333e-08 0.130526
275 9.16667e-08 -0.94693
276 9.2e-08 0.707107
277 9.23333e-08 0.321439
278 9.26667e-08 -0.991445
279 9.3e-08 0.55557
280 9.33333e-08 0.5
281 9.36667e-08 -0.997859
282 9.4e-08 0.382683
283 9.43333e-08 0.659346
284 9.46667e-08 -0.965926
285 9.5e-08 0.19509
286 9.53333e-08 0.793353
287 9.56667e-08 -0.896873
288 9.6e-08 3.45178e-12
289 9.63333e-08 0.896873
290 9.66667e-08 -0.793353
291 9.7e-08 -0.19509
292 9.73333e-08 0.965926
293 9.76667e-08 -0.659346
294 9.8e-08 -0.382683
295 9.83333e-08 0.997859
296 9.86667e-08 -0.5
297 9.9e-08 -0.55557
298 9.93333e-08 0.991445
299 9.96667e-08 -0.321439
300 1e-07 -0.707107
301 1.00333e-07 0.94693
302 1.00667e-07 -0.130526
303 1.01e-07 -0.83147
304 1.01333e-07 0.866025
305 1.01667e-07 0.0654031
306 1.02e-07 -0.92388
307 1.02333e-07 0.75184
308 1.02667e-07 0.258819
309 1.03e-07 -0.980785
310 1.03333e-07 0.608761
311 1.03667e-07 0.442289
312 1.04e-07 -1
313 1.04333e-07 0.442289
314 1.04667e-07 0.608761
315 1.05e-07 -0.980785
316 1.05333e-07 0.258819
317 1.05667e-07 0.75184
318 1.06e-07 -0.92388
319 1.06333e-07 0.0654031
320 1.06667e-07 0.866025
321 1.07e-07 -0.83147
322 1.07333e-07 -0.130526
323 1.07667e-07 0.94693
324 1.08e-07 -0.707107
325 1.08333e-07 -0.321439
326 1.08667e-07 0.991445
327 1.09e-07 -0.55557
328 1.09333e-07 -0.5
329 1.09667e-07 0.997859
330 1.1e-07 -0.382683
331 1.10333e-07 -0.659346
332 1.10667e-07 0.965926
333 1.11e-07 -0.19509
334 1.11333e-07 -0.793353
335 1.11667e-07 0.896873
336 1.12e-07 -4.25445e-12
337 1.12333e-07 -0.896873
338 1.12667e-07 0.793353
339 1.13e-07 0.19509
340 1.13333e-07 -0.965926
341 1.13667e-07 0.659346
342 1.14e-07 0.382683
343 1.14333e-07 -0.997859
344 1.14667e-07 0.5
345 1.15e-07 0.55557
346 1.15333e-07 -0.991445
347 1.15667e-07 0.321439
348 1.16e-07 0.707107
349 1.16333e-07 -0.94693
350 1.16667e-07 0.130526
351 1.17e-07 0.83147
352 1.17333e-07 -0.866025
353 1.17667e-07 -0.0654031
354 1.18e-07 0.92388
355 1.18333e-07 -0.75184
356 1.18667e-07 -0.258819
357 1.19e-07 0.980785
358 1.19333e-07 -0.608761
359 1.19667e-07 -0.442289
360 1.2e-07 1
361 1.20333e-07 -0.442289
362 1.20667e-07 -0.608761
363 1.21e-07 0.980785
364 1.21333e-07 -0.258819
365 1.21667e-07 -0.75184
366 1.22e-07 0.92388
367 1.22333e-07 -0.0654031
368 1.22667e-07 -0.866025
369 1.23e-07 0.83147
370 1.23333e-07 0.130526
371 1.23667e-07 -0.94693
372 1.24e-07 0.707107
373 1.24333e-07 0.321439
374 1.24667e-07 -0.991445
375 1.25e-07 0.55557
376 1.25333e-07 0.5
377 1.25667e-07 -0.997859
378 1.26e-07 0.382683
379 1.26333e-07 0.659346
380 1.26667e-07 -0.965926
381 1.27e-07 0.19509
382 1.27333e-07 0.793353
383 1.27667e-07 -0.896873
384 1.28e-07 3.01075e-12
385 1.28333e-07 0.896873
386 1.28667e-07 -0.793353
387 1.29e-07 -0.19509
388 1.29333e-07 0.965926
389 1.29667e-07 -0.659346
390 1.3e-07 -0.382683
391 1.30333e-07 0.997859
392 1.30667e-07 -0.5
393 1.31e-07 -0.55557
394 1.31333e-07 0.991445
395 1.31667e-07 -0.321439
396 1.32e-07 -0.707107
397 1.32333e-07 0.94693
398 1.32667e-07 -0.130526
399 1.33e-07 -0.83147
400 1.33333e-07 0.866025
401 1.33667e-07 0.0654031
402 1.34e-07 -0.92388
403 1.34333e-07 0.75184
404 1.34667e-07 0.258819
405 1.35e-07 -0.980785
406 1.35333e-07 0.608761
407 1.35667e-07 0.442289
408 1.36e-07 -1
409 1.36333e-07 0.442289
410 1.36667e-07 0.608761
411 1.37e-07 -0.980785
412 1.37333e-07 0.258819
413 1.37667e-07 0.75184
414 1.38e-07 -0.92388
415 1.38333e-07 0.0654031
416 1.38667e-07 0.866025
417 1.39e-07 -0.83147
418 1.39333e-07 -0.130526
419 1.39667e-07 0.94693
420 1.4e-07 -0.707107
421 1.40333e-07 -0.321439
422 1.40667e-07 0.991445
423 1.41e-07 -0.55557
424 1.41333e-07 -0.5
425 1.41667e-07 0.997859
426 1.42e-07 -0.382683
427 1.42333e-07 -0.659346
428 1.42667e-07 0.965926
429 1.43e-07 -0.19509
430 1.43333e-07 -0.793353
431 1.43667e-07 0.896873
432 1.44e-07 -6.17568e-14
433 1.44333e-07 -0.896873
434 1.44667e-07 0.793353
435 1.45e-07 0.19509
436 1.45333e-07 -0.965926
437 1.45667e-07 0.659346
438 1.46e-07 0.382683
439 1.46333e-07 -0.997859
440 1.46667e-07 0.5
441 1.47e-07 0.55557
442 1.47333e-07 -0.991445
443 1.47667e-07 0.321439
444 1.48e-07 0.707107
445 1.48333e-07 -0.94693
446 1.48667e-07 0.130526
447 1.49e-07 0.83147
448 1.49333e-07 -0.866025
449 1.49667e-07 -0.0654031
450 1.5e-07 0.92388
451 1.50333e-07 -0.75184
452 1.50667e-07 -0.258819
453 1.51e-07 0.980785
454 1.51333e-07 -0.608761
455 1.51667e-07 -0.442289
456 1.52e-07 1
457 1.52333e-07 -0.442289
458 1.52667e-07 -0.608761
459 1.53e-07 0.980785
460 1.53333e-07 -0.258819
461 1.53667e-07 -0.75184
462 1.54e-07 0.92388
463 1.54333e-07 -0.0654031
464 1.54667e-07 -0.866025
465 1.55e-07 0.83147
466 1.55333e-07 0.130526
467 1.55667e-07 -0.94693
468 1.56e-07 0.707107
469 1.56333e-07 0.321439
470 1.56667e-07 -0.991445
471 1.57e-07 0.55557
472 1.57333e-07 0.5
473 1.57667e-07 -0.997859
474 1.58e-07 0.382683
475 1.58333e-07 0.659346
476 1.58667e-07 -0.965926
477 1.59e-07 0.19509
478 1.59333e-07 0.793353
479 1.59667e-07 -0.896873
480 1.6e-07 -2.88724e-12
481 1.60333e-07 0.896873
482 1.60667e-07 -0.793353
483 1.61e-07 -0.19509
484 1.61333e-07 0.965926
485 1.61667e-07 -0.659346
486 1.62e-07 -0.382683
487 1.62333e-07 0.997859
488 1.62667e-07 -0.5
489 1.63e-07 -0.55557
490 1.63333e-07 0.991445
491 1.63667e-07 -0.321439
492 1.64e-07 -0.707107
493 1.64333e-07 0.94693
494 1.64667e-07 -0.130526
495 1.65e-07 -0.83147
496 1.65333e-07 0.866025
497 1.65667e-07 0.0654031
498 1.66e-07 -0.92388
499 1.66333e-07 0.75184
500 1.66667e-07 0.258819
501 1.67e-07 -0.980785
502 1.67333e-07 0.608761
503 1.67667e-07 0.442289
504 1.68e-07 -1
505 1.68333e-07 0.442289
506 1.68667e-07 0.608761
507 1.69e-07 -0.980785
508 1.69333e-07 0.258819
509 1.69667e-07 0.75184
510 1.7e-07 -0.92388
511 1.70333e-07 0.0654031
512 1.70667e-07 0.866025
513 1.71e-07 -0.83147
514 1.71333e-07 -0.130526
515 1.71667e-07 0.94693
516 1.72e-07 -0.707107
517 1.72333e-07 -0.321439
518 1.72667e-07 0.991445
519 1.73e-07 -0.55557
520 1.73333e-07 -0.5
521 1.73667e-07 0.997859
522 1.74e-07 -0.382683
523 1.74333e-07 -0.659346
524 1.74667e-07 0.965926
525 1.75e-07 -0.19509
526 1.75333e-07 -0.793353
527 1.75667e-07 0.896873
528 1.76e-07 5.83624e-12
529 1.76333e-07 -0.896873
530 1.76667e-07 0.793353
531 1.77e-07 0.19509
532 1.77333e-07 -0.965926
533 1.77667e-07 0.659346
534 1.78e-07 0.382683
535 1.78333e-07 -0.997859
536 1.78667e-07 0.5
537 1.79e-07 0.55557
538 1.79333e-07 -0.991445
539 1.79667e-07 0.321439
540 1.8e-07 0.707107
541 1.80333e-07 -0.94693
542 1.80667e-07 0.130526
543 1.81e-07 0.83147
544 1.81333e-07 -0.866025
545 1.81667e-07 -0.0654031
546 1.82e-07 0.92388
547 1.82333e-07 -0.75184
548 1.82667e-07 -0.258819
549 1.83e-07 0.980785
550 1.83333e-07 -0.608761
551 1.83667e-07 -0.442289
552 1.84e-07 1
553 1.84333e-07 -0.442289
554 1.84667e-07 -0.608761
555 1.85e-07 0.980785
556 1.85333e-07 -0.258819
557 1.85667e-07 -0.75184
558 1.86e-07 0.92388
559 1.86333e-07 -0.0654031
560 1.86667e-07 -0.866025
561 1.87e-07 0.83147
562 1.87333e-07 0.130526
563 1.87667e-07 -0.94693
564 1.88e-07 0.707107
565 1.88333e-07 0.321439
566 1.88667e-07 -0.991445
567 1.89e-07 0.55557
568 1.89333e-07 0.5
569 1.89667e-07 -0.997859
570 1.9e-07 0.382683
571 1.90333e-07 0.659346
572 1.90667e-07 -0.965926
573 1.91e-07 0.19509
574 1.91333e-07 0.793353
575 1.91667e-07 -0.896873
576 1.92e-07 -9.0126e-12
577 1.92333e-07 0.896873
578 1.92667e-07 -0.793353
579 1.93e-07 -0.19509
580 1.93333e-07 0.965926
581 1.93667e-07 -0.659346
582 1.94e-07 -0.382683
583 1.94333e-07 0.997859
584 1.94667e-07 -0.5
585 1.95e-07 -0.55557
586 1.95333e-07 0.991445
587 1.95667e-07 -0.321439
588 1.96e-07 -0.707107
589 1.96333e-07 0.94693
590 1.96667e-07 -0.130526
591 1.97e-07 -0.83147
592 1.97333e-07 0.866025
593 1.97667e-07 0.0654031
594 1.98e-07 -0.92388
595 1.98333e-07 0.75184
596 1.98667e-07 0.258819
597 1.99e-07 -0.980785
598 1.99333e-07 0.608761
599 1.99667e-07 0.442289
600 2e-07 -1
601 2.00333e-07 0.442289
602 2.00667e-07 0.608761
603 2.01e-07 -0.980785
604 2.01333e-07 0.258819
605 2.01667e-07 0.75184
606 2.02e-07 -0.92388
607 2.02333e-07 0.0654031
608 2.02667e-07 0.866025
609 2.03e-07 -0.83147
610 2.03333e-07 -0.130526
611 2.03667e-07 0.94693
612 2.04e-07 -0.707107
613 2.04333e-07 -0.321439
614 2.04667e-07 0.991445
615 2.05e-07 -0.55557
616 2.05333e-07 -0.5
617 2.05667e-07 0.997859
618 2.06e-07 -0.382683
619 2.06333e-07 -0.659346
620 2.06667e-07 0.965926
621 2.07e-07 -0.19509
622 2.07333e-07 -0.793353
623 2.07667e-07 0.896873
624 2.08e-07 1.19616e-11
625 2.08333e-07 -0.896873
626 2.08667e-07 0.793353
627 2.09e-07 0.19509
628 2.09333e-07 -0.965926
629 2.09667e-07 0.659346
630 2.1e-07 0.382683
631 2.10333e-07 -0.997859
632 2.10667e-07 0.5
633 2.11e-07 0.55557
634 2.11333e-07 -0.991445
635 2.11667e-07 0.321439
636 2.12e-07 0.707107
637 2.12333e-07 -0.94693
638 2.12667e-07 0.130526
639 2.13e-07 0.83147
640 2.13333e-07 -0.866025
641 2.13667e-07 -0.0654031
642 2.14e-07 0.92388
643 2.14333e-07 -0.75184
644 2.14667e-07 -0.258819
645 2.15e-07 0.980785
646 2.15333e-07 -0.608761
647 2.15667e-07 -0.442289
648 2.16e-07 1
649 2.16333e-07 -0.442289
650 2.16667e-07 -0.608761
651 2.17e-07 0.980785
652 2.17333e-07 -0.258819
653 2.17667e-07 -0.75184
654 2.18e-07 0.92388
655 2.18333e-07 -0.0654031
656 2.18667e-07 -0.866025
657 2.19e-07 0.83147
658 2.19333e-07 0.130526
659 2.19667e-07 -0.94693
660 2.2e-07 0.707107
661 2.20333e-07 0.321439
662 2.20667e-07 -0.991445
663 2.21e-07 0.55557
664 2.21333e-07 0.5
665 2.21667e-07 -0.997859
666 2.22e-07 0.382683
667 2.22333e-07 0.659346
668 2.22667e-07 -0.965926
669 2.23e-07 0.19509
670 2.23333e-07 0.793353
671 2.23667e-07 -0.896873
672 2.24e-07 -1.49106e-11
673 2.24333e-07 0.896873
674 2.24667e-07 -0.793353
675 2.25e-07 -0.19509
676 2.25333e-07 0.965926
677 2.25667e-07 -0.659346
678 2.26e-07 -0.382683
679 2.26333e-07 0.997859
680 2.26667e-07 -0.5
681 2.27e-07 -0.55557
682 2.27333e-07 0.991445
683 2.27667e-07 -0.321439
684 2.28e-07 -0.707107
685 2.28333e-07 0.94693
686 2.28667e-07 -0.130526
687 2.29e-07 -0.83147
688 2.29333e-07 0.866025
689 2.29667e-07 0.0654031
690 2.3e-07 -0.92388
691 2.30333e-07 0.75184
692 2.30667e-07 0.258819
693 2.31e-07 -0.980785
694 2.31333e-07 0.608761
695 2.31667e-07 0.442289
696 2.32e-07 -1
697 2.32333e-07 0.442289
698 2.32667e-07 0.608761
699 2.33e-07 -0.980785
700 2.33333e-07 0.258819
701 2.33667e-07 0.75184
702 2.34e-07 -0.92388
703 2.34333e-07 0.0654031
704 2.34667e-07 0.866025
705 2.35e-07 -0.83147
706 2.35333e-07 -0.130526
707 2.35667e-07 0.94693
708 2.36e-07 -0.707107
709 2.36333e-07 -0.321439
710 2.36667e-07 0.991445
711 2.37e-07 -0.55557
712 2.37333e-07 -0.5
713 2.37667e-07 0.997859
714 2.38e-07 -0.382683
715 2.38333e-07 -0.659346
716 2.38667e-07 0.965926
717 2.39e-07 -0.19509
718 2.39333e-07 -0.793353
719 2.39667e-07 0.896873
720 2.4e-07 1.78596e-11
721 2.40333e-07 -0.896873
722 2.40667e-07 0.793353
723 2.41e-07 0.19509
724 2.41333e-07 -0.965926
725 2.41667e-07 0.659346
726 2.42e-07 0.382683
727 2.42333e-07 -0.997859
728 2.42667e-07 0.5
729 2.43e-07 0.55557
730 2.43333e-07 -0.991445
731 2.43667e-07 0.321439
732 2.44e-07 0.707107
733 2.44333e-07 -0.94693
734 2.44667e-07 0.130526
735 2.45e-07 0.83147
736 2.45333e-07 -0.866025
737 2.45667e-07 -0.0654031
738 2.46e-07 0.92388
739 2.46333e-07 -0.75184
740 2.46667e-07 -0.258819
741 2.47e-07 0.980785
742 2.47333e-07 -0.608761
743 2.47667e-07 -0.442289
744 2.48e-07 1
745 2.48333e-07 -0.442289
746 2.48667e-07 -0.608761
747 2.49e-07 0.980785
748 2.49333e-07 -0.258819
749 2.49667e-07 -0.75184
750 2.5e-07 0.92388
751 2.50333e-07 -0.0654031
752 2.50667e-07 -0.866025
753 2.51e-07 0.83147
754 2.51333e-07 0.130526
755 2.51667e-07 -0.94693
756 2.52e-07 0.707107
757 2.52333e-07 0.321439
758 2.52667e-07 -0.991445
759 2.53e-07 0.55557
760 2.53333e-07 0.5
761 2.53667e-07 -0.997859
762 2.54e-07 0.382683
763 2.54333e-07 0.659346
764 2.54667e-07 -0.965926
765 2.55e-07 0.19509
766 2.55333e-07 0.793353
767 2.55667e-07 -0.896873
768 2.56e-07 -2.1036e-11
769 2.56333e-07 0.896873
770 2.56667e-07 -0.793353
771 2.57e-07 -0.19509
772 2.57333e-07 0.965926
773 2.57667e-07 -0.659346
774 2.58e-07 -0.382683
775 2.58333e-07 0.997859
776 2.58667e-07 -0.5
777 2.59e-07 -0.55557
778 2.59333e-07 0.991445
779 2.59667e-07 -0.321439
780 2.6e-07 -0.707107
781 2.60333e-07 0.94693
782 2.60667e-07 -0.130526
783 2.61e-07 -0.83147
784 2.61333e-07 0.866025
785 2.61667e-07 0.0654031
786 2.62e-07 -0.92388
787 2.62333e-07 0.75184
788 2.62667e-07 0.258819
789 2.63e-07 -0.980785
790 2.63333e-07 0.608761
791 2.63667e-07 0.442289
792 2.64e-07 -1
793 2.64333e-07 0.442289
794 2.64667e-07 0.608761
795 2.65e-07 -0.980785
796 2.65333e-07 0.258819
797 2.65667e-07 0.75184
798 2.66e-07 -0.92388
799 2.66333e-07 0.0654031
800 2.66667e-07 0.866025
801 2.67e-07 -0.83147
802 2.67333e-07 -0.130526
803 2.67667e-07 0.94693
804 2.68e-07 -0.707107
805 2.68333e-07 -0.321439
806 2.68667e-07 0.991445
807 2.69e-07 -0.55557
808 2.69333e-07 -0.5
809 2.69667e-07 0.997859
810 2.7e-07 -0.382683
811 2.70333e-07 -0.659346
812 2.70667e-07 0.965926
813 2.71e-07 -0.19509
814 2.71333e-07 -0.793353
815 2.71667e-07 0.896873
816 2.72e-07 2.3985e-11
817 2.72333e-07 -0.896873
818 2.72667e-07 0.793353
819 2.73e-07 0.19509
820 2.73333e-07 -0.965926
821 2.73667e-07 0.659346
822 2.74e-07 0.382683
823 2.74333e-07 -0.997859
824 2.74667e-07 0.5
825 2.75e-07 0.55557
826 2.75333e-07 -0.991445
827 2.75667e-07 0.321439
828 2.76e-07 0.707107
829 2.76333e-07 -0.94693
830 2.76667e-07 0.130526
831 2.77e-07 0.83147
832 2.77333e-07 -0.866025
833 2.77667e-07 -0.0654031
834 2.78e-07 0.92388
835 2.78333e-07 -0.75184
836 2.78667e-07 -0.258819
837 2.79e-07 0.980785
838 2.79333e-07 -0.608761
839 2.79667e-07 -0.442289
840 2.8e-07 1
841 2.80333e-07 -0.442289
842 2.80667e-07 -0.608761
843 2.81e-07 0.980785
844 2.81333e-07 -0.258819
845 2.81667e-07 -0.75184
846 2.82e-07 0.92388
847 2.82333e-07 -0.0654031
848 2.82667e-07 -0.866025
849 2.83e-07 0.83147
850 2.83333e-07 0.130526
851 2.83667e-07 -0.94693
852 2.84e-07 0.707107
853 2.84333e-07 0.321439
854 2.84667e-07 -0.991445
855 2.85e-07 0.55557
856 2.85333e-07 0.5
857 2.85667e-07 -0.997859
858 2.86e-07 0.382683
859 2.86333e-07 0.659346
860 2.86667e-07 -0.965926
861 2.87e-07 0.19509
862 2.87333e-07 0.793353
863 2.87667e-07 -0.896873
864 2.88e-07 -2.6934e-11
865 2.88333e-07 0.896873
866 2.88667e-07 -0.793353
867 2.89e-07 -0.19509
868 2.89333e-07 0.965926
869 2.89667e-07 -0.659346
870 2.9e-07 -0.382683
871 2.90333e-07 0.997859
872 2.90667e-07 -0.5
873 2.91e-07 -0.55557
874 2.91333e-07 0.991445
875 2.91667e-07 -0.321439
876 2.92e-07 -0.707107
877 2.92333e-07 0.94693
878 2.92667e-07 -0.130526
879 2.93e-07 -0.83147
880 2.93333e-07 0.866025
881 2.93667e-07 0.0654031
882 2.94e-07 -0.92388
883 2.94333e-07 0.75184
884 2.94667e-07 0.258819
885 2.95e-07 -0.980785
886 2.95333e-07 0.608761
887 2.95667e-07 0.442289
888 2.96e-07 -1
889 2.96333e-07 0.442289
890 2.96667e-07 0.608761
891 2.97e-07 -0.980785
892 2.97333e-07 0.258819
893 2.97667e-07 0.75184
894 2.98e-07 -0.92388
895 2.98333e-07 0.0654031
896 2.98667e-07 0.866025
897 2.99e-07 -0.83147
898 2.99333e-07 -0.130526
899 2.99667e-07 0.94693
900 3e-07 -0.707107
901 3.00333e-07 -0.321439
902 3.00667e-07 0.991445
903 3.01e-07 -0.55557
904 3.01333e-07 -0.5
905 3.01667e-07 0.997859
906 3.02e-07 -0.382683
907 3.02333e-07 -0.659346
908 3.02667e-07 0.965926
909 3.03e-07 -0.19509
910 3.03333e-07 -0.793353
911 3.03667e-07 0.896873
912 3.04e-07 2.98829e-11
913 3.04333e-07 -0.896873
914 3.04667e-07 0.793353
915 3.05e-07 0.19509
916 3.05333e-07 -0.965926
917 3.05667e-07 0.659346
918 3.06e-07 0.382683
919 3.06333e-07 -0.997859
920 3.06667e-07 0.5
921 3.07e-07 0.55557
922 3.07333e-07 -0.991445
923 3.07667e-07 0.321439
924 3.08e-07 0.707107
925 3.08333e-07 -0.94693
926 3.08667e-07 0.130526
927 3.09e-07 0.83147
928 3.09333e-07 -0.866025
929 3.09667e-07 -0.0654031
930 3.1e-07 0.92388
931 3.10333e-07 -0.75184
932 3.10667e-07 -0.258819
933 3.11e-07 0.980785
934 3.11333e-07 -0.608761
935 3.11667e-07 -0.442289
936 3.12e-07 1
937 3.12333e-07 -0.442289
938 3.12667e-07 -0.608761
939 3.13e-07 0.980785
940 3.13333e-07 -0.258819
941 3.13667e-07 -0.75184
942 3.14e-07 0.92388
943 3.14333e-07 -0.0654031
944 3.14667e-07 -0.866025
945 3.15e-07 0.83147
946 3.15333e-07 0.130526
947 3.15667e-07 -0.94693
948 3.16e-07 0.707107
949 3.16333e-07 0.321439
950 3.16667e-07 -0.991445
951 3.17e-07 0.55557
952 3.17333e-07 0.5
953 3.17667e-07 -0.997859
954 3.18e-07 0.382683
955 3.18333e-07 0.659346
956 3.18667e-07 -0.965926
957 3.19e-07 0.19509
958 3.19333e-07 0.793353
959 3.19667e-07 -0.896873
960 3.2e-07 -3.28319e-11
961 3.20333e-07 0.896873
962 3.20667e-07 -0.793353
963 3.21e-07 -0.19509
964 3.21333e-07 0.965926
965 3.21667e-07 -0.659346
966 3.22e-07 -0.382683
967 3.22333e-07 0.997859
968 3.22667e-07 -0.5
969 3.23e-07 -0.55557
970 3.23333e-07 0.991445
971 3.23667e-07 -0.321439
972 3.24e-07 -0.707107
973 3.24333e-07 0.94693
974 3.24667e-07 -0.130526
975 3.25e-07 -0.83147
976 3.25333e-07 0.866025
977 3.25667e-07 0.0654031
978 3.26e-07 -0.92388
979 3.26333e-07 0.75184
980 3.26667e-07 0.258819
981 3.27e-07 -0.980785
982 3.27333e-07 0.608761
983 3.27667e-07 0.442289
984 3.28e-07 -1
985 3.28333e-07 0.442289
986 3.28667e-07 0.608761
987 3.29e-07 -0.980785
988 3.29333e-07 0.258819
989 3.29667e-07 0.75184
990 3.3e-07 -0.92388
991 3.30333e-07 0.0654031
992 3.30667e-07 0.866025
993 3.31e-07 -0.83147
994 3.31333e-07 -0.130526
995 3.31667e-07 0.94693
996 3.32e-07 -0.707107
997 3.32333e-07 -0.321439
998 3.32667e-07 0.991445
999 3.33e-07 -0.55557
1000 3.33333e-07 -0.5
1001 3.33667e-07 0.997859
1002 3.34e-07 -0.382683
1003 3.34333e-07 -0.659346
1004 3.34667e-07 0.965926
1005 3.35e-07 -0.19509
1006 3.35333e-07 -0.793353
1007 3.35667e-07 0.896873
1008 3.36e-07 3.60083e-11
1009 3.36333e-07 -0.896873
1010 3.36667e-07 0.793353
1011 3.37e-07 0.19509
1012 3.37333e-07 -0.965926
1013 3.37667e-07 0.659346
1014 3.38e-07 0.382683
1015 3.38333e-07 -0.997859
1016 3.38667e-07 0.5
1017 3.39e-07 0.55557
1018 3.39333e-07 -0.991445
1019 3.39667e-07 0.321439
1020 3.4e-07 0.707107
1021 3.40333e-07 -0.94693
1022 3.40667e-07 0.130526
1023 3.41e-07 0.83147
1024 3.41333e-07 -0.866025
1025 3.41667e-07 -0.0654031
1026 3.42e-07 0.92388
1027 3.42333e-07 -0.75184
1028 3.42667e-07 -0.258819
1029 3.43e-07 0.980785
1030 3.43333e-07 -0.608761
1031 3.43667e-07 -0.442289
1032 3.44e-07 1
1033 3.44333e-07 -0.442289
1034 3.44667e-07 -0.608761
1035 3.45e-07 0.980785
1036 3.45333e-07 -0.258819
1037 3.45667e-07 -0.75184
1038 3.46e-07 0.92388
1039 3.46333e-07 -0.0654031
1040 3.46667e-07 -0.866025
1041 3.47e-07 0.83147
1042 3.47333e-07 0.130526
1043 3.47667e-07 -0.94693
1044 3.48e-07 0.707107
1045 3.48333e-07 0.321439
1046 3.48667e-07 -0.991445
1047 3.49e-07 0.55557
1048 3.49333e-07 0.5
1049 3.49667e-07 -0.997859
1050 3.5e-07 0.382683
1051 3.50333e-07 0.659346
1052 3.50667e-07 -0.965926
1053 3.51e-07 0.19509
1054 3.51333e-07 0.793353
1055 3.51667e-07 -0.896873
1056 3.52e-07 -3.89573e-11
1057 3.52333e-07 0.896873
1058 3.52667e-07 -0.793353
1059 3.53e-07 -0.19509
1060 3.53333e-07 0.965926
1061 3.53667e-07 -0.659346
1062 3.54e-07 -0.382683
1063 3.54333e-07 0.997859
1064 3.54667e-07 -0.5
1065 3.55e-07 -0.55557
1066 3.55333e-07 0.991445
1067 3.55667e-07 -0.321439
1068 3.56e-07 -0.707107
1069 3.56333e-07 0.94693
1070 3.56667e-07 -0.130526
1071 3.57e-07 -0.83147
1072 3.57333e-07 0.866025
1073 3.57667e-07 0.0654031
1074 3.58e-07 -0.92388
1075 3.58333e-07 0.75184
1076 3.58667e-07 0.258819
1077 3.59e-07 -0.980785
1078 3.59333e-07 0.608761
1079 3.59667e-07 0.442289
1080 3.6e-07 -1
1081 3.60333e-07 0.442289
1082 3.60667e-07 0.608761
1083 3.61e-07 -0.980785
1084 3.61333e-07 0.258819
1085 3.61667e-07 0.75184
1086 3.62e-07 -0.92388
1087 3.62333e-07 0.0654031
1088 3.62667e-07 0.866025
1089 3.63e-07 -0.83147
1090 3.63333e-07 -0.130526
1091 3.63667e-07 0.94693
1092 3.64e-07 -0.707107
1093 3.64333e-07 -0.321439
1094 3.64667e-07 0.991445
1095 3.65e-07 -0.55557
1096 3.65333e-07 -0.5
1097 3.65667e-07 0.997859
1098 3.66e-07 -0.382683
1099 3.66333e-07 -0.659346
1100 3.66667e-07 0.965926
1101 3.67e-07 -0.19509
1102 3.67333e-07 -0.793353
1103 3.67667e-07 0.896873
1104 3.68e-07 4.19063e-11
1105 3.68333e-07 -0.896873
1106 3.68667e-07 0.793353
1107 3.69e-07 0.19509
1108 3.69333e-07 -0.965926
1109 3.69667e-07 0.659346
1110 3.7e-07 0.382683
1111 3.70333e-07 -0.997859
1112 3.70667e-07 0.5
1113 3.71e-07 0.55557
1114 3.71333e-07 -0.991445
1115 3.71667e-07 0.321439
1116 3.72e-07 0.707107
1117 3.72333e-07 -0.94693
1118 3.72667e-07 0.130526
1119 3.73e-07 0.83147
1120 3.73333e-07 -0.866025
1121 3.73667e-07 -0.0654031
1122 3.74e-07 0.92388
1123 3.74333e-07 -0.75184
1124 3.74667e-07 -0.258819
1125 3.75e-07 0.980785
1126 3.75333e-07 -0.608761
1127 3.75667e-07 -0.442289
1128 3.76e-07 1
1129 3.76333e-07 -0.442289
1130 3.76667e-07 -0.608761
1131 3.77e-07 0.980785
1132 3.77333e-07 -0.258819
1133 3.77667e-07 -0.75184
1134 3.78e-07 0.92388
1135 3.78333e-07 -0.0654031
1136 3.78667e-07 -0.866025
1137 3.79e-07 0.83147
1138 3.79333e-07 0.130526
1139 3.79667e-07 -0.94693
1140 3.8e-07 0.707107
1141 3.80333e-07 0.321439
1142 3.80667e-07 -0.991445
1143 3.81e-07 0.55557
1144 3.81333e-07 0.5
1145 3.81667e-07 -0.997859
1146 3.82e-07 0.382683
1147 3.82333e-07 0.659346
1148 3.82667e-07 -0.965926
1149 3.83e-07 0.19509
1150 3.83333e-07 0.793353
1151 3.83667e-07 -0.896873
1152 3.84e-07 -4.48553e-11
1153 3.84333e-07 0.896873
1154 3.84667e-07 -0.793353
1155 3.85e-07 -0.19509
1156 3.85333e-07 0.965926
1157 3.85667e-07 -0.659346
1158 3.86e-07 -0.382683
1159 3.86333e-07 0.997859
1160 3.86667e-07 -0.5
1161 3.87e-07 -0.55557
1162 3.87333e-07 0.991445
1163 3.87667e-07 -0.321439
1164 3.88e-07 -0.707107
1165 3.88333e-07 0.94693
1166 3.88667e-07 -0.130526
1167 3.89e-07 -0.83147
1168 3.89333e-07 0.866025
1169 3.89667e-07 0.0654031
1170 3.9e-07 -0.92388
1171 3.90333e-07 0.75184
1172 3.90667e-07 0.258819
1173 3.91e-07 -0.980785
1174 3.91333e-07 0.608761
1175 3.91667e-07 0.442289
1176 3.92e-07 -1
1177 3.92333e-07 0.442289
1178 3.92667e-07 0.608761
1179 3.93e-07 -0.980785
1180 3.93333e-07 0.258819
1181 3.93667e-07 0.75184
1182 3.94e-07 -0.92388
1183 3.94333e-07 0.0654031
1184 3.94667e-07 0.866025
1185 3.95e-07 -0.83147
1186 3.95333e-07 -0.130526
1187 3.95667e-07 0.94693
1188 3.96e-07 -0.707107
1189 3.96333e-07 -0.321439
1190 3.96667e-07 0.991445
1191 3.97e-07 -0.55557
1192 3.97333e-07 -0.5
1193 3.97667e-07 0.997859
1194 3.98e-07 -0.382683
1195 3.98333e-07 -0.659346
1196 3.98667e-07 0.965926
1197 3.99e-07 -0.19509
1198 3.99333e-07 -0.793353
1199 3.99667e-07 0.896873
1200 4e-07 4.78043e-11
1201 4.00333e-07 -0.896873
1202 4.00667e-07 0.793353
1203 4.01e-07 0.19509
1204 4.01333e-07 -0.965926
1205 4.01667e-07 0.659346
1206 4.02e-07 0.382683
1207 4.02333e-07 -0.997859
1208 4.02667e-07 0.5
1209 4.03e-07 0.55557
1210 4.03333e-07 -0.991445
1211 4.03667e-07 0.321439
1212 4.04e-07 0.707107
1213 4.04333e-07 -0.94693
1214 4.04667e-07 0.130526
1215 4.05e-07 0.83147
1216 4.05333e-07 -0.866025
1217 4.05667e-07 -0.0654031
1218 4.06e-07 0.92388
1219 4.06333e-07 -0.75184
1220 4.06667e-07 -0.258819
1221 4.07e-07 0.980785
1222 4.07333e-07 -0.608761
1223 4.07667e-07 -0.442289
1224 4.08e-07 1
1225 4.08333e-07 -0.442289
1226 4.08667e-07 -0.608761
1227 4.09e-07 0.980785
1228 4.09333e-07 -0.258819
1229 4.09667e-07 -0.75184
1230 4.1e-07 0.92388
1231 4.10333e-07 -0.0654031
1232 4.10667e-07 -0.866025
1233 4.11e-07 0.83147
1234 4.11333e-07 0.130526
1235 4.11667e-07 -0.94693
1236 4.12e-07 0.707107
1237 4.12333e-07 0.321439
1238 4.12667e-07 -0.991445
1239 4.13e-07 0.55557
1240 4.13333e-07 0.5
1241 4.13667e-07 -0.997859
1242 4.14e-07 0.382683
1243 4.14333e-07 0.659346
1244 4.14667e-07 -0.965926
1245 4.15e-07 0.19509
1246 4.15333e-07 0.793353
1247 4.15667e-07 -0.896873
1248 4.16e-07 -5.07533e-11
1249 4.16333e-07 0.896873
1250 4.16667e-07 -0.793353
1251 4.17e-07 -0.19509
1252 4.17333e-07 0.965926
1253 4.17667e-07 -0.659346
1254 4.18e-07 -0.382683
1255 4.18333e-07 0.997859
1256 4.18667e-07 -0.5
1257 4.19e-07 -0.55557
1258 4.19333e-07 0.991445
1259 4.19667e-07 -0.321439
1260 4.2e-07 -0.707107
1261 4.20333e-07 0.94693
1262 4.20667e-07 -0.130526
1263 4.21e-07 -0.83147
1264 4.21333e-07 0.866025
1265 4.21667e-07 0.0654031
1266 4.22e-07 -0.92388
1267 4.22333e-07 0.75184
1268 4.22667e-07 0.258819
1269 4.23e-07 -0.980785
1270 4.23333e-07 0.608761
1271 4.23667e-07 0.442289
1272 4.24e-07 -1
1273 4.24333e-07 0.442289
1274 4.24667e-07 0.608761
1275 4.25e-07 -0.980785
1276 4.25333e-07 0.258819
1277 4.25667e-07 0.75184
1278 4.26e-07 -0.92388
1279 4.26333e-07 0.0654031
1280 4.26667e-07 0.866025
1281 4.27e-07 -0.83147
1282 4.27333e-07 -0.130526
1283 4.27667e-07 0.94693
1284 4.28e-07 -0.707107
1285 4.28333e-07 -0.321439
1286 4.28667e-07 0.991445
1287 4.29e-07 -0.55557
1288 4.29333e-07 -0.5
1289 4.29667e-07 0.997859
1290 4.3e-07 -0.382683
1291 4.30333e-07 -0.659346
1292 4.30667e-07 0.965926
1293 4.31e-07 -0.19509
1294 4.31333e-07 -0.793353
1295 4.31667e-07 0.896873
1296 4.32e-07 5.4157e-11
1297 4.32333e-07 -0.896873
1298 4.32667e-07 0.793353
1299 4.33e-07 0.19509
1300 4.33333e-07 -0.965926
1301 4.33667e-07 0.659346
1302 4.34e-07 0.382683
1303 4.34333e-07 -0.997859
1304 4.34667e-07 0.5
1305 4.35e-07 0.55557
1306 4.35333e-07 -0.991445
1307 4.35667e-07 0.321439
1308 4.36e-07 0.707107
1309 4.36333e-07 -0.94693
1310 4.36667e-07 0.130526
1311 4.37e-07 0.83147
1312 4.37333e-07 -0.866025
1313 4.37667e-07 -0.0654031
1314 4.38e-07 0.92388
1315 4.38333e-07 -0.75184
1316 4.38667e-07 -0.258819
1317 4.39e-07 0.980785
1318 4.39333e-07 -0.608761
1319 4.39667e-07 -0.442289
1320 4.4e-07 1
1321 4.40333e-07 -0.442289
1322 4.40667e-07 -0.608761
1323 4.41e-07 0.980785
1324 4.41333e-07 -0.258819
1325 4.41667e-07 -0.75184
1326 4.42e-07 0.92388
1327 4.42333e-07 -0.0654031
1328 4.42667e-07 -0.866025
1329 4.43e-07 0.83147
1330 4.43333e-07 0.130526
1331 4.43667e-07 -0.94693
1332 4.44e-07 0.707107
1333 4.44333e-07 0.321439
1334 4.44667e-07 -0.991445
1335 4.45e-07 0.55557
1336 4.45333e-07 0.5
1337 4.45667e-07 -0.997859
1338 4.46e-07 0.382683
1339 4.46333e-07 0.659346
1340 4.46667e-07 -0.965926
1341 4.47e-07 0.19509
1342 4.47333e-07 0.793353
1343 4.47667e-07 -0.896873
1344 4.48e-07 -5.7106e-11
1345 4.48333e-07 0.896873
1346 4.48667e-07 -0.793353
1347 4.49e-07 -0.19509
1348 4.49333e-07 0.965926
1349 4.49667e-07 -0.659346
1350 4.5e-07 -0.382683
1351 4.50333e-07 0.997859
1352 4.50667e-07 -0.5
1353 4.51e-07 -0.55557
1354 4.51333e-07 0.991445
1355 4.51667e-07 -0.321439
1356 4.52e-07 -0.707107
1357 4.52333e-07 0.94693
1358 4.52667e-07 -0.130526
1359 4.53e-07 -0.83147
1360 4.53333e-07 0.866025
1361 4.53667e-07 0.0654031
1362 4.54e-07 -0.92388
1363 4.54333e-07 0.75184
1364 4.54667e-07 0.258819
1365 4.55e-07 -0.980785
1366 4.55333e-07 0.608761
1367 4.55667e-07 0.442289
1368 4.56e-07 -1
1369 4.56333e-07 0.442289
1370 4.56667e-07 0.608761
1371 4.57e-07 -0.980785
1372 4.57333e-07 0.258819
1373 4.57667e-07 0.75184
1374 4.58e-07 -0.92388
1375 4.58333e-07 0.0654031
1376 4.58667e-07 0.866025
1377 4.59e-07 -0.83147
1378 4.59333e-07 -0.130526
1379 4.59667e-07 0.94693
1380 4.6e-07 -0.707107
1381 4.60333e-07 -0.321439
1382 4.60667e-07 0.991445
1383 4.61e-07 -0.55557
1384 4.61333e-07 -0.5
1385 4.61667e-07 0.997859
1386 4.62e-07 -0.382683
1387 4.62333e-07 -0.659346
1388 4.62667e-07 0.965926
1389 4.63e-07 -0.19509
1390 4.63333e-07 -0.793353
1391 4.63667e-07 0.896873
1392 4.64e-07 6.0055e-11
1393 4.64333e-07 -0.896873
1394 4.64667e-07 0.793353
1395 4.65e-07 0.19509
1396 4.65333e-07 -0.965926
1397 4.65667e-07 0.659346
1398 4.66e-07 0.382683
1399 4.66333e-07 -0.997859
1400 4.66667e-07 0.5
1401 4.67e-07 0.55557
1402 4.67333e-07 -0.991445
1403 4.67667e-07 0.321439
1404 4.68e-07 0.707107
1405 4.68333e-07 -0.94693
1406 4.68667e-07 0.130526
1407 4.69e-07 0.83147
1408 4.69333e-07 -0.866025
1409 4.69667e-07 -0.0654031
1410 4.7e-07 0.92388
1411 4.70333e-07 -0.75184
1412 4.70667e-07 -0.258819
1413 4.71e-07 0.980785
1414 4.71333e-07 -0.608761
1415 4.71667e-07 -0.442289
1416 4.72e-07 1
1417 4.72333e-07 -0.442289
1418 4.72667e-07 -0.608761
1419 4.73e-07 0.980785
1420 4.73333e-07 -0.258819
1421 4.73667e-07 -0.75184
1422 4.74e-07 0.92388
1423 4.74333e-07 -0.0654031
1424 4.74667e-07 -0.866025
1425 4.75e-07 0.83147
1426 4.75333e-07 0.130526
1427 4.75667e-07 -0.94693
1428 4.76e-07 0.707107
1429 4.76333e-07 0.321439
1430 4.76667e-07 -0.991445
1431 4.77e-07 0.55557
1432 4.77333e-07 0.5
1433 4.77667e-07 -0.997859
1434 4.78e-07 0.382683
1435 4.78333e-07 0.659346
1436 4.78667e-07 -0.965926
1437 4.79e-07 0.19509
1438 4.79333e-07 0.793353
1439 4.79667e-07 -0.896873
1440 4.8e-07 -6.3004e-11
1441 4.80333e-07 0.896873
1442 4.80667e-07 -0.793353
1443 4.81e-07 -0.19509
1444 4.81333e-07 0.965926
1445 4.81667e-07 -0.659346
1446 4.82e-07 -0.382683
1447 4.82333e-07 0.997859
1448 4.82667e-07 -0.5
1449 4.83e-07 -0.55557
1450 4.83333e-07 0.991445
1451 4.83667e-07 -0.321439
1452 4.84e-07 -0.707107
1453 4.84333e-07 0.94693
1454 4.84667e-07 -0.130526
1455 4.85e-07 -0.83147
1456 4.85333e-07 0.866025
1457 4.85667e-07 0.0654031
1458 4.86e-07 -0.92388
1459 4.86333e-07 0.75184
1460 4.86667e-07 0.258819
1461 4.87e-07 -0.980785
1462 4.87333e-07 0.608761
1463 4.87667e-07 0.442289
1464 4.88e-07 -1
1465 4.88333e-07 0.442289
1466 4.88667e-07 0.608761
1467 4.89e-07 -0.980785
1468 4.89333e-07 0.258819
1469 4.89667e-07 0.75184
1470 4.9e-07 -0.92388
1471 4.90333e-07 0.0654031
1472 4.90667e-07 0.866025
1473 4.91e-07 -0.83147
1474 4.91333e-07 -0.130526
1475 4.91667e-07 0.94693
1476 4.92e-07 -0.707107
1477 4.92333e-07 -0.321439
1478 4.92667e-07 0.991445
1479 4.93e-07 -0.55557
1480 4.93333e-07 -0.5
1481 4.93667e-07 0.997859
1482 4.94e-07 -0.382683
1483 4.94333e-07 -0.659346
1484 4.94667e-07 0.965926
1485 4.95e-07 -0.19509
1486 4.95333e-07 -0.793353
1487 4.95667e-07 0.896873
1488 4.96e-07 6.5953e-11
1489 4.96333e-07 -0.896873
1490 4.96667e-07 0.793353
1491 4.97e-07 0.19509
1492 4.97333e-07 -0.965926
1493 4.97667e-07 0.659346
1494 4.98e-07 0.382683
1495 4.98333e-07 -0.997859
1496 4.98667e-07 0.5
1497 4.99e-07 0.55557
1498 4.99333e-07 -0.991445
1499 4.99667e-07 0.321439
1500 5e-07 0.707107
1501 5.00333e-07 -0.94693
1502 5.00667e-07 0.130526
1503 5.01e-07 0.83147
1504 5.01333e-07 -0.866025
1505 5.01667e-07 -0.0654031
1506 5.02e-07 0.92388
1507 5.02333e-07 -0.75184
1508 5.02667e-07 -0.258819
1509 5.03e-07 0.980785
1510 5.03333e-07 -0.608761
1511 5.03667e-07 -0.442289
1512 5.04e-07 1
1513 5.04333e-07 -0.442289
1514 5.04667e-07 -0.608761
1515 5.05e-07 0.980785
1516 5.05333e-07 -0.258819
1517 5.05667e-07 -0.75184
1518 5.06e-07 0.92388
1519 5.06333e-07 -0.0654031
1520 5.06667e-07 -0.866025
1521 5.07e-07 0.83147
1522 5.07333e-07 0.130526
1523 5.07667e-07 -0.94693
1524 5.08e-07 0.707107
1525 5.08333e-07 0.321439
1526 5.08667e-07 -0.991445
1527 5.09e-07 0.55557
1528 5.09333e-07 0.5
1529 5.09667e-07 -0.997859
1530 5.1e-07 0.382683
1531 5.10333e-07 0.659346
1532 5.10667e-07 -0.965926
1533 5.11e-07 0.19509
1534 5.11333e-07 0.793353
1535 5.11667e-07 -0.896873
1536 5.12e-07 -6.8902e-11
1537 5.12333e-07 0.896873
1538 5.12667e-07 -0.793353
1539 5.13e-07 -0.19509
1540 5.13333e-07 0.965926
1541 5.13667e-07 -0.659346
1542 5.14e-07 -0.382683
1543 5.14333e-07 0.997859
1544 5.14667e-07 -0.5
1545 5.15e-07 -0.55557
1546 5.15333e-07 0.991445
1547 5.15667e-07 -0.321439
1548 5.16e-07 -0.707107
1549 5.16333e-07 0.94693
1550 5.16667e-07 -0.130526
1551 5.17e-07 -0.83147
1552 5.17333e-07 0.866025
1553 5.17667e-07 0.0654031
1554 5.18e-07 -0.92388
1555 5.18333e-07 0.75184
1556 5.18667e-07 0.258819
1557 5.19e-07 -0.980785
1558 5.19333e-07 0.608761
1559 5.19667e-07 0.442289
1560 5.2e-07 -1
1561 5.20333e-07 0.442289
1562 5.20667e-07 0.608761
1563 5.21e-07 -0.980785
1564 5.21333e-07 0.258819
1565 5.21667e-07 0.75184
1566 5.22e-07 -0.92388
1567 5.22333e-07 0.0654031
1568 5.22667e-07 0.866025
1569 5.23e-07 -0.83147
1570 5.23333e-07 -0.130526
1571 5.23667e-07 0.94693
1572 5.24e-07 -0.707107
1573 5.24333e-07 -0.321439
1574 5.24667e-07 0.991445
1575 5.25e-07 -0.55557
1576 5.25333e-07 -0.5
1577 5.25667e-07 0.997859
1578 5.26e-07 -0.382683
1579 5.26333e-07 -0.659346
1580 5.26667e-07 0.965926
1581 5.27e-07 -0.19509
1582 5.27333e-07 -0.793353
1583 5.27667e-07 0.896873
1584 5.28e-07 7.1851e-11
1585 5.28333e-07 -0.896873
1586 5.28667e-07 0.793353
1587 5.29e-07 0.19509
1588 5.29333e-07 -0.965926
1589 5.29667e-07 0.659346
1590 5.3e-07 0.382683
1591 5.30333e-07 -0.997859
1592 5.30667e-07 0.5
1593 5.31e-07 0.55557
1594 5.31333e-07 -0.991445
1595 5.31667e-07 0.321439
1596 5.32e-07 0.707107
1597 5.32333e-07 -0.94693
1598 5.32667e-07 0.130526
1599 5.33e-07 0.83147
1600 5.33333e-07 -0.866025
1601 5.33667e-07 -0.0654031
1602 5.34e-07 0.92388
1603 5.34333e-07 -0.75184
1604 5.34667e-07 -0.258819
1605 5.35e-07 0.980785
1606 5.35333e-07 -0.608761
1607 5.35667e-07 -0.442289
1608 5.36e-07 1
1609 5.36333e-07 -0.442289
1610 5.36667e-07 -0.608761
1611 5.37e-07 0.980785
1612 5.37333e-07 -0.258819
1613 5.37667e-07 -0.75184
1614 5.38e-07 0.92388
1615 5.38333e-07 -0.0654031
1616 5.38667e-07 -0.866025
1617 5.39e-07 0.83147
1618 5.39333e-07 0.130526
1619 5.39667e-07 -0.94693
1620 5.4e-07 0.707107
1621 5.40333e-07 0.321439
1622 5.40667e-07 -0.991445
1623 5.41e-07 0.55557
1624 5.41333e-07 0.5
1625 5.41667e-07 -0.997859
1626 5.42e-07 0.382683
1627 5.42333e-07 0.659346
1628 5.42667e-07 -0.965926
1629 5.43e-07 0.19509
1630 5.43333e-07 0.793353
1631 5.43667e-07 -0.896873
1632 5.44e-07 -7.48e-11
1633 5.44333e-07 0.896873
1634 5.44667e-07 -0.793353
1635 5.45e-07 -0.19509
1636 5.45333e-07 0.965926
1637 5.45667e-07 -0.659346
1638 5.46e-07 -0.382683
1639 5.46333e-07 0.997859
1640 5.46667e-07 -0.5
1641 5.47e-07 -0.55557
1642 5.47333e-07 0.991445
1643 5.47667e-07 -0.321439
1644 5.48e-07 -0.707107
1645 5.48333e-07 0.94693
1646 5.48667e-07 -0.130526
1647 5.49e-07 -0.83147
1648 5.49333e-07 0.866025
1649 5.49667e-07 0.0654031
1650 5.5e-07 -0.92388
1651 5.50333e-07 0.75184
1652 5.50667e-07 0.258819
1653 5.51e-07 -0.980785
1654 5.51333e-07 0.608761
1655 5.51667e-07 0.442289
1656 5.52e-07 -1
1657 5.52333e-07 0.442289
1658 5.52667e-07 0.608761
1659 5.53e-07 -0.980785
1660 5.53333e-07 0.258819
1661 5.53667e-07 0.75184
1662 5.54e-07 -0.92388
1663 5.54333e-07 0.0654031
1664 5.54667e-07 0.866025
1665 5.55e-07 -0.83147
1666 5.55333e-07 -0.130526
1667 5.55667e-07 0.94693
1668 5.56e-07 -0.707107
1669 5.56333e-07 -0.321439
1670 5.56667e-07 0.991445
1671 5.57e-07 -0.55557
1672 5.57333e-07 -0.5
1673 5.57667e-07 0.997859
1674 5.58e-07 -0.382683
1675 5.58333e-07 -0.659346
1676 5.58667e-07 0.965926
1677 5.59e-07 -0.19509
1678 5.59333e-07 -0.793353
1679 5.59667e-07 0.896873
1680 5.6e-07 7.7749e-11
1681 5.60333e-07 -0.896873
1682 5.60667e-07 0.793353
1683 5.61e-07 0.19509
1684 5.61333e-07 -0.965926
1685 5.61667e-07 0.659346
1686 5.62e-07 0.382683
1687 5.62333e-07 -0.997859
1688 5.62667e-07 0.5
1689 5.63e-07 0.55557
1690 5.63333e-07 -0.991445
1691 5.63667e-07 0.321439
1692 5.64e-07 0.707107
1693 5.64333e-07 -0.94693
1694 5.64667e-07 0.130526
1695 5.65e-07 0.83147
1696 5.65333e-07 -0.866025
1697 5.65667e-07 -0.0654031
1698 5.66e-07 0.92388
1699 5.66333e-07 -0.75184
1700 5.66667e-07 -0.258819
1701 5.67e-07 0.980785
1702 5.67333e-07 -0.608761
1703 5.67667e-07 -0.442289
1704 5.68e-07 1
1705 5.68333e-07 -0.442289
1706 5.68667e-07 -0.608761
1707 5.69e-07 0.980785
1708 5.69333e-07 -0.258819
1709 5.69667e-07 -0.75184
1710 5.7e-07 0.92388
1711 5.70333e-07 -0.0654031
1712 5.70667e-07 -0.866025
1713 5.71e-07 0.83147
1714 5.71333e-07 0.130526
1715 5.71667e-07 -0.94693
1716 5.72e-07 0.707107
1717 5.72333e-07 0.321439
1718 5.72667e-07 -0.991445
1719 5.73e-07 0.55557
1720 5.73333e-07 0.5
1721 5.73667e-07 -0.997859
1722 5.74e-07 0.382683
1723 5.74333e-07 0.659346
1724 5.74667e-07 -0.965926
1725 5.75e-07 0.19509
1726 5.75333e-07 0.793353
1727 5.75667e-07 -0.896873
1728 5.76e-07 -8.11527e-11
1729 5.76333e-07 0.896873
1730 5.76667e-07 -0.793353
1731 5.77e-07 -0.19509
1732 5.77333e-07 0.965926
1733 5.77667e-07 -0.659346
1734 5.78e-07 -0.382683
1735 5.78333e-07 0.997859
1736 5.78667e-07 -0.5
1737 5.79e-07 -0.55557
1738 5.79333e-07 0.991445
1739 5.79667e-07 -0.321439
1740 5.8e-07 -0.707107
1741 5.80333e-07 0.94693
1742 5.80667e-07 -0.130526
1743 5.81e-07 -0.83147
1744 5.81333e-07 0.866025
1745 5.81667e-07 0.0654031
1746 5.82e-07 -0.92388
1747 5.82333e-07 0.75184
1748 5.82667e-07 0.258819
1749 5.83e-07 -0.980785
1750 5.83333e-07 0.608761
1751 5.83667e-07 0.442289
1752 5.84e-07 -1
1753 5.84333e-07 0.442289
1754 5.84667e-07 0.608761
1755 5.85e-07 -0.980785
1756 5.85333e-07 0.258819
1757 5.85667e-07 0.75184
1758 5.86e-07 -0.92388
1759 5.86333e-07 0.0654031
1760 5.86667e-07 0.866025
1761 5.87e-07 -0.83147
1762 5.87333e-07 -0.130526
1763 5.87667e-07 0.94693
1764 5.88e-07 -0.707107
1765 5.88333e-07 -0.321439
1766 5.88667e-07 0.991445
1767 5.89e-07 -0.55557
1768 5.89333e-07 -0.5
1769 5.89667e-07 0.997859
1770 5.9e-07 -0.382683
1771 5.90333e-07 -0.659346
1772 5.90667e-07 0.965926
1773 5.91e-07 -0.19509
1774 5.91333e-07 -0.793353
1775 5.91667e-07 0.896873
1776 5.92e-07 8.41017e-11
1777 5.92333e-07 -0.896873
1778 5.92667e-07 0.793353
1779 5.93e-07 0.19509
1780 5.93333e-07 -0.965926
1781 5.93667e-07 0.659346
1782 5.94e-07 0.382683
1783 5.94333e-07 -0.997859
1784 5.94667e-07 0.5
1785 5.95e-07 0.55557
1786 5.95333e-07 -0.991445
1787 5.95667e-07 0.321439
1788 5.96e-07 0.707107
1789 5.96333e-07 -0.94693
1790 5.96667e-07 0.130526
1791 5.97e-07 0.83147
1792 5.97333e-07 -0.866025
1793 5.97667e-07 -0.0654031
1794 5.98e-07 0.92388
1795 5.98333e-07 -0.75184
1796 5.98667e-07 -0.258819
1797 5.99e-07 0.980785
1798 5.99333e-07 -0.608761
1799 5.99667e-07 -0.442289
1800 6e-07 1
1801 6.00333e-07 -0.442289
1802 6.00667e-07 -0.608761
1803 6.01e-07 0.980785
1804 6.01333e-07 -0.258819
1805 6.01667e-07 -0.75184
1806 6.02e-07 0.92388
1807 6.02333e-07 -0.0654031
1808 6.02667e-07 -0.866025
1809 6.03e-07 0.83147
1810 6.03333e-07 0.130526
1811 6.03667e-07 -0.94693
1812 6.04e-07 0.707107
1813 6.04333e-07 0.321439
1814 6.04667e-07 -0.991445
1815 6.05e-07 0.55557
1816 6.05333e-07 0.5
1817 6.05667e-07 -0.997859
1818 6.06e-07 0.382683
1819 6.06333e-07 0.659346
1820 6.06667e-07 -0.965926
1821 6.07e-07 0.19509
1822 6.07333e-07 0.793353
1823 6.07667e-07 -0.896873
1824 6.08e-07 -8.70507e-11
1825 6.08333e-07 0.896873
1826 6.08667e-07 -0.793353
1827 6.09e-07 -0.19509
1828 6.09333e-07 0.965926
1829 6.09667e-07 -0.659346
1830 6.1e-07 -0.382683
1831 6.10333e-07 0.997859
1832 6.10667e-07 -0.5
1833 6.11e-07 -0.55557
1834 6.11333e-07 0.991445
1835 6.11667e-07 -0.321439
1836 6.12e-07 -0.707107
1837 6.12333e-07 0.94693
1838 6.12667e-07 -0.130526
1839 6.13e-07 -0.83147
1840 6.13333e-07 0.866025
1841 6.13667e-07 0.0654031
1842 6.14e-07 -0.92388
1843 6.14333e-07 0.75184
1844 6.14667e-07 0.258819
1845 6.15e-07 -0.980785
1846 6.15333e-07 0.608761
1847 6.15667e-07 0.442289
1848 6.16e-07 -1
1849 6.16333e-07 0.442289
1850 6.16667e-07 0.608761
1851 6.17e-07 -0.980785
1852 6.17333e-07 0.258819
1853 6.17667e-07 0.75184
1854 6.18e-07 -0.92388
1855 6.18333e-07 0.0654031
1856 6.18667e-07 0.866025
1857 6.19e-07 -0.83147
1858 6.19333e-07 -0.130526
1859 6.19667e-07 0.94693
1860 6.2e-07 -0.707107
1861 6.20333e-07 -0.321439
1862 6.20667e-07 0.991445
1863 6.21e-07 -0.55557
1864 6.21333e-07 -0.5
1865 6.21667e-07 0.997859
1866 6.22e-07 -0.382683
1867 6.22333e-07 -0.659346
1868 6.22667e-07 0.965926
1869 6.23e-07 -0.19509
1870 6.23333e-07 -0.793353
1871 6.23667e-07 0.896873
1872 6.24e-07 8.99997e-11
1873 6.24333e-07 -0.896873
1874 6.24667e-07 0.793353
1875 6.25e-07 0.19509
1876 6.25333e-07 -0.965926
1877 6.25667e-07 0.659346
1878 6.26e-07 0.382683
1879 6.26333e-07 -0.997859
1880 6.26667e-07 0.5
1881 6.27e-07 0.55557
1882 6.27333e-07 -0.991445
1883 6.27667e-07 0.321439
1884 6.28e-07 0.707107
1885 6.28333e-07 -0.94693
1886 6.28667e-07 0.130526
1887 6.29e-07 0.83147
1888 6.29333e-07 -0.866025
1889 6.29667e-07 -0.0654031
1890 6.3e-07 0.92388
1891 6.30333e-07 -0.75184
1892 6.30667e-07 -0.258819
1893 6.31e-07 0.980785
1894 6.31333e-07 -0.608761
1895 6.31667e-07 -0.442289
1896 6.32e-07 1
1897 6.32333e-07 -0.442289
1898 6.32667e-07 -0.608761
1899 6.33e-07 0.980785
1900 6.33333e-07 -0.258819
1901 6.33667e-07 -0.75184
1902 6.34e-07 0.92388
1903 6.34333e-07 -0.0654031
1904 6.34667e-07 -0.866025
1905 6.35e-07 0.83147
1906 6.35333e-07 0.130526
1907 6.35667e-07 -0.94693
1908 6.36e-07 0.707107
1909 6.36333e-07 0.321439
1910 6.36667e-07 -0.991445
1911 6.37e-07 0.55557
1912 6.37333e-07 0.5
1913 6.37667e-07 -0.997859
1914 6.38e-07 0.382683
1915 6.38333e-07 0.659346
1916 6.38667e-07 -0.965926
1917 6.39e-07 0.19509
1918 6.39333e-07 0.793353
1919 6.39667e-07 -0.896873
1920 6.4e-07 -9.29487e-11
1921 6.40333e-07 0.896873
1922 6.40667e-07 -0.793353
1923 6.41e-07 -0.19509
1924 6.41333e-07 0.965926
1925 6.41667e-07 -0.659346
1926 6.42e-07 -0.382683
1927 6.42333e-07 0.997859
1928 6.42667e-07 -0.5
1929 6.43e-07 -0.55557
1930 6.43333e-07 0.991445
1931 6.43667e-07 -0.321439
1932 6.44e-07 -0.707107
1933 6.44333e-07 0.94693
1934 6.44667e-07 -0.130526
1935 6.45e-07 -0.83147
1936 6.45333e-07 0.866025
1937 6.45667e-07 0.0654031
1938 6.46e-07 -0.92388
1939 6.46333e-07 0.75184
1940 6.46667e-07 0.258819
1941 6.47e-07 -0.980785
1942 6.47333e-07 0.608761
1943 6.47667e-07 0.442289
1944 6.48e-07 -1
1945 6.48333e-07 0.442289
1946 6.48667e-07 0.608761
1947 6.49e-07 -0.980785
1948 6.49333e-07 0.258819
1949 6.49667e-07 0.75184
1950 6.5e-07 -0.92388
1951 6.50333e-07 0.0654031
1952 6.50667e-07 0.866025
1953 6.51e-07 -0.83147
1954 6.51333e-07 -0.130526
1955 6.51667e-07 0.94693
1956 6.52e-07 -0.707107
1957 6.52333e-07 -0.321439
1958 6.52667e-07 0.991445
1959 6.53e-07 -0.55557
1960 6.53333e-07 -0.5
1961 6.53667e-07 0.997859
1962 6.54e-07 -0.382683
1963 6.54333e-07 -0.659346
1964 6.54667e-07 0.965926
1965 6.55e-07 -0.19509
1966 6.55333e-07 -0.793353
1967 6.55667e-07 0.896873
1968 6.56e-07 9.58977e-11
1969 6.56333e-07 -0.896873
1970 6.56667e-07 0.793353
1971 6.57e-07 0.19509
1972 6.57333e-07 -0.965926
1973 6.57667e-07 0.659346
1974 6.58e-07 0.382683
1975 6.58333e-07 -0.997859
1976 6.58667e-07 0.5
1977 6.59e-07 0.55557
1978 6.59333e-07 -0.991445
1979 6.59667e-07 0.321439
1980 6.6e-07 0.707107
1981 6.60333e-07 -0.94693
1982 6.60667e-07 0.130526
1983 6.61e-07 0.83147
1984 6.61333e-07 -0.866025
1985 6.61667e-07 -0.0654031
1986 6.62e-07 0.92388
1987 6.62333e-07 -0.75184
1988 6.62667e-07 -0.258819
1989 6.63e-07 0.980785
1990 6.63333e-07 -0.608761
1991 6.63667e-07 -0.442289
1992 6.64e-07 1
1993 6.64333e-07 -0.442289
1994 6.64667e-07 -0.608761
1995 6.65e-07 0.980785
1996 6.65333e-07 -0.258819
1997 6.65667e-07 -0.75184
1998 6.66e-07 0.92388
1999 6.66333e-07 -0.0654031
2000 6.66667e-07 -0.866025
2001 6.67e-07 0.83147
2002 6.67333e-07 0.130526
2003 6.67667e-07 -0.94693
2004 6.68e-07 0.707107
2005 6.68333e-07 0.321439
2006 6.68667e-07 -0.991445
2007 6.69e-07 0.55557
2008 6.69333e-07 0.5
2009 6.69667e-07 -0.997859
2010 6.7e-07 0.382683
2011 6.70333e-07 0.659346
2012 6.70667e-07 -0.965926
2013 6.71e-07 0.19509
2014 6.71333e-07 0.793353
2015 6.71667e-07 -0.896873
