0 0 0
1 3.33333e-10 0.991445
2 6.66667e-10 0.258819
3 1e-09 -0.92388
4 1.33333e-09 -0.5
5 1.66667e-09 0.793353
6 2e-09 0.707107
7 2.33333e-09 -0.608761
8 2.66667e-09 -0.866025
9 3e-09 0.382683
10 3.33333e-09 0.965926
11 3.66667e-09 -0.130526
12 4e-09 -1
13 4.33333e-09 -0.130526
14 4.66667e-09 0.965926
15 5e-09 0.382683
16 5.33333e-09 -0.866025
17 5.66667e-09 -0.608761
18 6e-09 0.707107
19 6.33333e-09 0.793353
20 6.66667e-09 -0.5
21 7e-09 -0.92388
22 7.33333e-09 0.258819
23 7.66667e-09 0.991445
24 8e-09 1.20052e-14
25 8.33333e-09 -0.991445
26 8.66667e-09 -0.258819
27 9e-09 0.92388
28 9.33333e-09 0.5
29 9.66667e-09 -0.793353
30 1e-08 -0.707107
31 1.03333e-08 0.608761
32 1.06667e-08 0.866025
33 1.1e-08 -0.382683
34 1.13333e-08 -0.965926
35 1.16667e-08 0.130526
36 1.2e-08 1
37 1.23333e-08 0.130526
38 1.26667e-08 -0.965926
39 1.3e-08 -0.382683
40 1.33333e-08 0.866025
41 1.36667e-08 0.608761
42 1.4e-08 -0.707107
43 1.43333e-08 -0.793353
44 1.46667e-08 0.5
45 1.5e-08 0.92388
46 1.53333e-08 -0.258819
47 1.56667e-08 -0.991445
48 1.6e-08 -3.82213e-14
49 1.63333e-08 0.991445
50 1.66667e-08 0.258819
51 1.7e-08 -0.92388
52 1.73333e-08 -0.5
53 1.76667e-08 0.793353
54 1.8e-08 0.707107
55 1.83333e-08 -0.608761
56 1.86667e-08 -0.866025
57 1.9e-08 0.382683
58 1.93333e-08 0.965926
59 1.96667e-08 -0.130526
60 2e-08 -1
61 2.03333e-08 -0.130526
62 2.06667e-08 0.965926
63 2.1e-08 0.382683
64 2.13333e-08 -0.866025
65 2.16667e-08 -0.608761
66 2.2e-08 0.707107
67 2.23333e-08 0.793353
68 2.26667e-08 -0.5
69 2.3e-08 -0.92388
70 2.33333e-08 0.258819
71 2.36667e-08 0.991445
72 2.4e-08 7.15428e-14
73 2.43333e-08 -0.991445
74 2.46667e-08 -0.258819
75 2.5e-08 0.92388
76 2.53333e-08 0.5
77 2.56667e-08 -0.793353
78 2.6e-08 -0.707107
79 2.63333e-08 0.608761
80 2.66667e-08 0.866025
81 2.7e-08 -0.382683
82 2.73333e-08 -0.965926
83 2.76667e-08 0.130526
84 2.8e-08 1
85 2.83333e-08 0.130526
86 2.86667e-08 -0.965926
87 2.9e-08 -0.382683
88 2.93333e-08 0.866025
89 2.96667e-08 0.608761
90 3e-08 -0.707107
91 3.03333e-08 -0.793353
92 3.06667e-08 0.5
93 3.1e-08 0.92388
94 3.13333e-08 -0.258819
95 3.16667e-08 -0.991445
96 3.2e-08 -1.95991e-14
97 3.23333e-08 0.991445
98 3.26667e-08 0.258819
99 3.3e-08 -0.92388
100 3.33333e-08 -0.5
101 3.36667e-08 0.793353
102 3.4e-08 0.707107
103 3.43333e-08 -0.608761
104 3.46667e-08 -0.866025
105 3.5e-08 0.382683
106 3.53333e-08 0.965926
107 3.56667e-08 -0.130526
108 3.6e-08 -1
109 3.63333e-08 -0.130526
110 3.66667e-08 0.965926
111 3.7e-08 0.382683
112 3.73333e-08 -0.866025
113 3.76667e-08 -0.608761
114 3.8e-08 0.707107
115 3.83333e-08 0.793353
116 3.86667e-08 -0.5
117 3.9e-08 -0.92388
118 3.93333e-08 0.258819
119 3.96667e-08 0.991445
120 4e-08 -2.8814e-13
121 4.03333e-08 -0.991445
122 4.06667e-08 -0.258819
123 4.1e-08 0.92388
124 4.13333e-08 0.5
125 4.16667e-08 -0.793353
126 4.2e-08 -0.707107
127 4.23333e-08 0.608761
128 4.26667e-08 0.866025
129 4.3e-08 -0.382683
130 4.33333e-08 -0.965926
131 4.36667e-08 0.130526
132 4.4e-08 1
133 4.43333e-08 0.130526
134 4.46667e-08 -0.965926
135 4.5e-08 -0.382683
136 4.53333e-08 0.866025
137 4.56667e-08 0.608761
138 4.6e-08 -0.707107
139 4.63333e-08 -0.793353
140 4.66667e-08 0.5
141 4.7e-08 0.92388
142 4.73333e-08 -0.258819
143 4.76667e-08 -0.991445
144 4.8e-08 5.95879e-13
145 4.83333e-08 0.991445
146 4.86667e-08 0.258819
147 4.9e-08 -0.92388
148 4.93333e-08 -0.5
149 4.96667e-08 0.793353
150 5e-08 0.707107
151 5.03333e-08 -0.608761
152 5.06667e-08 -0.866025
153 5.1e-08 0.382683
154 5.13333e-08 0.965926
155 5.16667e-08 -0.130526
156 5.2e-08 -1
157 5.23333e-08 -0.130526
158 5.26667e-08 0.965926
159 5.3e-08 0.382683
160 5.33333e-08 -0.866025
161 5.36667e-08 -0.608761
162 5.4e-08 0.707107
163 5.43333e-08 0.793353
164 5.46667e-08 -0.5
165 5.5e-08 -0.92388
166 5.53333e-08 0.258819
167 5.56667e-08 0.991445
168 5.6e-08 -9.03618e-13
169 5.63333e-08 -0.991445
170 5.66667e-08 -0.258819
171 5.7e-08 0.92388
172 5.73333e-08 0.5
173 5.76667e-08 -0.793353
174 5.8e-08 -0.707107
175 5.83333e-08 0.608761
176 5.86667e-08 0.866025
177 5.9e-08 -0.382683
178 5.93333e-08 -0.965926
179 5.96667e-08 0.130526
180 6e-08 1
181 6.03333e-08 0.130526
182 6.06667e-08 -0.965926
183 6.1e-08 -0.382683
184 6.13333e-08 0.866025
185 6.16667e-08 0.608761
186 6.2e-08 -0.707107
187 6.23333e-08 -0.793353
188 6.26667e-08 0.5
189 6.3e-08 0.92388
190 6.33333e-08 -0.258819
191 6.36667e-08 -0.991445
192 6.4e-08 1.21136e-12
193 6.43333e-08 0.991445
194 6.46667e-08 0.258819
195 6.5e-08 -0.92388
196 6.53333e-08 -0.5
197 6.56667e-08 0.793353
198 6.6e-08 0.707107
199 6.63333e-08 -0.608761
200 6.66667e-08 -0.866025
201 6.7e-08 0.382683
202 6.73333e-08 0.965926
203 6.76667e-08 -0.130526
204 6.8e-08 -1
205 6.83333e-08 -0.130526
206 6.86667e-08 0.965926
207 6.9e-08 0.382683
208 6.93333e-08 -0.866025
209 6.96667e-08 -0.608761
210 7e-08 0.707107
211 7.03333e-08 0.793353
212 7.06667e-08 -0.5
213 7.1e-08 -0.92388
214 7.13333e-08 0.258819
215 7.16667e-08 0.991445
216 7.2e-08 -1.49067e-12
217 7.23333e-08 -0.991445
218 7.26667e-08 -0.258819
219 7.3e-08 0.92388
220 7.33333e-08 0.5
221 7.36667e-08 -0.793353
222 7.4e-08 -0.707107
223 7.43333e-08 0.608761
224 7.46667e-08 0.866025
225 7.5e-08 -0.382683
226 7.53333e-08 -0.965926
227 7.56667e-08 0.130526
228 7.6e-08 1
229 7.63333e-08 0.130526
230 7.66667e-08 -0.965926
231 7.7e-08 -0.382683
232 7.73333e-08 0.866025
233 7.76667e-08 0.608761
234 7.8e-08 -0.707107
235 7.83333e-08 -0.793353
236 7.86667e-08 0.5
237 7.9e-08 0.92388
238 7.93333e-08 -0.258819
239 7.96667e-08 -0.991445
240 8e-08 1.82684e-12
241 8.03333e-08 0.991445
242 8.06667e-08 0.258819
243 8.1e-08 -0.92388
244 8.13333e-08 -0.5
245 8.16667e-08 0.793353
246 8.2e-08 0.707107
247 8.23333e-08 -0.608761
248 8.26667e-08 -0.866025
249 8.3e-08 0.382683
250 8.33333e-08 0.965926
251 8.36667e-08 -0.130526
252 8.4e-08 -1
253 8.43333e-08 -0.130526
254 8.46667e-08 0.965926
255 8.5e-08 0.382683
256 8.53333e-08 -0.866025
257 8.56667e-08 -0.608761
258 8.6e-08 0.707107
259 8.63333e-08 0.793353
260 8.66667e-08 -0.5
261 8.7e-08 -0.92388
262 8.73333e-08 0.258819
263 8.76667e-08 0.991445
264 8.8e-08 -2.10615e-12
265 8.83333e-08 -0.991445
266 8.86667e-08 -0.258819
267 8.9e-08 0.92388
268 8.93333e-08 0.5
269 8.96667e-08 -0.793353
270 9e-08 -0.707107
271 9.03333e-08 0.608761
272 9.06667e-08 0.866025
273 9.1e-08 -0.382683
274 9.13333e-08 -0.965926
275 9.16667e-08 0.130526
276 9.2e-08 1
277 9.23333e-08 0.130526
278 9.26667e-08 -0.965926
279 9.3e-08 -0.382683
280 9.33333e-08 0.866025
281 9.36667e-08 0.608761
282 9.4e-08 -0.707107
283 9.43333e-08 -0.793353
284 9.46667e-08 0.5
285 9.5e-08 0.92388
286 9.53333e-08 -0.258819
287 9.56667e-08 -0.991445
288 9.6e-08 2.44231e-12
289 9.63333e-08 0.991445
290 9.66667e-08 0.258819
291 9.7e-08 -0.92388
292 9.73333e-08 -0.5
293 9.76667e-08 0.793353
294 9.8e-08 0.707107
295 9.83333e-08 -0.608761
296 9.86667e-08 -0.866025
297 9.9e-08 0.382683
298 9.93333e-08 0.965926
299 9.96667e-08 -0.130526
300 1e-07 -1
301 1.00333e-07 -0.130526
302 1.00667e-07 0.965926
303 1.01e-07 0.382683
304 1.01333e-07 -0.866025
305 1.01667e-07 -0.608761
306 1.02e-07 0.707107
307 1.02333e-07 0.793353
308 1.02667e-07 -0.5
309 1.03e-07 -0.92388
310 1.03333e-07 0.258819
311 1.03667e-07 0.991445
312 1.04e-07 -2.72163e-12
313 1.04333e-07 -0.991445
314 1.04667e-07 -0.258819
315 1.05e-07 0.92388
316 1.05333e-07 0.5
317 1.05667e-07 -0.793353
318 1.06e-07 -0.707107
319 1.06333e-07 0.608761
320 1.06667e-07 0.866025
321 1.07e-07 -0.382683
322 1.07333e-07 -0.965926
323 1.07667e-07 0.130526
324 1.08e-07 1
325 1.08333e-07 0.130526
326 1.08667e-07 -0.965926
327 1.09e-07 -0.382683
328 1.09333e-07 0.866025
329 1.09667e-07 0.608761
330 1.1e-07 -0.707107
331 1.10333e-07 -0.793353
332 1.10667e-07 0.5
333 1.11e-07 0.92388
334 1.11333e-07 -0.258819
335 1.11667e-07 -0.991445
336 1.12e-07 3.05779e-12
337 1.12333e-07 0.991445
338 1.12667e-07 0.258819
339 1.13e-07 -0.92388
340 1.13333e-07 -0.5
341 1.13667e-07 0.793353
342 1.14e-07 0.707107
343 1.14333e-07 -0.608761
344 1.14667e-07 -0.866025
345 1.15e-07 0.382683
346 1.15333e-07 0.965926
347 1.15667e-07 -0.130526
348 1.16e-07 -1
349 1.16333e-07 -0.130526
350 1.16667e-07 0.965926
351 1.17e-07 0.382683
352 1.17333e-07 -0.866025
353 1.17667e-07 -0.608761
354 1.18e-07 0.707107
355 1.18333e-07 0.793353
356 1.18667e-07 -0.5
357 1.19e-07 -0.92388
358 1.19333e-07 0.258819
359 1.19667e-07 0.991445
360 1.2e-07 -3.22342e-12
361 1.20333e-07 -0.991445
362 1.20667e-07 -0.258819
363 1.21e-07 0.92388
364 1.21333e-07 0.5
365 1.21667e-07 -0.793353
366 1.22e-07 -0.707107
367 1.22333e-07 0.608761
368 1.22667e-07 0.866025
369 1.23e-07 -0.382683
370 1.23333e-07 -0.965926
371 1.23667e-07 0.130526
372 1.24e-07 1
373 1.24333e-07 0.130526
374 1.24667e-07 -0.965926
375 1.25e-07 -0.382683
376 1.25333e-07 0.866025
377 1.25667e-07 0.608761
378 1.26e-07 -0.707107
379 1.26333e-07 -0.793353
380 1.26667e-07 0.5
381 1.27e-07 0.92388
382 1.27333e-07 -0.258819
383 1.27667e-07 -0.991445
384 1.28e-07 2.19534e-12
385 1.28333e-07 0.991445
386 1.28667e-07 0.258819
387 1.29e-07 -0.92388
388 1.29333e-07 -0.5
389 1.29667e-07 0.793353
390 1.3e-07 0.707107
391 1.30333e-07 -0.608761
392 1.30667e-07 -0.866025
393 1.31e-07 0.382683
394 1.31333e-07 0.965926
395 1.31667e-07 -0.130526
396 1.32e-07 -1
397 1.32333e-07 -0.130526
398 1.32667e-07 0.965926
399 1.33e-07 0.382683
400 1.33333e-07 -0.866025
401 1.33667e-07 -0.608761
402 1.34e-07 0.707107
403 1.34333e-07 0.793353
404 1.34667e-07 -0.5
405 1.35e-07 -0.92388
406 1.35333e-07 0.258819
407 1.35667e-07 0.991445
408 1.36e-07 -1.16726e-12
409 1.36333e-07 -0.991445
410 1.36667e-07 -0.258819
411 1.37e-07 0.92388
412 1.37333e-07 0.5
413 1.37667e-07 -0.793353
414 1.38e-07 -0.707107
415 1.38333e-07 0.608761
416 1.38667e-07 0.866025
417 1.39e-07 -0.382683
418 1.39333e-07 -0.965926
419 1.39667e-07 0.130526
420 1.4e-07 1
421 1.40333e-07 0.130526
422 1.40667e-07 -0.965926
423 1.41e-07 -0.382683
424 1.41333e-07 0.866025
425 1.41667e-07 0.608761
426 1.42e-07 -0.707107
427 1.42333e-07 -0.793353
428 1.42667e-07 0.5
429 1.43e-07 0.92388
430 1.43333e-07 -0.258819
431 1.43667e-07 -0.991445
432 1.44e-07 2.54908e-14
433 1.44333e-07 0.991445
434 1.44667e-07 0.258819
435 1.45e-07 -0.92388
436 1.45333e-07 -0.5
437 1.45667e-07 0.793353
438 1.46e-07 0.707107
439 1.46333e-07 -0.608761
440 1.46667e-07 -0.866025
441 1.47e-07 0.382683
442 1.47333e-07 0.965926
443 1.47667e-07 -0.130526
444 1.48e-07 -1
445 1.48333e-07 -0.130526
446 1.48667e-07 0.965926
447 1.49e-07 0.382683
448 1.49333e-07 -0.866025
449 1.49667e-07 -0.608761
450 1.5e-07 0.707107
451 1.50333e-07 0.793353
452 1.50667e-07 -0.5
453 1.51e-07 -0.92388
454 1.51333e-07 0.258819
455 1.51667e-07 0.991445
456 1.52e-07 1.00259e-12
457 1.52333e-07 -0.991445
458 1.52667e-07 -0.258819
459 1.53e-07 0.92388
460 1.53333e-07 0.5
461 1.53667e-07 -0.793353
462 1.54e-07 -0.707107
463 1.54333e-07 0.608761
464 1.54667e-07 0.866025
465 1.55e-07 -0.382683
466 1.55333e-07 -0.965926
467 1.55667e-07 0.130526
468 1.56e-07 1
469 1.56333e-07 0.130526
470 1.56667e-07 -0.965926
471 1.57e-07 -0.382683
472 1.57333e-07 0.866025
473 1.57667e-07 0.608761
474 1.58e-07 -0.707107
475 1.58333e-07 -0.793353
476 1.58667e-07 0.5
477 1.59e-07 0.92388
478 1.59333e-07 -0.258819
479 1.59667e-07 -0.991445
480 1.6e-07 -2.03067e-12
481 1.60333e-07 0.991445
482 1.60667e-07 0.258819
483 1.61e-07 -0.92388
484 1.61333e-07 -0.5
485 1.61667e-07 0.793353
486 1.62e-07 0.707107
487 1.62333e-07 -0.608761
488 1.62667e-07 -0.866025
489 1.63e-07 0.382683
490 1.63333e-07 0.965926
491 1.63667e-07 -0.130526
492 1.64e-07 -1
493 1.64333e-07 -0.130526
494 1.64667e-07 0.965926
495 1.65e-07 0.382683
496 1.65333e-07 -0.866025
497 1.65667e-07 -0.608761
498 1.66e-07 0.707107
499 1.66333e-07 0.793353
500 1.66667e-07 -0.5
501 1.67e-07 -0.92388
502 1.67333e-07 0.258819
503 1.67667e-07 0.991445
504 1.68e-07 3.17244e-12
505 1.68333e-07 -0.991445
506 1.68667e-07 -0.258819
507 1.69e-07 0.92388
508 1.69333e-07 0.5
509 1.69667e-07 -0.793353
510 1.7e-07 -0.707107
511 1.70333e-07 0.608761
512 1.70667e-07 0.866025
513 1.71e-07 -0.382683
514 1.71333e-07 -0.965926
515 1.71667e-07 0.130526
516 1.72e-07 1
517 1.72333e-07 0.130526
518 1.72667e-07 -0.965926
519 1.73e-07 -0.382683
520 1.73333e-07 0.866025
521 1.73667e-07 0.608761
522 1.74e-07 -0.707107
523 1.74333e-07 -0.793353
524 1.74667e-07 0.5
525 1.75e-07 0.92388
526 1.75333e-07 -0.258819
527 1.75667e-07 -0.991445
528 1.76e-07 -4.20052e-12
529 1.76333e-07 0.991445
530 1.76667e-07 0.258819
531 1.77e-07 -0.92388
532 1.77333e-07 -0.5
533 1.77667e-07 0.793353
534 1.78e-07 0.707107
535 1.78333e-07 -0.608761
536 1.78667e-07 -0.866025
537 1.79e-07 0.382683
538 1.79333e-07 0.965926
539 1.79667e-07 -0.130526
540 1.8e-07 -1
541 1.80333e-07 -0.130526
542 1.80667e-07 0.965926
543 1.81e-07 0.382683
544 1.81333e-07 -0.866025
545 1.81667e-07 -0.608761
546 1.82e-07 0.707107
547 1.82333e-07 0.793353
548 1.82667e-07 -0.5
549 1.83e-07 -0.92388
550 1.83333e-07 0.258819
551 1.83667e-07 0.991445
552 1.84e-07 5.2286e-12
553 1.84333e-07 -0.991445
554 1.84667e-07 -0.258819
555 1.85e-07 0.92388
556 1.85333e-07 0.5
557 1.85667e-07 -0.793353
558 1.86e-07 -0.707107
559 1.86333e-07 0.608761
560 1.86667e-07 0.866025
561 1.87e-07 -0.382683
562 1.87333e-07 -0.965926
563 1.87667e-07 0.130526
564 1.88e-07 1
565 1.88333e-07 0.130526
566 1.88667e-07 -0.965926
567 1.89e-07 -0.382683
568 1.89333e-07 0.866025
569 1.89667e-07 0.608761
570 1.9e-07 -0.707107
571 1.90333e-07 -0.793353
572 1.90667e-07 0.5
573 1.91e-07 0.92388
574 1.91333e-07 -0.258819
575 1.91667e-07 -0.991445
576 1.92e-07 -6.37037e-12
577 1.92333e-07 0.991445
578 1.92667e-07 0.258819
579 1.93e-07 -0.92388
580 1.93333e-07 -0.5
581 1.93667e-07 0.793353
582 1.94e-07 0.707107
583 1.94333e-07 -0.608761
584 1.94667e-07 -0.866025
585 1.95e-07 0.382683
586 1.95333e-07 0.965926
587 1.95667e-07 -0.130526
588 1.96e-07 -1
589 1.96333e-07 -0.130526
590 1.96667e-07 0.965926
591 1.97e-07 0.382683
592 1.97333e-07 -0.866025
593 1.97667e-07 -0.608761
594 1.98e-07 0.707107
595 1.98333e-07 0.793353
596 1.98667e-07 -0.5
597 1.99e-07 -0.92388
598 1.99333e-07 0.258819
599 1.99667e-07 0.991445
600 2e-07 7.39845e-12
601 2.00333e-07 -0.991445
602 2.00667e-07 -0.258819
603 2.01e-07 0.92388
604 2.01333e-07 0.5
605 2.01667e-07 -0.793353
606 2.02e-07 -0.707107
607 2.02333e-07 0.608761
608 2.02667e-07 0.866025
609 2.03e-07 -0.382683
610 2.03333e-07 -0.965926
611 2.03667e-07 0.130526
612 2.04e-07 1
613 2.04333e-07 0.130526
614 2.04667e-07 -0.965926
615 2.05e-07 -0.382683
616 2.05333e-07 0.866025
617 2.05667e-07 0.608761
618 2.06e-07 -0.707107
619 2.06333e-07 -0.793353
620 2.06667e-07 0.5
621 2.07e-07 0.92388
622 2.07333e-07 -0.258819
623 2.07667e-07 -0.991445
624 2.08e-07 -8.42653e-12
625 2.08333e-07 0.991445
626 2.08667e-07 0.258819
627 2.09e-07 -0.92388
628 2.09333e-07 -0.5
629 2.09667e-07 0.793353
630 2.1e-07 0.707107
631 2.10333e-07 -0.608761
632 2.10667e-07 -0.866025
633 2.11e-07 0.382683
634 2.11333e-07 0.965926
635 2.11667e-07 -0.130526
636 2.12e-07 -1
637 2.12333e-07 -0.130526
638 2.12667e-07 0.965926
639 2.13e-07 0.382683
640 2.13333e-07 -0.866025
641 2.13667e-07 -0.608761
642 2.14e-07 0.707107
643 2.14333e-07 0.793353
644 2.14667e-07 -0.5
645 2.15e-07 -0.92388
646 2.15333e-07 0.258819
647 2.15667e-07 0.991445
648 2.16e-07 9.5683e-12
649 2.16333e-07 -0.991445
650 2.16667e-07 -0.258819
651 2.17e-07 0.92388
652 2.17333e-07 0.5
653 2.17667e-07 -0.793353
654 2.18e-07 -0.707107
655 2.18333e-07 0.608761
656 2.18667e-07 0.866025
657 2.19e-07 -0.382683
658 2.19333e-07 -0.965926
659 2.19667e-07 0.130526
660 2.2e-07 1
661 2.20333e-07 0.130526
662 2.20667e-07 -0.965926
663 2.21e-07 -0.382683
664 2.21333e-07 0.866025
665 2.21667e-07 0.608761
666 2.22e-07 -0.707107
667 2.22333e-07 -0.793353
668 2.22667e-07 0.5
669 2.23e-07 0.92388
670 2.23333e-07 -0.258819
671 2.23667e-07 -0.991445
672 2.24e-07 -1.05964e-11
673 2.24333e-07 0.991445
674 2.24667e-07 0.258819
675 2.25e-07 -0.92388
676 2.25333e-07 -0.5
677 2.25667e-07 0.793353
678 2.26e-07 0.707107
679 2.26333e-07 -0.608761
680 2.26667e-07 -0.866025
681 2.27e-07 0.382683
682 2.27333e-07 0.965926
683 2.27667e-07 -0.130526
684 2.28e-07 -1
685 2.28333e-07 -0.130526
686 2.28667e-07 0.965926
687 2.29e-07 0.382683
688 2.29333e-07 -0.866025
689 2.29667e-07 -0.608761
690 2.3e-07 0.707107
691 2.30333e-07 0.793353
692 2.30667e-07 -0.5
693 2.31e-07 -0.92388
694 2.31333e-07 0.258819
695 2.31667e-07 0.991445
696 2.32e-07 1.16245e-11
697 2.32333e-07 -0.991445
698 2.32667e-07 -0.258819
699 2.33e-07 0.92388
700 2.33333e-07 0.5
701 2.33667e-07 -0.793353
702 2.34e-07 -0.707107
703 2.34333e-07 0.608761
704 2.34667e-07 0.866025
705 2.35e-07 -0.382683
706 2.35333e-07 -0.965926
707 2.35667e-07 0.130526
708 2.36e-07 1
709 2.36333e-07 0.130526
710 2.36667e-07 -0.965926
711 2.37e-07 -0.382683
712 2.37333e-07 0.866025
713 2.37667e-07 0.608761
714 2.38e-07 -0.707107
715 2.38333e-07 -0.793353
716 2.38667e-07 0.5
717 2.39e-07 0.92388
718 2.39333e-07 -0.258819
719 2.39667e-07 -0.991445
720 2.4e-07 -1.26525e-11
721 2.40333e-07 0.991445
722 2.40667e-07 0.258819
723 2.41e-07 -0.92388
724 2.41333e-07 -0.5
725 2.41667e-07 0.793353
726 2.42e-07 0.707107
727 2.42333e-07 -0.608761
728 2.42667e-07 -0.866025
729 2.43e-07 0.382683
730 2.43333e-07 0.965926
731 2.43667e-07 -0.130526
732 2.44e-07 -1
733 2.44333e-07 -0.130526
734 2.44667e-07 0.965926
735 2.45e-07 0.382683
736 2.45333e-07 -0.866025
737 2.45667e-07 -0.608761
738 2.46e-07 0.707107
739 2.46333e-07 0.793353
740 2.46667e-07 -0.5
741 2.47e-07 -0.92388
742 2.47333e-07 0.258819
743 2.47667e-07 0.991445
744 2.48e-07 1.37943e-11
745 2.48333e-07 -0.991445
746 2.48667e-07 -0.258819
747 2.49e-07 0.92388
748 2.49333e-07 0.5
749 2.49667e-07 -0.793353
750 2.5e-07 -0.707107
751 2.50333e-07 0.608761
752 2.50667e-07 0.866025
753 2.51e-07 -0.382683
754 2.51333e-07 -0.965926
755 2.51667e-07 0.130526
756 2.52e-07 1
757 2.52333e-07 0.130526
758 2.52667e-07 -0.965926
759 2.53e-07 -0.382683
760 2.53333e-07 0.866025
761 2.53667e-07 0.608761
762 2.54e-07 -0.707107
763 2.54333e-07 -0.793353
764 2.54667e-07 0.5
765 2.55e-07 0.92388
766 2.55333e-07 -0.258819
767 2.55667e-07 -0.991445
768 2.56e-07 -1.49361e-11
769 2.56333e-07 0.991445
770 2.56667e-07 0.258819
771 2.57e-07 -0.92388
772 2.57333e-07 -0.5
773 2.57667e-07 0.793353
774 2.58e-07 0.707107
775 2.58333e-07 -0.608761
776 2.58667e-07 -0.866025
777 2.59e-07 0.382683
778 2.59333e-07 0.965926
779 2.59667e-07 -0.130526
780 2.6e-07 -1
781 2.60333e-07 -0.130526
782 2.60667e-07 0.965926
783 2.61e-07 0.382683
784 2.61333e-07 -0.866025
785 2.61667e-07 -0.608761
786 2.62e-07 0.707107
787 2.62333e-07 0.793353
788 2.62667e-07 -0.5
789 2.63e-07 -0.92388
790 2.63333e-07 0.258819
791 2.63667e-07 0.991445
792 2.64e-07 1.58505e-11
793 2.64333e-07 -0.991445
794 2.64667e-07 -0.258819
795 2.65e-07 0.92388
796 2.65333e-07 0.5
797 2.65667e-07 -0.793353
798 2.66e-07 -0.707107
799 2.66333e-07 0.608761
800 2.66667e-07 0.866025
801 2.67e-07 -0.382683
802 2.67333e-07 -0.965926
803 2.67667e-07 0.130526
804 2.68e-07 1
805 2.68333e-07 0.130526
806 2.68667e-07 -0.965926
807 2.69e-07 -0.382683
808 2.69333e-07 0.866025
809 2.69667e-07 0.608761
810 2.7e-07 -0.707107
811 2.70333e-07 -0.793353
812 2.70667e-07 0.5
813 2.71e-07 0.92388
814 2.71333e-07 -0.258819
815 2.71667e-07 -0.991445
816 2.72e-07 -1.69922e-11
817 2.72333e-07 0.991445
818 2.72667e-07 0.258819
819 2.73e-07 -0.92388
820 2.73333e-07 -0.5
821 2.73667e-07 0.793353
822 2.74e-07 0.707107
823 2.74333e-07 -0.608761
824 2.74667e-07 -0.866025
825 2.75e-07 0.382683
826 2.75333e-07 0.965926
827 2.75667e-07 -0.130526
828 2.76e-07 -1
829 2.76333e-07 -0.130526
830 2.76667e-07 0.965926
831 2.77e-07 0.382683
832 2.77333e-07 -0.866025
833 2.77667e-07 -0.608761
834 2.78e-07 0.707107
835 2.78333e-07 0.793353
836 2.78667e-07 -0.5
837 2.79e-07 -0.92388
838 2.79333e-07 0.258819
839 2.79667e-07 0.991445
840 2.8e-07 1.8134e-11
841 2.80333e-07 -0.991445
842 2.80667e-07 -0.258819
843 2.81e-07 0.92388
844 2.81333e-07 0.5
845 2.81667e-07 -0.793353
846 2.82e-07 -0.707107
847 2.82333e-07 0.608761
848 2.82667e-07 0.866025
849 2.83e-07 -0.382683
850 2.83333e-07 -0.965926
851 2.83667e-07 0.130526
852 2.84e-07 1
853 2.84333e-07 0.130526
854 2.84667e-07 -0.965926
855 2.85e-07 -0.382683
856 2.85333e-07 0.866025
857 2.85667e-07 0.608761
858 2.86e-07 -0.707107
859 2.86333e-07 -0.793353
860 2.86667e-07 0.5
861 2.87e-07 0.92388
862 2.87333e-07 -0.258819
863 2.87667e-07 -0.991445
864 2.88e-07 -1.90484e-11
865 2.88333e-07 0.991445
866 2.88667e-07 0.258819
867 2.89e-07 -0.92388
868 2.89333e-07 -0.5
869 2.89667e-07 0.793353
870 2.9e-07 0.707107
871 2.90333e-07 -0.608761
872 2.90667e-07 -0.866025
873 2.91e-07 0.382683
874 2.91333e-07 0.965926
875 2.91667e-07 -0.130526
876 2.92e-07 -1
877 2.92333e-07 -0.130526
878 2.92667e-07 0.965926
879 2.93e-07 0.382683
880 2.93333e-07 -0.866025
881 2.93667e-07 -0.608761
882 2.94e-07 0.707107
883 2.94333e-07 0.793353
884 2.94667e-07 -0.5
885 2.95e-07 -0.92388
886 2.95333e-07 0.258819
887 2.95667e-07 0.991445
888 2.96e-07 2.01902e-11
889 2.96333e-07 -0.991445
890 2.96667e-07 -0.258819
891 2.97e-07 0.92388
892 2.97333e-07 0.5
893 2.97667e-07 -0.793353
894 2.98e-07 -0.707107
895 2.98333e-07 0.608761
896 2.98667e-07 0.866025
897 2.99e-07 -0.382683
898 2.99333e-07 -0.965926
899 2.99667e-07 0.130526
900 3e-07 1
901 3.00333e-07 0.130526
902 3.00667e-07 -0.965926
903 3.01e-07 -0.382683
904 3.01333e-07 0.866025
905 3.01667e-07 0.608761
906 3.02e-07 -0.707107
907 3.02333e-07 -0.793353
908 3.02667e-07 0.5
909 3.03e-07 0.92388
910 3.03333e-07 -0.258819
911 3.03667e-07 -0.991445
912 3.04e-07 -2.13319e-11
913 3.04333e-07 0.991445
914 3.04667e-07 0.258819
915 3.05e-07 -0.92388
916 3.05333e-07 -0.5
917 3.05667e-07 0.793353
918 3.06e-07 0.707107
919 3.06333e-07 -0.608761
920 3.06667e-07 -0.866025
921 3.07e-07 0.382683
922 3.07333e-07 0.965926
923 3.07667e-07 -0.130526
924 3.08e-07 -1
925 3.08333e-07 -0.130526
926 3.08667e-07 0.965926
927 3.09e-07 0.382683
928 3.09333e-07 -0.866025
929 3.09667e-07 -0.608761
930 3.1e-07 0.707107
931 3.10333e-07 0.793353
932 3.10667e-07 -0.5
933 3.11e-07 -0.92388
934 3.11333e-07 0.258819
935 3.11667e-07 0.991445
936 3.12e-07 2.22463e-11
937 3.12333e-07 -0.991445
938 3.12667e-07 -0.258819
939 3.13e-07 0.92388
940 3.13333e-07 0.5
941 3.13667e-07 -0.793353
942 3.14e-07 -0.707107
943 3.14333e-07 0.608761
944 3.14667e-07 0.866025
945 3.15e-07 -0.382683
946 3.15333e-07 -0.965926
947 3.15667e-07 0.130526
948 3.16e-07 1
949 3.16333e-07 0.130526
950 3.16667e-07 -0.965926
951 3.17e-07 -0.382683
952 3.17333e-07 0.866025
953 3.17667e-07 0.608761
954 3.18e-07 -0.707107
955 3.18333e-07 -0.793353
956 3.18667e-07 0.5
957 3.19e-07 0.92388
958 3.19333e-07 -0.258819
959 3.19667e-07 -0.991445
960 3.2e-07 -2.33881e-11
961 3.20333e-07 0.991445
962 3.20667e-07 0.258819
963 3.21e-07 -0.92388
964 3.21333e-07 -0.5
965 3.21667e-07 0.793353
966 3.22e-07 0.707107
967 3.22333e-07 -0.608761
968 3.22667e-07 -0.866025
969 3.23e-07 0.382683
970 3.23333e-07 0.965926
971 3.23667e-07 -0.130526
972 3.24e-07 -1
973 3.24333e-07 -0.130526
974 3.24667e-07 0.965926
975 3.25e-07 0.382683
976 3.25333e-07 -0.866025
977 3.25667e-07 -0.608761
978 3.26e-07 0.707107
979 3.26333e-07 0.793353
980 3.26667e-07 -0.5
981 3.27e-07 -0.92388
982 3.27333e-07 0.258819
983 3.27667e-07 0.991445
984 3.28e-07 2.43025e-11
985 3.28333e-07 -0.991445
986 3.28667e-07 -0.258819
987 3.29e-07 0.92388
988 3.29333e-07 0.5
989 3.29667e-07 -0.793353
990 3.3e-07 -0.707107
991 3.30333e-07 0.608761
992 3.30667e-07 0.866025
993 3.31e-07 -0.382683
994 3.31333e-07 -0.965926
995 3.31667e-07 0.130526
996 3.32e-07 1
997 3.32333e-07 0.130526
998 3.32667e-07 -0.965926
999 3.33e-07 -0.382683
1000 3.33333e-07 0.866025
1001 3.33667e-07 0.608761
1002 3.34e-07 -0.707107
1003 3.34333e-07 -0.793353
1004 3.34667e-07 0.5
1005 3.35e-07 0.92388
1006 3.35333e-07 -0.258819
1007 3.35667e-07 -0.991445
1008 3.36e-07 -2.54443e-11
1009 3.36333e-07 0.991445
1010 3.36667e-07 0.258819
1011 3.37e-07 -0.92388
1012 3.37333e-07 -0.5
1013 3.37667e-07 0.793353
1014 3.38e-07 0.707107
1015 3.38333e-07 -0.608761
1016 3.38667e-07 -0.866025
1017 3.39e-07 0.382683
1018 3.39333e-07 0.965926
1019 3.39667e-07 -0.130526
1020 3.4e-07 -1
1021 3.40333e-07 -0.130526
1022 3.40667e-07 0.965926
1023 3.41e-07 0.382683
1024 3.41333e-07 -0.866025
1025 3.41667e-07 -0.608761
1026 3.42e-07 0.707107
1027 3.42333e-07 0.793353
1028 3.42667e-07 -0.5
1029 3.43e-07 -0.92388
1030 3.43333e-07 0.258819
1031 3.43667e-07 0.991445
1032 3.44e-07 2.6586e-11
1033 3.44333e-07 -0.991445
1034 3.44667e-07 -0.258819
1035 3.45e-07 0.92388
1036 3.45333e-07 0.5
1037 3.45667e-07 -0.793353
1038 3.46e-07 -0.707107
1039 3.46333e-07 0.608761
1040 3.46667e-07 0.866025
1041 3.47e-07 -0.382683
1042 3.47333e-07 -0.965926
1043 3.47667e-07 0.130526
1044 3.48e-07 1
1045 3.48333e-07 0.130526
1046 3.48667e-07 -0.965926
1047 3.49e-07 -0.382683
1048 3.49333e-07 0.866025
1049 3.49667e-07 0.608761
1050 3.5e-07 -0.707107
1051 3.50333e-07 -0.793353
1052 3.50667e-07 0.5
1053 3.51e-07 0.92388
1054 3.51333e-07 -0.258819
1055 3.51667e-07 -0.991445
1056 3.52e-07 -2.75004e-11
1057 3.52333e-07 0.991445
1058 3.52667e-07 0.258819
1059 3.53e-07 -0.92388
1060 3.53333e-07 -0.5
1061 3.53667e-07 0.793353
1062 3.54e-07 0.707107
1063 3.54333e-07 -0.608761
1064 3.54667e-07 -0.866025
1065 3.55e-07 0.382683
1066 3.55333e-07 0.965926
1067 3.55667e-07 -0.130526
1068 3.56e-07 -1
1069 3.56333e-07 -0.130526
1070 3.56667e-07 0.965926
1071 3.57e-07 0.382683
1072 3.57333e-07 -0.866025
1073 3.57667e-07 -0.608761
1074 3.58e-07 0.707107
1075 3.58333e-07 0.793353
1076 3.58667e-07 -0.5
1077 3.59e-07 -0.92388
1078 3.59333e-07 0.258819
1079 3.59667e-07 0.991445
1080 3.6e-07 2.86422e-11
1081 3.60333e-07 -0.991445
1082 3.60667e-07 -0.258819
1083 3.61e-07 0.92388
1084 3.61333e-07 0.5
1085 3.61667e-07 -0.793353
1086 3.62e-07 -0.707107
1087 3.62333e-07 0.608761
1088 3.62667e-07 0.866025
1089 3.63e-07 -0.382683
1090 3.63333e-07 -0.965926
1091 3.63667e-07 0.130526
1092 3.64e-07 1
1093 3.64333e-07 0.130526
1094 3.64667e-07 -0.965926
1095 3.65e-07 -0.382683
1096 3.65333e-07 0.866025
1097 3.65667e-07 0.608761
1098 3.66e-07 -0.707107
1099 3.66333e-07 -0.793353
1100 3.66667e-07 0.5
1101 3.67e-07 0.92388
1102 3.67333e-07 -0.258819
1103 3.67667e-07 -0.991445
1104 3.68e-07 -2.9784e-11
1105 3.68333e-07 0.991445
1106 3.68667e-07 0.258819
1107 3.69e-07 -0.92388
1108 3.69333e-07 -0.5
1109 3.69667e-07 0.793353
1110 3.7e-07 0.707107
1111 3.70333e-07 -0.608761
1112 3.70667e-07 -0.866025
1113 3.71e-07 0.382683
1114 3.71333e-07 0.965926
1115 3.71667e-07 -0.130526
1116 3.72e-07 -1
1117 3.72333e-07 -0.130526
1118 3.72667e-07 0.965926
1119 3.73e-07 0.382683
1120 3.73333e-07 -0.866025
1121 3.73667e-07 -0.608761
1122 3.74e-07 0.707107
1123 3.74333e-07 0.793353
1124 3.74667e-07 -0.5
1125 3.75e-07 -0.92388
1126 3.75333e-07 0.258819
1127 3.75667e-07 0.991445
1128 3.76e-07 3.06984e-11
1129 3.76333e-07 -0.991445
1130 3.76667e-07 -0.258819
1131 3.77e-07 0.92388
1132 3.77333e-07 0.5
1133 3.77667e-07 -0.793353
1134 3.78e-07 -0.707107
1135 3.78333e-07 0.608761
1136 3.78667e-07 0.866025
1137 3.79e-07 -0.382683
1138 3.79333e-07 -0.965926
1139 3.79667e-07 0.130526
1140 3.8e-07 1
1141 3.80333e-07 0.130526
1142 3.80667e-07 -0.965926
1143 3.81e-07 -0.382683
1144 3.81333e-07 0.866025
1145 3.81667e-07 0.608761
1146 3.82e-07 -0.707107
1147 3.82333e-07 -0.793353
1148 3.82667e-07 0.5
1149 3.83e-07 0.92388
1150 3.83333e-07 -0.258819
1151 3.83667e-07 -0.991445
1152 3.84e-07 -3.18401e-11
1153 3.84333e-07 0.991445
1154 3.84667e-07 0.258819
1155 3.85e-07 -0.92388
1156 3.85333e-07 -0.5
1157 3.85667e-07 0.793353
1158 3.86e-07 0.707107
1159 3.86333e-07 -0.608761
1160 3.86667e-07 -0.866025
1161 3.87e-07 0.382683
1162 3.87333e-07 0.965926
1163 3.87667e-07 -0.130526
1164 3.88e-07 -1
1165 3.88333e-07 -0.130526
1166 3.88667e-07 0.965926
1167 3.89e-07 0.382683
1168 3.89333e-07 -0.866025
1169 3.89667e-07 -0.608761
1170 3.9e-07 0.707107
1171 3.90333e-07 0.793353
1172 3.90667e-07 -0.5
1173 3.91e-07 -0.92388
1174 3.91333e-07 0.258819
1175 3.91667e-07 0.991445
1176 3.92e-07 3.29819e-11
1177 3.92333e-07 -0.991445
1178 3.92667e-07 -0.258819
1179 3.93e-07 0.92388
1180 3.93333e-07 0.5
1181 3.93667e-07 -0.793353
1182 3.94e-07 -0.707107
1183 3.94333e-07 0.608761
1184 3.94667e-07 0.866025
1185 3.95e-07 -0.382683
1186 3.95333e-07 -0.965926
1187 3.95667e-07 0.130526
1188 3.96e-07 1
1189 3.96333e-07 0.130526
1190 3.96667e-07 -0.965926
1191 3.97e-07 -0.382683
1192 3.97333e-07 0.866025
1193 3.97667e-07 0.608761
1194 3.98e-07 -0.707107
1195 3.98333e-07 -0.793353
1196 3.98667e-07 0.5
1197 3.99e-07 0.92388
1198 3.99333e-07 -0.258819
1199 3.99667e-07 -0.991445
1200 4e-07 -3.38963e-11
1201 4.00333e-07 0.991445
1202 4.00667e-07 0.258819
1203 4.01e-07 -0.92388
1204 4.01333e-07 -0.5
1205 4.01667e-07 0.793353
1206 4.02e-07 0.707107
1207 4.02333e-07 -0.608761
1208 4.02667e-07 -0.866025
1209 4.03e-07 0.382683
1210 4.03333e-07 0.965926
1211 4.03667e-07 -0.130526
1212 4.04e-07 -1
1213 4.04333e-07 -0.130526
1214 4.04667e-07 0.965926
1215 4.05e-07 0.382683
1216 4.05333e-07 -0.866025
1217 4.05667e-07 -0.608761
1218 4.06e-07 0.707107
1219 4.06333e-07 0.793353
1220 4.06667e-07 -0.5
1221 4.07e-07 -0.92388
1222 4.07333e-07 0.258819
1223 4.07667e-07 0.991445
1224 4.08e-07 3.50381e-11
1225 4.08333e-07 -0.991445
1226 4.08667e-07 -0.258819
1227 4.09e-07 0.92388
1228 4.09333e-07 0.5
1229 4.09667e-07 -0.793353
1230 4.1e-07 -0.707107
1231 4.10333e-07 0.608761
1232 4.10667e-07 0.866025
1233 4.11e-07 -0.382683
1234 4.11333e-07 -0.965926
1235 4.11667e-07 0.130526
1236 4.12e-07 1
1237 4.12333e-07 0.130526
1238 4.12667e-07 -0.965926
1239 4.13e-07 -0.382683
1240 4.13333e-07 0.866025
1241 4.13667e-07 0.608761
1242 4.14e-07 -0.707107
1243 4.14333e-07 -0.793353
1244 4.14667e-07 0.5
1245 4.15e-07 0.92388
1246 4.15333e-07 -0.258819
1247 4.15667e-07 -0.991445
1248 4.16e-07 -3.61798e-11
1249 4.16333e-07 0.991445
1250 4.16667e-07 0.258819
1251 4.17e-07 -0.92388
1252 4.17333e-07 -0.5
1253 4.17667e-07 0.793353
1254 4.18e-07 0.707107
1255 4.18333e-07 -0.608761
1256 4.18667e-07 -0.866025
1257 4.19e-07 0.382683
1258 4.19333e-07 0.965926
1259 4.19667e-07 -0.130526
1260 4.2e-07 -1
1261 4.20333e-07 -0.130526
1262 4.20667e-07 0.965926
1263 4.21e-07 0.382683
1264 4.21333e-07 -0.866025
1265 4.21667e-07 -0.608761
1266 4.22e-07 0.707107
1267 4.22333e-07 0.793353
1268 4.22667e-07 -0.5
1269 4.23e-07 -0.92388
1270 4.23333e-07 0.258819
1271 4.23667e-07 0.991445
1272 4.24e-07 3.70942e-11
1273 4.24333e-07 -0.991445
1274 4.24667e-07 -0.258819
1275 4.25e-07 0.92388
1276 4.25333e-07 0.5
1277 4.25667e-07 -0.793353
1278 4.26e-07 -0.707107
1279 4.26333e-07 0.608761
1280 4.26667e-07 0.866025
1281 4.27e-07 -0.382683
1282 4.27333e-07 -0.965926
1283 4.27667e-07 0.130526
1284 4.28e-07 1
1285 4.28333e-07 0.130526
1286 4.28667e-07 -0.965926
1287 4.29e-07 -0.382683
1288 4.29333e-07 0.866025
1289 4.29667e-07 0.608761
1290 4.3e-07 -0.707107
1291 4.30333e-07 -0.793353
1292 4.30667e-07 0.5
1293 4.31e-07 0.92388
1294 4.31333e-07 -0.258819
1295 4.31667e-07 -0.991445
1296 4.32e-07 -3.8236e-11
1297 4.32333e-07 0.991445
1298 4.32667e-07 0.258819
1299 4.33e-07 -0.92388
1300 4.33333e-07 -0.5
1301 4.33667e-07 0.793353
1302 4.34e-07 0.707107
1303 4.34333e-07 -0.608761
1304 4.34667e-07 -0.866025
1305 4.35e-07 0.382683
1306 4.35333e-07 0.965926
1307 4.35667e-07 -0.130526
1308 4.36e-07 -1
1309 4.36333e-07 -0.130526
1310 4.36667e-07 0.965926
1311 4.37e-07 0.382683
1312 4.37333e-07 -0.866025
1313 4.37667e-07 -0.608761
1314 4.38e-07 0.707107
1315 4.38333e-07 0.793353
1316 4.38667e-07 -0.5
1317 4.39e-07 -0.92388
1318 4.39333e-07 0.258819
1319 4.39667e-07 0.991445
1320 4.4e-07 3.93778e-11
1321 4.40333e-07 -0.991445
1322 4.40667e-07 -0.258819
1323 4.41e-07 0.92388
1324 4.41333e-07 0.5
1325 4.41667e-07 -0.793353
1326 4.42e-07 -0.707107
1327 4.42333e-07 0.608761
1328 4.42667e-07 0.866025
1329 4.43e-07 -0.382683
1330 4.43333e-07 -0.965926
1331 4.43667e-07 0.130526
1332 4.44e-07 1
1333 4.44333e-07 0.130526
1334 4.44667e-07 -0.965926
1335 4.45e-07 -0.382683
1336 4.45333e-07 0.866025
1337 4.45667e-07 0.608761
1338 4.46e-07 -0.707107
1339 4.46333e-07 -0.793353
1340 4.46667e-07 0.5
1341 4.47e-07 0.92388
1342 4.47333e-07 -0.258819
1343 4.47667e-07 -0.991445
1344 4.48e-07 -4.02922e-11
1345 4.48333e-07 0.991445
1346 4.48667e-07 0.258819
1347 4.49e-07 -0.92388
1348 4.49333e-07 -0.5
1349 4.49667e-07 0.793353
1350 4.5e-07 0.707107
1351 4.50333e-07 -0.608761
1352 4.50667e-07 -0.866025
1353 4.51e-07 0.382683
1354 4.51333e-07 0.965926
1355 4.51667e-07 -0.130526
1356 4.52e-07 -1
1357 4.52333e-07 -0.130526
1358 4.52667e-07 0.965926
1359 4.53e-07 0.382683
1360 4.53333e-07 -0.866025
1361 4.53667e-07 -0.608761
1362 4.54e-07 0.707107
1363 4.54333e-07 0.793353
1364 4.54667e-07 -0.5
1365 4.55e-07 -0.92388
1366 4.55333e-07 0.258819
1367 4.55667e-07 0.991445
1368 4.56e-07 4.14339e-11
1369 4.56333e-07 -0.991445
1370 4.56667e-07 -0.258819
1371 4.57e-07 0.92388
1372 4.57333e-07 0.5
1373 4.57667e-07 -0.793353
1374 4.58e-07 -0.707107
1375 4.58333e-07 0.608761
1376 4.58667e-07 0.866025
1377 4.59e-07 -0.382683
1378 4.59333e-07 -0.965926
1379 4.59667e-07 0.130526
1380 4.6e-07 1
1381 4.60333e-07 0.130526
1382 4.60667e-07 -0.965926
1383 4.61e-07 -0.382683
1384 4.61333e-07 0.866025
1385 4.61667e-07 0.608761
1386 4.62e-07 -0.707107
1387 4.62333e-07 -0.793353
1388 4.62667e-07 0.5
1389 4.63e-07 0.92388
1390 4.63333e-07 -0.258819
1391 4.63667e-07 -0.991445
1392 4.64e-07 -4.25757e-11
1393 4.64333e-07 0.991445
1394 4.64667e-07 0.258819
1395 4.65e-07 -0.92388
1396 4.65333e-07 -0.5
1397 4.65667e-07 0.793353
1398 4.66e-07 0.707107
1399 4.66333e-07 -0.608761
1400 4.66667e-07 -0.866025
1401 4.67e-07 0.382683
1402 4.67333e-07 0.965926
1403 4.67667e-07 -0.130526
1404 4.68e-07 -1
1405 4.68333e-07 -0.130526
1406 4.68667e-07 0.965926
1407 4.69e-07 0.382683
1408 4.69333e-07 -0.866025
1409 4.69667e-07 -0.608761
1410 4.7e-07 0.707107
1411 4.70333e-07 0.793353
1412 4.70667e-07 -0.5
1413 4.71e-07 -0.92388
1414 4.71333e-07 0.258819
1415 4.71667e-07 0.991445
1416 4.72e-07 4.34901e-11
1417 4.72333e-07 -0.991445
1418 4.72667e-07 -0.258819
1419 4.73e-07 0.92388
1420 4.73333e-07 0.5
1421 4.73667e-07 -0.793353
1422 4.74e-07 -0.707107
1423 4.74333e-07 0.608761
1424 4.74667e-07 0.866025
1425 4.75e-07 -0.382683
1426 4.75333e-07 -0.965926
1427 4.75667e-07 0.130526
1428 4.76e-07 1
1429 4.76333e-07 0.130526
1430 4.76667e-07 -0.965926
1431 4.77e-07 -0.382683
1432 4.77333e-07 0.866025
1433 4.77667e-07 0.608761
1434 4.78e-07 -0.707107
1435 4.78333e-07 -0.793353
1436 4.78667e-07 0.5
1437 4.79e-07 0.92388
1438 4.79333e-07 -0.258819
1439 4.79667e-07 -0.991445
1440 4.8e-07 -4.44045e-11
1441 4.80333e-07 0.991445
1442 4.80667e-07 0.258819
1443 4.81e-07 -0.92388
1444 4.81333e-07 -0.5
1445 4.81667e-07 0.793353
1446 4.82e-07 0.707107
1447 4.82333e-07 -0.608761
1448 4.82667e-07 -0.866025
1449 4.83e-07 0.382683
1450 4.83333e-07 0.965926
1451 4.83667e-07 -0.130526
1452 4.84e-07 -1
1453 4.84333e-07 -0.130526
1454 4.84667e-07 0.965926
1455 4.85e-07 0.382683
1456 4.85333e-07 -0.866025
1457 4.85667e-07 -0.608761
1458 4.86e-07 0.707107
1459 4.86333e-07 0.793353
1460 4.86667e-07 -0.5
1461 4.87e-07 -0.92388
1462 4.87333e-07 0.258819
1463 4.87667e-07 0.991445
1464 4.88e-07 4.57736e-11
1465 4.88333e-07 -0.991445
1466 4.88667e-07 -0.258819
1467 4.89e-07 0.92388
1468 4.89333e-07 0.5
1469 4.89667e-07 -0.793353
1470 4.9e-07 -0.707107
1471 4.90333e-07 0.608761
1472 4.90667e-07 0.866025
1473 4.91e-07 -0.382683
1474 4.91333e-07 -0.965926
1475 4.91667e-07 0.130526
1476 4.92e-07 1
1477 4.92333e-07 0.130526
1478 4.92667e-07 -0.965926
1479 4.93e-07 -0.382683
1480 4.93333e-07 0.866025
1481 4.93667e-07 0.608761
1482 4.94e-07 -0.707107
1483 4.94333e-07 -0.793353
1484 4.94667e-07 0.5
1485 4.95e-07 0.92388
1486 4.95333e-07 -0.258819
1487 4.95667e-07 -0.991445
1488 4.96e-07 -4.6688e-11
1489 4.96333e-07 0.991445
1490 4.96667e-07 0.258819
1491 4.97e-07 -0.92388
1492 4.97333e-07 -0.5
1493 4.97667e-07 0.793353
1494 4.98e-07 0.707107
1495 4.98333e-07 -0.608761
1496 4.98667e-07 -0.866025
1497 4.99e-07 0.382683
1498 4.99333e-07 0.965926
1499 4.99667e-07 -0.130526
1500 5e-07 -1
1501 5.00333e-07 -0.130526
1502 5.00667e-07 0.965926
1503 5.01e-07 0.382683
1504 5.01333e-07 -0.866025
1505 5.01667e-07 -0.608761
1506 5.02e-07 0.707107
1507 5.02333e-07 0.793353
1508 5.02667e-07 -0.5
1509 5.03e-07 -0.92388
1510 5.03333e-07 0.258819
1511 5.03667e-07 0.991445
1512 5.04e-07 4.76024e-11
1513 5.04333e-07 -0.991445
1514 5.04667e-07 -0.258819
1515 5.05e-07 0.92388
1516 5.05333e-07 0.5
1517 5.05667e-07 -0.793353
1518 5.06e-07 -0.707107
1519 5.06333e-07 0.608761
1520 5.06667e-07 0.866025
1521 5.07e-07 -0.382683
1522 5.07333e-07 -0.965926
1523 5.07667e-07 0.130526
1524 5.08e-07 1
1525 5.08333e-07 0.130526
1526 5.08667e-07 -0.965926
1527 5.09e-07 -0.382683
1528 5.09333e-07 0.866025
1529 5.09667e-07 0.608761
1530 5.1e-07 -0.707107
1531 5.10333e-07 -0.793353
1532 5.10667e-07 0.5
1533 5.11e-07 0.92388
1534 5.11333e-07 -0.258819
1535 5.11667e-07 -0.991445
1536 5.12e-07 -4.89716e-11
1537 5.12333e-07 0.991445
1538 5.12667e-07 0.258819
1539 5.13e-07 -0.92388
1540 5.13333e-07 -0.5
1541 5.13667e-07 0.793353
1542 5.14e-07 0.707107
1543 5.14333e-07 -0.608761
1544 5.14667e-07 -0.866025
1545 5.15e-07 0.382683
1546 5.15333e-07 0.965926
1547 5.15667e-07 -0.130526
1548 5.16e-07 -1
1549 5.16333e-07 -0.130526
1550 5.16667e-07 0.965926
1551 5.17e-07 0.382683
1552 5.17333e-07 -0.866025
1553 5.17667e-07 -0.608761
1554 5.18e-07 0.707107
1555 5.18333e-07 0.793353
1556 5.18667e-07 -0.5
1557 5.19e-07 -0.92388
1558 5.19333e-07 0.258819
1559 5.19667e-07 0.991445
1560 5.2e-07 4.98859e-11
1561 5.20333e-07 -0.991445
1562 5.20667e-07 -0.258819
1563 5.21e-07 0.92388
1564 5.21333e-07 0.5
1565 5.21667e-07 -0.793353
1566 5.22e-07 -0.707107
1567 5.22333e-07 0.608761
1568 5.22667e-07 0.866025
1569 5.23e-07 -0.382683
1570 5.23333e-07 -0.965926
1571 5.23667e-07 0.130526
1572 5.24e-07 1
1573 5.24333e-07 0.130526
1574 5.24667e-07 -0.965926
1575 5.25e-07 -0.382683
1576 5.25333e-07 0.866025
1577 5.25667e-07 0.608761
1578 5.26e-07 -0.707107
1579 5.26333e-07 -0.793353
1580 5.26667e-07 0.5
1581 5.27e-07 0.92388
1582 5.27333e-07 -0.258819
1583 5.27667e-07 -0.991445
1584 5.28e-07 -5.08003e-11
1585 5.28333e-07 0.991445
1586 5.28667e-07 0.258819
1587 5.29e-07 -0.92388
1588 5.29333e-07 -0.5
1589 5.29667e-07 0.793353
1590 5.3e-07 0.707107
1591 5.30333e-07 -0.608761
1592 5.30667e-07 -0.866025
1593 5.31e-07 0.382683
1594 5.31333e-07 0.965926
1595 5.31667e-07 -0.130526
1596 5.32e-07 -1
1597 5.32333e-07 -0.130526
1598 5.32667e-07 0.965926
1599 5.33e-07 0.382683
1600 5.33333e-07 -0.866025
1601 5.33667e-07 -0.608761
1602 5.34e-07 0.707107
1603 5.34333e-07 0.793353
1604 5.34667e-07 -0.5
1605 5.35e-07 -0.92388
1606 5.35333e-07 0.258819
1607 5.35667e-07 0.991445
1608 5.36e-07 5.21695e-11
1609 5.36333e-07 -0.991445
1610 5.36667e-07 -0.258819
1611 5.37e-07 0.92388
1612 5.37333e-07 0.5
1613 5.37667e-07 -0.793353
1614 5.38e-07 -0.707107
1615 5.38333e-07 0.608761
1616 5.38667e-07 0.866025
1617 5.39e-07 -0.382683
1618 5.39333e-07 -0.965926
1619 5.39667e-07 0.130526
1620 5.4e-07 1
1621 5.40333e-07 0.130526
1622 5.40667e-07 -0.965926
1623 5.41e-07 -0.382683
1624 5.41333e-07 0.866025
1625 5.41667e-07 0.608761
1626 5.42e-07 -0.707107
1627 5.42333e-07 -0.793353
1628 5.42667e-07 0.5
1629 5.43e-07 0.92388
1630 5.43333e-07 -0.258819
1631 5.43667e-07 -0.991445
1632 5.44e-07 -5.30839e-11
1633 5.44333e-07 0.991445
1634 5.44667e-07 0.258819
1635 5.45e-07 -0.92388
1636 5.45333e-07 -0.5
1637 5.45667e-07 0.793353
1638 5.46e-07 0.707107
1639 5.46333e-07 -0.608761
1640 5.46667e-07 -0.866025
1641 5.47e-07 0.382683
1642 5.47333e-07 0.965926
1643 5.47667e-07 -0.130526
1644 5.48e-07 -1
1645 5.48333e-07 -0.130526
1646 5.48667e-07 0.965926
1647 5.49e-07 0.382683
1648 5.49333e-07 -0.866025
1649 5.49667e-07 -0.608761
1650 5.5e-07 0.707107
1651 5.50333e-07 0.793353
1652 5.50667e-07 -0.5
1653 5.51e-07 -0.92388
1654 5.51333e-07 0.258819
1655 5.51667e-07 0.991445
1656 5.52e-07 5.39983e-11
1657 5.52333e-07 -0.991445
1658 5.52667e-07 -0.258819
1659 5.53e-07 0.92388
1660 5.53333e-07 0.5
1661 5.53667e-07 -0.793353
1662 5.54e-07 -0.707107
1663 5.54333e-07 0.608761
1664 5.54667e-07 0.866025
1665 5.55e-07 -0.382683
1666 5.55333e-07 -0.965926
1667 5.55667e-07 0.130526
1668 5.56e-07 1
1669 5.56333e-07 0.130526
1670 5.56667e-07 -0.965926
1671 5.57e-07 -0.382683
1672 5.57333e-07 0.866025
1673 5.57667e-07 0.608761
1674 5.58e-07 -0.707107
1675 5.58333e-07 -0.793353
1676 5.58667e-07 0.5
1677 5.59e-07 0.92388
1678 5.59333e-07 -0.258819
1679 5.59667e-07 -0.991445
1680 5.6e-07 -5.53674e-11
1681 5.60333e-07 0.991445
1682 5.60667e-07 0.258819
1683 5.61e-07 -0.92388
1684 5.61333e-07 -0.5
1685 5.61667e-07 0.793353
1686 5.62e-07 0.707107
1687 5.62333e-07 -0.608761
1688 5.62667e-07 -0.866025
1689 5.63e-07 0.382683
1690 5.63333e-07 0.965926
1691 5.63667e-07 -0.130526
1692 5.64e-07 -1
1693 5.64333e-07 -0.130526
1694 5.64667e-07 0.965926
1695 5.65e-07 0.382683
1696 5.65333e-07 -0.866025
1697 5.65667e-07 -0.608761
1698 5.66e-07 0.707107
1699 5.66333e-07 0.793353
1700 5.66667e-07 -0.5
1701 5.67e-07 -0.92388
1702 5.67333e-07 0.258819
1703 5.67667e-07 0.991445
1704 5.68e-07 5.62818e-11
1705 5.68333e-07 -0.991445
1706 5.68667e-07 -0.258819
1707 5.69e-07 0.92388
1708 5.69333e-07 0.5
1709 5.69667e-07 -0.793353
1710 5.7e-07 -0.707107
1711 5.70333e-07 0.608761
1712 5.70667e-07 0.866025
1713 5.71e-07 -0.382683
1714 5.71333e-07 -0.965926
1715 5.71667e-07 0.130526
1716 5.72e-07 1
1717 5.72333e-07 0.130526
1718 5.72667e-07 -0.965926
1719 5.73e-07 -0.382683
1720 5.73333e-07 0.866025
1721 5.73667e-07 0.608761
1722 5.74e-07 -0.707107
1723 5.74333e-07 -0.793353
1724 5.74667e-07 0.5
1725 5.75e-07 0.92388
1726 5.75333e-07 -0.258819
1727 5.75667e-07 -0.991445
1728 5.76e-07 -5.71962e-11
1729 5.76333e-07 0.991445
1730 5.76667e-07 0.258819
1731 5.77e-07 -0.92388
1732 5.77333e-07 -0.5
1733 5.77667e-07 0.793353
1734 5.78e-07 0.707107
1735 5.78333e-07 -0.608761
1736 5.78667e-07 -0.866025
1737 5.79e-07 0.382683
1738 5.79333e-07 0.965926
1739 5.79667e-07 -0.130526
1740 5.8e-07 -1
1741 5.80333e-07 -0.130526
1742 5.80667e-07 0.965926
1743 5.81e-07 0.382683
1744 5.81333e-07 -0.866025
1745 5.81667e-07 -0.608761
1746 5.82e-07 0.707107
1747 5.82333e-07 0.793353
1748 5.82667e-07 -0.5
1749 5.83e-07 -0.92388
1750 5.83333e-07 0.258819
1751 5.83667e-07 0.991445
1752 5.84e-07 5.85653e-11
1753 5.84333e-07 -0.991445
1754 5.84667e-07 -0.258819
1755 5.85e-07 0.92388
1756 5.85333e-07 0.5
1757 5.85667e-07 -0.793353
1758 5.86e-07 -0.707107
1759 5.86333e-07 0.608761
1760 5.86667e-07 0.866025
1761 5.87e-07 -0.382683
1762 5.87333e-07 -0.965926
1763 5.87667e-07 0.130526
1764 5.88e-07 1
1765 5.88333e-07 0.130526
1766 5.88667e-07 -0.965926
1767 5.89e-07 -0.382683
1768 5.89333e-07 0.866025
1769 5.89667e-07 0.608761
1770 5.9e-07 -0.707107
1771 5.90333e-07 -0.793353
1772 5.90667e-07 0.5
1773 5.91e-07 0.92388
1774 5.91333e-07 -0.258819
1775 5.91667e-07 -0.991445
1776 5.92e-07 -5.94797e-11
1777 5.92333e-07 0.991445
1778 5.92667e-07 0.258819
1779 5.93e-07 -0.92388
1780 5.93333e-07 -0.5
1781 5.93667e-07 0.793353
1782 5.94e-07 0.707107
1783 5.94333e-07 -0.608761
1784 5.94667e-07 -0.866025
1785 5.95e-07 0.382683
1786 5.95333e-07 0.965926
1787 5.95667e-07 -0.130526
1788 5.96e-07 -1
1789 5.96333e-07 -0.130526
1790 5.96667e-07 0.965926
1791 5.97e-07 0.382683
1792 5.97333e-07 -0.866025
1793 5.97667e-07 -0.608761
1794 5.98e-07 0.707107
1795 5.98333e-07 0.793353
1796 5.98667e-07 -0.5
1797 5.99e-07 -0.92388
1798 5.99333e-07 0.258819
1799 5.99667e-07 0.991445
1800 6e-07 6.03941e-11
1801 6.00333e-07 -0.991445
1802 6.00667e-07 -0.258819
1803 6.01e-07 0.92388
1804 6.01333e-07 0.5
1805 6.01667e-07 -0.793353
1806 6.02e-07 -0.707107
1807 6.02333e-07 0.608761
1808 6.02667e-07 0.866025
1809 6.03e-07 -0.382683
1810 6.03333e-07 -0.965926
1811 6.03667e-07 0.130526
1812 6.04e-07 1
1813 6.04333e-07 0.130526
1814 6.04667e-07 -0.965926
1815 6.05e-07 -0.382683
1816 6.05333e-07 0.866025
1817 6.05667e-07 0.608761
1818 6.06e-07 -0.707107
1819 6.06333e-07 -0.793353
1820 6.06667e-07 0.5
1821 6.07e-07 0.92388
1822 6.07333e-07 -0.258819
1823 6.07667e-07 -0.991445
1824 6.08e-07 -6.17633e-11
1825 6.08333e-07 0.991445
1826 6.08667e-07 0.258819
1827 6.09e-07 -0.92388
1828 6.09333e-07 -0.5
1829 6.09667e-07 0.793353
1830 6.1e-07 0.707107
1831 6.10333e-07 -0.608761
1832 6.10667e-07 -0.866025
1833 6.11e-07 0.382683
1834 6.11333e-07 0.965926
1835 6.11667e-07 -0.130526
1836 6.12e-07 -1
1837 6.12333e-07 -0.130526
1838 6.12667e-07 0.965926
1839 6.13e-07 0.382683
1840 6.13333e-07 -0.866025
1841 6.13667e-07 -0.608761
1842 6.14e-07 0.707107
1843 6.14333e-07 0.793353
1844 6.14667e-07 -0.5
1845 6.15e-07 -0.92388
1846 6.15333e-07 0.258819
1847 6.15667e-07 0.991445
1848 6.16e-07 6.26777e-11
1849 6.16333e-07 -0.991445
1850 6.16667e-07 -0.258819
1851 6.17e-07 0.92388
1852 6.17333e-07 0.5
1853 6.17667e-07 -0.793353
1854 6.18e-07 -0.707107
1855 6.18333e-07 0.608761
1856 6.18667e-07 0.866025
1857 6.19e-07 -0.382683
1858 6.19333e-07 -0.965926
1859 6.19667e-07 0.130526
1860 6.2e-07 1
1861 6.20333e-07 0.130526
1862 6.20667e-07 -0.965926
1863 6.21e-07 -0.382683
1864 6.21333e-07 0.866025
1865 6.21667e-07 0.608761
1866 6.22e-07 -0.707107
1867 6.22333e-07 -0.793353
1868 6.22667e-07 0.5
1869 6.23e-07 0.92388
1870 6.23333e-07 -0.258819
1871 6.23667e-07 -0.991445
1872 6.24e-07 -6.35921e-11
1873 6.24333e-07 0.991445
1874 6.24667e-07 0.258819
1875 6.25e-07 -0.92388
1876 6.25333e-07 -0.5
1877 6.25667e-07 0.793353
1878 6.26e-07 0.707107
1879 6.26333e-07 -0.608761
1880 6.26667e-07 -0.866025
1881 6.27e-07 0.382683
1882 6.27333e-07 0.965926
1883 6.27667e-07 -0.130526
1884 6.28e-07 -1
1885 6.28333e-07 -0.130526
1886 6.28667e-07 0.965926
1887 6.29e-07 0.382683
1888 6.29333e-07 -0.866025
1889 6.29667e-07 -0.608761
1890 6.3e-07 0.707107
1891 6.30333e-07 0.793353
1892 6.30667e-07 -0.5
1893 6.31e-07 -0.92388
1894 6.31333e-07 0.258819
1895 6.31667e-07 0.991445
1896 6.32e-07 6.49612e-11
1897 6.32333e-07 -0.991445
1898 6.32667e-07 -0.258819
1899 6.33e-07 0.92388
1900 6.33333e-07 0.5
1901 6.33667e-07 -0.793353
1902 6.34e-07 -0.707107
1903 6.34333e-07 0.608761
1904 6.34667e-07 0.866025
1905 6.35e-07 -0.382683
1906 6.35333e-07 -0.965926
1907 6.35667e-07 0.130526
1908 6.36e-07 1
1909 6.36333e-07 0.130526
1910 6.36667e-07 -0.965926
1911 6.37e-07 -0.382683
1912 6.37333e-07 0.866025
1913 6.37667e-07 0.608761
1914 6.38e-07 -0.707107
1915 6.38333e-07 -0.793353
1916 6.38667e-07 0.5
1917 6.39e-07 0.92388
1918 6.39333e-07 -0.258819
1919 6.39667e-07 -0.991445
1920 6.4e-07 -6.58756e-11
1921 6.40333e-07 0.991445
1922 6.40667e-07 0.258819
1923 6.41e-07 -0.92388
1924 6.41333e-07 -0.5
1925 6.41667e-07 0.793353
1926 6.42e-07 0.707107
1927 6.42333e-07 -0.608761
1928 6.42667e-07 -0.866025
1929 6.43e-07 0.382683
1930 6.43333e-07 0.965926
1931 6.43667e-07 -0.130526
1932 6.44e-07 -1
1933 6.44333e-07 -0.130526
1934 6.44667e-07 0.965926
1935 6.45e-07 0.382683
1936 6.45333e-07 -0.866025
1937 6.45667e-07 -0.608761
1938 6.46e-07 0.707107
1939 6.46333e-07 0.793353
1940 6.46667e-07 -0.5
1941 6.47e-07 -0.92388
1942 6.47333e-07 0.258819
1943 6.47667e-07 0.991445
1944 6.48e-07 6.679e-11
1945 6.48333e-07 -0.991445
1946 6.48667e-07 -0.258819
1947 6.49e-07 0.92388
1948 6.49333e-07 0.5
1949 6.49667e-07 -0.793353
1950 6.5e-07 -0.707107
1951 6.50333e-07 0.608761
1952 6.50667e-07 0.866025
1953 6.51e-07 -0.382683
1954 6.51333e-07 -0.965926
1955 6.51667e-07 0.130526
1956 6.52e-07 1
1957 6.52333e-07 0.130526
1958 6.52667e-07 -0.965926
1959 6.53e-07 -0.382683
1960 6.53333e-07 0.866025
1961 6.53667e-07 0.608761
1962 6.54e-07 -0.707107
1963 6.54333e-07 -0.793353
1964 6.54667e-07 0.5
1965 6.55e-07 0.92388
1966 6.55333e-07 -0.258819
1967 6.55667e-07 -0.991445
1968 6.56e-07 -6.81591e-11
1969 6.56333e-07 0.991445
1970 6.56667e-07 0.258819
1971 6.57e-07 -0.92388
1972 6.57333e-07 -0.5
1973 6.57667e-07 0.793353
1974 6.58e-07 0.707107
1975 6.58333e-07 -0.608761
1976 6.58667e-07 -0.866025
1977 6.59e-07 0.382683
1978 6.59333e-07 0.965926
1979 6.59667e-07 -0.130526
1980 6.6e-07 -1
1981 6.60333e-07 -0.130526
1982 6.60667e-07 0.965926
1983 6.61e-07 0.382683
1984 6.61333e-07 -0.866025
1985 6.61667e-07 -0.608761
1986 6.62e-07 0.707107
1987 6.62333e-07 0.793353
1988 6.62667e-07 -0.5
1989 6.63e-07 -0.92388
1990 6.63333e-07 0.258819
1991 6.63667e-07 0.991445
1992 6.64e-07 6.90735e-11
1993 6.64333e-07 -0.991445
1994 6.64667e-07 -0.258819
1995 6.65e-07 0.92388
1996 6.65333e-07 0.5
1997 6.65667e-07 -0.793353
1998 6.66e-07 -0.707107
1999 6.66333e-07 0.608761
2000 6.66667e-07 0.866025
2001 6.67e-07 -0.382683
2002 6.67333e-07 -0.965926
2003 6.67667e-07 0.130526
2004 6.68e-07 1
2005 6.68333e-07 0.130526
2006 6.68667e-07 -0.965926
2007 6.69e-07 -0.382683
2008 6.69333e-07 0.866025
2009 6.69667e-07 0.608761
2010 6.7e-07 -0.707107
2011 6.70333e-07 -0.793353
2012 6.70667e-07 0.5
2013 6.71e-07 0.92388
2014 6.71333e-07 -0.258819
2015 6.71667e-07 -0.991445
