0 0 0
1 3.33333e-10 0.75253
2 6.66667e-10 0.991169
3 1e-09 0.552955
4 1.33333e-09 -0.262863
5 1.66667e-09 -0.899176
6 2e-09 -0.921457
7 2.33333e-09 -0.31449
8 2.66667e-09 0.507238
9 3e-09 0.98258
10 3.33333e-09 0.786935
11 3.66667e-09 0.0539045
12 4e-09 -0.715936
13 4.33333e-09 -0.996876
14 4.66667e-09 -0.597065
15 5e-09 0.210472
16 5.33333e-09 0.874281
17 5.66667e-09 0.941058
18 6e-09 0.365202
19 6.33333e-09 -0.460045
20 6.66667e-09 -0.971134
21 7e-09 -0.819052
22 7.33333e-09 -0.107652
23 7.66667e-09 0.677261
24 8e-09 0.999684
25 8.33333e-09 0.639439
26 8.66667e-09 -0.157469
27 9e-09 -0.846844
28 9.33333e-09 -0.957923
29 9.66667e-09 -0.414852
30 1e-08 0.411514
31 1.03333e-08 0.956864
32 1.06667e-08 0.848787
33 1.1e-08 0.161087
34 1.13333e-08 -0.636617
35 1.16667e-08 -0.999585
36 1.2e-08 -0.679953
37 1.23333e-08 0.104008
38 1.26667e-08 0.816944
39 1.3e-08 0.972002
40 1.33333e-08 0.463296
41 1.36667e-08 -0.361787
42 1.4e-08 -0.939812
43 1.43333e-08 -0.876054
44 1.46667e-08 -0.214053
45 1.5e-08 0.594121
46 1.53333e-08 0.99658
47 1.56667e-08 0.718491
48 1.6e-08 -0.0502443
49 1.63333e-08 -0.784668
50 1.66667e-08 -0.983255
51 1.7e-08 -0.510393
52 1.73333e-08 0.311008
53 1.76667e-08 0.920027
54 1.8e-08 0.900774
55 1.83333e-08 0.266397
56 1.86667e-08 -0.549898
57 1.9e-08 -0.990677
58 1.93333e-08 -0.754939
59 1.96667e-08 -0.00366518
60 2e-08 0.750111
61 2.03333e-08 0.991649
62 2.06667e-08 0.556006
63 2.1e-08 -0.259325
64 2.13333e-08 -0.897566
65 2.16667e-08 -0.922875
66 2.2e-08 -0.317967
67 2.23333e-08 0.504075
68 2.26667e-08 0.981893
69 2.3e-08 0.789191
70 2.33333e-08 0.057564
71 2.36667e-08 -0.713373
72 2.4e-08 -0.997159
73 2.43333e-08 -0.600001
74 2.46667e-08 0.206887
75 2.5e-08 0.872496
76 2.53333e-08 0.942291
77 2.56667e-08 0.368611
78 2.6e-08 -0.456787
79 2.63333e-08 -0.970253
80 2.66667e-08 -0.821149
81 2.7e-08 -0.111295
82 2.73333e-08 0.67456
83 2.76667e-08 0.99977
84 2.8e-08 0.642253
85 2.83333e-08 -0.153848
86 2.86667e-08 -0.844889
87 2.9e-08 -0.958968
88 2.93333e-08 -0.418184
89 2.96667e-08 0.408171
90 3e-08 0.955793
91 3.03333e-08 0.850719
92 3.06667e-08 0.164703
93 3.1e-08 -0.633786
94 3.13333e-08 -0.999473
95 3.16667e-08 -0.682636
96 3.2e-08 0.100362
97 3.23333e-08 0.814824
98 3.26667e-08 0.972857
99 3.3e-08 0.466541
100 3.33333e-08 -0.358368
101 3.36667e-08 -0.938553
102 3.4e-08 -0.877816
103 3.43333e-08 -0.217632
104 3.46667e-08 0.591169
105 3.5e-08 0.99627
106 3.53333e-08 0.721035
107 3.56667e-08 -0.0465834
108 3.6e-08 -0.782391
109 3.63333e-08 -0.983916
110 3.66667e-08 -0.513541
111 3.7e-08 0.307523
112 3.73333e-08 0.918584
113 3.76667e-08 0.90236
114 3.8e-08 0.269928
115 3.83333e-08 -0.546833
116 3.86667e-08 -0.990171
117 3.9e-08 -0.757337
118 3.93333e-08 -0.00733032
119 3.96667e-08 0.747682
120 4e-08 0.992115
121 4.03333e-08 0.559048
122 4.06667e-08 -0.255783
123 4.1e-08 -0.895944
124 4.13333e-08 -0.92428
125 4.16667e-08 -0.321439
126 4.2e-08 0.500907
127 4.23333e-08 0.981192
128 4.26667e-08 0.791437
129 4.3e-08 0.0612227
130 4.33333e-08 -0.710799
131 4.36667e-08 -0.997428
132 4.4e-08 -0.60293
133 4.43333e-08 0.2033
134 4.46667e-08 0.870699
135 4.5e-08 0.943512
136 4.53333e-08 0.372016
137 4.56667e-08 -0.453524
138 4.6e-08 -0.96936
139 4.63333e-08 -0.823235
140 4.66667e-08 -0.114937
141 4.7e-08 0.67185
142 4.73333e-08 0.999842
143 4.76667e-08 0.645058
144 4.8e-08 -0.150226
145 4.83333e-08 -0.842922
146 4.86667e-08 -0.960001
147 4.9e-08 -0.421511
148 4.93333e-08 0.404822
149 4.96667e-08 0.954709
150 5e-08 0.85264
151 5.03333e-08 0.168317
152 5.06667e-08 -0.630947
153 5.1e-08 -0.999347
154 5.13333e-08 -0.68531
155 5.16667e-08 0.0967144
156 5.2e-08 0.812694
157 5.23333e-08 0.973698
158 5.26667e-08 0.46978
159 5.3e-08 -0.354944
160 5.33333e-08 -0.937282
161 5.36667e-08 -0.879566
162 5.4e-08 -0.221208
163 5.43333e-08 0.588209
164 5.46667e-08 0.995947
165 5.5e-08 0.72357
166 5.53333e-08 -0.0429219
167 5.56667e-08 -0.780103
168 5.6e-08 -0.984564
169 5.63333e-08 -0.516683
170 5.66667e-08 0.304033
171 5.7e-08 0.91713
172 5.73333e-08 0.903933
173 5.76667e-08 0.273456
174 5.8e-08 -0.54376
175 5.83333e-08 -0.989651
176 5.86667e-08 -0.759725
177 5.9e-08 -0.0109954
178 5.93333e-08 0.745243
179 5.96667e-08 0.992567
180 6e-08 0.562083
181 6.03333e-08 -0.252238
182 6.06667e-08 -0.89431
183 6.1e-08 -0.925673
184 6.13333e-08 -0.324908
185 6.16667e-08 0.497731
186 6.2e-08 0.980478
187 6.23333e-08 0.793672
188 6.26667e-08 0.0648806
189 6.3e-08 -0.708217
190 6.33333e-08 -0.997684
191 6.36667e-08 -0.60585
192 6.4e-08 0.19971
193 6.43333e-08 0.868891
194 6.46667e-08 0.94472
195 6.5e-08 0.375416
196 6.53333e-08 -0.450254
197 6.56667e-08 -0.968453
198 6.6e-08 -0.825311
199 6.63333e-08 -0.118577
200 6.66667e-08 0.669131
201 6.7e-08 0.9999
202 6.73333e-08 0.647854
203 6.76667e-08 -0.146601
204 6.8e-08 -0.840945
205 6.83333e-08 -0.961021
206 6.86667e-08 -0.424832
207 6.9e-08 0.401468
208 6.93333e-08 0.953612
209 6.96667e-08 0.854549
210 7e-08 0.171929
211 7.03333e-08 -0.628099
212 7.06667e-08 -0.999208
213 7.1e-08 -0.687975
214 7.13333e-08 0.0930657
215 7.16667e-08 0.810553
216 7.2e-08 0.974527
217 7.23333e-08 0.473012
218 7.26667e-08 -0.351515
219 7.3e-08 -0.935998
220 7.33333e-08 -0.881303
221 7.36667e-08 -0.224781
222 7.4e-08 0.585241
223 7.43333e-08 0.995611
224 7.46667e-08 0.726095
225 7.5e-08 -0.0392598
226 7.53333e-08 -0.777805
227 7.56667e-08 -0.985199
228 7.6e-08 -0.519817
229 7.63333e-08 0.300539
230 7.66667e-08 0.915663
231 7.7e-08 0.905495
232 7.73333e-08 0.276979
233 7.76667e-08 -0.540681
234 7.8e-08 -0.989119
235 7.83333e-08 -0.762104
236 7.86667e-08 -0.0146602
237 7.9e-08 0.742794
238 7.93333e-08 0.993007
239 7.96667e-08 0.565111
240 8e-08 -0.24869
241 8.03333e-08 -0.892664
242 8.06667e-08 -0.927053
243 8.1e-08 -0.328372
244 8.13333e-08 0.494549
245 8.16667e-08 0.97975
246 8.2e-08 0.795896
247 8.23333e-08 0.0685377
248 8.26667e-08 -0.705624
249 8.3e-08 -0.997927
250 8.33333e-08 -0.608761
251 8.36667e-08 0.196117
252 8.4e-08 0.867071
253 8.43333e-08 0.945916
254 8.46667e-08 0.37881
255 8.5e-08 -0.446979
256 8.53333e-08 -0.967533
257 8.56667e-08 -0.827375
258 8.6e-08 -0.122216
259 8.63333e-08 0.666402
260 8.66667e-08 0.999945
261 8.7e-08 0.650642
262 8.73333e-08 -0.142974
263 8.76667e-08 -0.838956
264 8.8e-08 -0.962028
265 8.83333e-08 -0.428147
266 8.86667e-08 0.398109
267 8.9e-08 0.952502
268 8.93333e-08 0.856447
269 8.96667e-08 0.175539
270 9e-08 -0.625243
271 9.03333e-08 -0.999056
272 9.06667e-08 -0.69063
273 9.1e-08 0.0894158
274 9.13333e-08 0.808401
275 9.16667e-08 0.975342
276 9.2e-08 0.476238
277 9.23333e-08 -0.348081
278 9.26667e-08 -0.934702
279 9.3e-08 -0.88303
280 9.33333e-08 -0.228351
281 9.36667e-08 0.582265
282 9.4e-08 0.995261
283 9.43333e-08 0.72861
284 9.46667e-08 -0.0355972
285 9.5e-08 -0.775496
286 9.53333e-08 -0.985821
287 9.56667e-08 -0.522945
288 9.6e-08 0.297042
289 9.63333e-08 0.914183
290 9.66667e-08 0.907044
291 9.7e-08 0.280499
292 9.73333e-08 -0.537594
293 9.76667e-08 -0.988573
294 9.8e-08 -0.764472
295 9.83333e-08 -0.0183249
296 9.86667e-08 0.740335
297 9.9e-08 0.993433
298 9.93333e-08 0.568131
299 9.96667e-08 -0.245138
300 1e-07 -0.891007
301 1.00333e-07 -0.928421
302 1.00667e-07 -0.331832
303 1.01e-07 0.49136
304 1.01333e-07 0.97901
305 1.01667e-07 0.79811
306 1.02e-07 0.0721938
307 1.02333e-07 -0.703022
308 1.02667e-07 -0.998156
309 1.03e-07 -0.611665
310 1.03333e-07 0.192522
311 1.03667e-07 0.865239
312 1.04e-07 0.947098
313 1.04333e-07 0.3822
314 1.04667e-07 -0.443697
315 1.05e-07 -0.9666
316 1.05333e-07 -0.829428
317 1.05667e-07 -0.125853
318 1.06e-07 0.663665
319 1.06333e-07 0.999977
320 1.06667e-07 0.653421
321 1.07e-07 -0.139346
322 1.07333e-07 -0.836955
323 1.07667e-07 -0.963022
324 1.08e-07 -0.431456
325 1.08333e-07 0.394744
326 1.08667e-07 0.95138
327 1.09e-07 0.858334
328 1.09333e-07 0.179146
329 1.09667e-07 -0.622378
330 1.1e-07 -0.99889
331 1.10333e-07 -0.693276
332 1.10667e-07 0.0857647
333 1.11e-07 0.806238
334 1.11333e-07 0.976145
335 1.11667e-07 0.479458
336 1.12e-07 -0.344643
337 1.12333e-07 -0.933393
338 1.12667e-07 -0.884744
339 1.13e-07 -0.231918
340 1.13333e-07 0.579281
341 1.13667e-07 0.994898
342 1.14e-07 0.731116
343 1.14333e-07 -0.0319341
344 1.14667e-07 -0.773177
345 1.15e-07 -0.986429
346 1.15333e-07 -0.526066
347 1.15667e-07 0.29354
348 1.16e-07 0.912692
349 1.16333e-07 0.908581
350 1.16667e-07 0.284015
351 1.17e-07 -0.5345
352 1.17333e-07 -0.988014
353 1.17667e-07 -0.766829
354 1.18e-07 -0.0219894
355 1.18333e-07 0.737867
356 1.18667e-07 0.993845
357 1.19e-07 0.571143
358 1.19333e-07 -0.241583
359 1.19667e-07 -0.889337
360 1.2e-07 -0.929776
361 1.20333e-07 -0.335287
362 1.20667e-07 0.488164
363 1.21e-07 0.978256
364 1.21333e-07 0.800313
365 1.21667e-07 0.0758489
366 1.22e-07 -0.700411
367 1.22333e-07 -0.998372
368 1.22667e-07 -0.614561
369 1.23e-07 0.188924
370 1.23333e-07 0.863396
371 1.23667e-07 0.948268
372 1.24e-07 0.385584
373 1.24333e-07 -0.440409
374 1.24667e-07 -0.965654
375 1.25e-07 -0.83147
376 1.25333e-07 -0.129488
377 1.25667e-07 0.660919
378 1.26e-07 0.999995
379 1.26333e-07 0.656191
380 1.26667e-07 -0.135716
381 1.27e-07 -0.834944
382 1.27333e-07 -0.964003
383 1.27667e-07 -0.43476
384 1.28e-07 0.391374
385 1.28333e-07 0.950244
386 1.28667e-07 0.860208
387 1.29e-07 0.18275
388 1.29333e-07 -0.619505
389 1.29667e-07 -0.998711
390 1.3e-07 -0.695913
391 1.30333e-07 0.0821125
392 1.30667e-07 0.804064
393 1.31e-07 0.976934
394 1.31333e-07 0.482671
395 1.31667e-07 -0.3412
396 1.32e-07 -0.932071
397 1.32333e-07 -0.886446
398 1.32667e-07 -0.235481
399 1.33e-07 0.57629
400 1.33333e-07 0.994522
401 1.33667e-07 0.733611
402 1.34e-07 -0.0282706
403 1.34333e-07 -0.770847
404 1.34667e-07 -0.987024
405 1.35e-07 -0.529179
406 1.35333e-07 0.290034
407 1.35667e-07 0.911188
408 1.36e-07 0.910106
409 1.36333e-07 0.287528
410 1.36667e-07 -0.531399
411 1.37e-07 -0.987441
412 1.37333e-07 -0.769177
413 1.37667e-07 -0.0256535
414 1.38e-07 0.735388
415 1.38333e-07 0.994245
416 1.38667e-07 0.574148
417 1.39e-07 -0.238025
418 1.39333e-07 -0.887655
419 1.39667e-07 -0.931119
420 1.4e-07 -0.338738
421 1.40333e-07 0.484962
422 1.40667e-07 0.97749
423 1.41e-07 0.802505
424 1.41333e-07 0.079503
425 1.41667e-07 -0.69779
426 1.42e-07 -0.998574
427 1.42333e-07 -0.617448
428 1.42667e-07 0.185324
429 1.43e-07 0.861541
430 1.43333e-07 0.949425
431 1.43667e-07 0.388963
432 1.44e-07 -0.437116
433 1.44333e-07 -0.964695
434 1.44667e-07 -0.8335
435 1.45e-07 -0.133121
436 1.45333e-07 0.658164
437 1.45667e-07 1
438 1.46e-07 0.658952
439 1.46333e-07 -0.132083
440 1.46667e-07 -0.832921
441 1.47e-07 -0.964971
442 1.47333e-07 -0.438057
443 1.47667e-07 0.387998
444 1.48e-07 0.949096
445 1.48333e-07 0.862072
446 1.48667e-07 0.186353
447 1.49e-07 -0.616624
448 1.49333e-07 -0.998518
449 1.49667e-07 -0.69854
450 1.5e-07 0.0784591
451 1.50333e-07 0.80188
452 1.50667e-07 0.97771
453 1.51e-07 0.485878
454 1.51333e-07 -0.337752
455 1.51667e-07 -0.930737
456 1.52e-07 -0.888136
457 1.52333e-07 -0.239042
458 1.52667e-07 0.57329
459 1.53e-07 0.994132
460 1.53333e-07 0.736097
461 1.53667e-07 -0.0246067
462 1.54e-07 -0.768507
463 1.54333e-07 -0.987606
464 1.54667e-07 -0.532285
465 1.55e-07 0.286525
466 1.55333e-07 0.909672
467 1.55667e-07 0.911619
468 1.56e-07 0.291036
469 1.56333e-07 -0.52829
470 1.56667e-07 -0.986856
471 1.57e-07 -0.771514
472 1.57333e-07 -0.0293173
473 1.57667e-07 0.732899
474 1.58e-07 0.994631
475 1.58333e-07 0.577145
476 1.58667e-07 -0.234463
477 1.59e-07 -0.885961
478 1.59333e-07 -0.93245
479 1.59667e-07 -0.342184
480 1.6e-07 0.481754
481 1.60333e-07 0.97671
482 1.60667e-07 0.804687
483 1.61e-07 0.0831561
484 1.61333e-07 -0.69516
485 1.61667e-07 -0.998763
486 1.62e-07 -0.620327
487 1.62333e-07 0.181721
488 1.62667e-07 0.859674
489 1.63e-07 0.95057
490 1.63333e-07 0.392337
491 1.63667e-07 -0.433816
492 1.64e-07 -0.963724
493 1.64333e-07 -0.83552
494 1.64667e-07 -0.136753
495 1.65e-07 0.6554
496 1.65333e-07 0.999991
497 1.65667e-07 0.661705
498 1.66e-07 -0.128449
499 1.66333e-07 -0.830887
500 1.66667e-07 -0.965926
501 1.67e-07 -0.441349
502 1.67333e-07 0.384618
503 1.67667e-07 0.947935
504 1.68e-07 0.863923
505 1.68333e-07 0.189952
506 1.68667e-07 -0.613734
507 1.69e-07 -0.998312
508 1.69333e-07 -0.701158
509 1.69667e-07 0.0748047
510 1.7e-07 0.799685
511 1.70333e-07 0.978473
512 1.70667e-07 0.489078
513 1.71e-07 -0.3343
514 1.71333e-07 -0.92939
515 1.71667e-07 -0.889815
516 1.72e-07 -0.242599
517 1.72333e-07 0.570284
518 1.72667e-07 0.993729
519 1.73e-07 0.738573
520 1.73333e-07 -0.0209424
521 1.73667e-07 -0.766157
522 1.74e-07 -0.988175
523 1.74333e-07 -0.535385
524 1.74667e-07 0.283011
525 1.75e-07 0.908143
526 1.75333e-07 0.913119
527 1.75667e-07 0.294541
528 1.76e-07 -0.525175
529 1.76333e-07 -0.986257
530 1.76667e-07 -0.77384
531 1.77e-07 -0.0329807
532 1.77333e-07 0.730401
533 1.77667e-07 0.995003
534 1.78e-07 0.580134
535 1.78333e-07 -0.230899
536 1.78667e-07 -0.884255
537 1.79e-07 -0.933768
538 1.79333e-07 -0.345626
539 1.79667e-07 0.478539
540 1.8e-07 0.975917
541 1.80333e-07 0.806857
542 1.80667e-07 0.086808
543 1.81e-07 -0.692521
544 1.81333e-07 -0.998939
545 1.81667e-07 -0.623197
546 1.82e-07 0.178115
547 1.82333e-07 0.857796
548 1.82667e-07 0.951702
549 1.83e-07 0.395706
550 1.83333e-07 -0.430511
551 1.83667e-07 -0.962739
552 1.84e-07 -0.837528
553 1.84333e-07 -0.140383
554 1.84667e-07 0.652628
555 1.85e-07 0.999969
556 1.85333e-07 0.664448
557 1.85667e-07 -0.124814
558 1.86e-07 -0.828842
559 1.86333e-07 -0.966868
560 1.86667e-07 -0.444635
561 1.87e-07 0.381232
562 1.87333e-07 0.946762
563 1.87667e-07 0.865763
564 1.88e-07 0.193549
565 1.88333e-07 -0.610836
566 1.88667e-07 -0.998092
567 1.89e-07 -0.703767
568 1.89333e-07 0.0711493
569 1.89667e-07 0.797479
570 1.9e-07 0.979223
571 1.90333e-07 0.492272
572 1.90667e-07 -0.330844
573 1.91e-07 -0.928031
574 1.91333e-07 -0.891481
575 1.91667e-07 -0.246153
576 1.92e-07 0.567269
577 1.92333e-07 0.993312
578 1.92667e-07 0.741039
579 1.93e-07 -0.0172779
580 1.93333e-07 -0.763796
581 1.93667e-07 -0.98873
582 1.94e-07 -0.538477
583 1.94333e-07 0.279494
584 1.94667e-07 0.906603
585 1.95e-07 0.914607
586 1.95333e-07 0.298041
587 1.95667e-07 -0.522052
588 1.96e-07 -0.985645
589 1.96333e-07 -0.776156
590 1.96667e-07 -0.0366437
591 1.97e-07 0.727892
592 1.97333e-07 0.995363
593 1.97667e-07 0.583116
594 1.98e-07 -0.227331
595 1.98333e-07 -0.882538
596 1.98667e-07 -0.935073
597 1.99e-07 -0.349063
598 1.99333e-07 0.475317
599 1.99667e-07 0.975111
600 2e-07 0.809017
601 2.00333e-07 0.0904588
602 2.00667e-07 -0.689872
603 2.01e-07 -0.999101
604 2.01333e-07 -0.62606
605 2.01667e-07 0.174508
606 2.02e-07 0.855906
607 2.02333e-07 0.952821
608 2.02667e-07 0.399069
609 2.03e-07 -0.4272
610 2.03333e-07 -0.961741
611 2.03667e-07 -0.839525
612 2.04e-07 -0.144011
613 2.04333e-07 0.649846
614 2.04667e-07 0.999934
615 2.05e-07 0.667183
616 2.05333e-07 -0.121176
617 2.05667e-07 -0.826786
618 2.06e-07 -0.967797
619 2.06333e-07 -0.447915
620 2.06667e-07 0.377841
621 2.07e-07 0.945575
622 2.07333e-07 0.867592
623 2.07667e-07 0.197144
624 2.08e-07 -0.60793
625 2.08333e-07 -0.997859
626 2.08667e-07 -0.706366
627 2.09e-07 0.0674929
628 2.09333e-07 0.795262
629 2.09667e-07 0.979959
630 2.1e-07 0.495459
631 2.10333e-07 -0.327383
632 2.10667e-07 -0.92666
633 2.11e-07 -0.893136
634 2.11333e-07 -0.249704
635 2.11667e-07 0.564247
636 2.12e-07 0.992883
637 2.12333e-07 0.743495
638 2.12667e-07 -0.0136131
639 2.13e-07 -0.761425
640 2.13333e-07 -0.989272
641 2.13667e-07 -0.541561
642 2.14e-07 0.275973
643 2.14333e-07 0.90505
644 2.14667e-07 0.916083
645 2.15e-07 0.301538
646 2.15333e-07 -0.518922
647 2.15667e-07 -0.985019
648 2.16e-07 -0.778462
649 2.16333e-07 -0.0403062
650 2.16667e-07 0.725374
651 2.17e-07 0.995709
652 2.17333e-07 0.58609
653 2.17667e-07 -0.22376
654 2.18e-07 -0.880808
655 2.18333e-07 -0.936366
656 2.18667e-07 -0.352495
657 2.19e-07 0.472089
658 2.19333e-07 0.974291
659 2.19667e-07 0.811166
660 2.2e-07 0.0941083
661 2.20333e-07 -0.687214
662 2.20667e-07 -0.999249
663 2.21e-07 -0.628913
664 2.21333e-07 0.170897
665 2.21667e-07 0.854005
666 2.22e-07 0.953927
667 2.22333e-07 0.402427
668 2.22667e-07 -0.423883
669 2.23e-07 -0.960731
670 2.23333e-07 -0.841511
671 2.23667e-07 -0.147637
672 2.24e-07 0.647056
673 2.24333e-07 0.999885
674 2.24667e-07 0.669908
675 2.25e-07 -0.117537
676 2.25333e-07 -0.824719
677 2.25667e-07 -0.968713
678 2.26e-07 -0.451189
679 2.26333e-07 0.374445
680 2.26667e-07 0.944376
681 2.27e-07 0.869409
682 2.27333e-07 0.200736
683 2.27667e-07 -0.605016
684 2.28e-07 -0.997613
685 2.28333e-07 -0.708956
686 2.28667e-07 0.0638356
687 2.29e-07 0.793034
688 2.29333e-07 0.980683
689 2.29667e-07 0.498639
690 2.3e-07 -0.323917
691 2.30333e-07 -0.925276
692 2.30667e-07 -0.894779
693 2.31e-07 -0.253251
694 2.31333e-07 0.561217
695 2.31667e-07 0.992439
696 2.32e-07 0.745941
697 2.32333e-07 -0.00994821
698 2.32667e-07 -0.759044
699 2.33e-07 -0.989801
700 2.33333e-07 -0.544639
701 2.33667e-07 0.272448
702 2.34e-07 0.903485
703 2.34333e-07 0.917547
704 2.34667e-07 0.305031
705 2.35e-07 -0.515786
706 2.35333e-07 -0.984381
707 2.35667e-07 -0.780758
708 2.36e-07 -0.0439681
709 2.36333e-07 0.722847
710 2.36667e-07 0.996041
711 2.37e-07 0.589055
712 2.37333e-07 -0.220187
713 2.37667e-07 -0.879067
714 2.38e-07 -0.937646
715 2.38333e-07 -0.355923
716 2.38667e-07 0.468855
717 2.39e-07 0.973459
718 2.39333e-07 0.813304
719 2.39667e-07 0.0977566
720 2.4e-07 -0.684547
721 2.40333e-07 -0.999385
722 2.40667e-07 -0.631759
723 2.41e-07 0.167285
724 2.41333e-07 0.852093
725 2.41667e-07 0.95502
726 2.42e-07 0.40578
727 2.42333e-07 -0.420561
728 2.42667e-07 -0.959707
729 2.43e-07 -0.843485
730 2.43333e-07 -0.151261
731 2.43667e-07 0.644257
732 2.44e-07 0.999822
733 2.44333e-07 0.672625
734 2.44667e-07 -0.113897
735 2.45e-07 -0.822641
736 2.45333e-07 -0.969616
737 2.45667e-07 -0.454457
738 2.46e-07 0.371044
739 2.46333e-07 0.943165
740 2.46667e-07 0.871214
741 2.47e-07 0.204325
742 2.47333e-07 -0.602094
743 2.47667e-07 -0.997353
744 2.48e-07 -0.711536
745 2.48333e-07 0.0601775
746 2.48667e-07 0.790796
747 2.49e-07 0.981393
748 2.49333e-07 0.501813
749 2.49667e-07 -0.320448
750 2.5e-07 -0.92388
751 2.50333e-07 -0.896409
752 2.50667e-07 -0.256795
753 2.51e-07 0.55818
754 2.51333e-07 0.991983
755 2.51667e-07 0.748377
756 2.52e-07 -0.00628314
757 2.52333e-07 -0.756653
758 2.52667e-07 -0.990317
759 2.53e-07 -0.547709
760 2.53333e-07 0.26892
761 2.53667e-07 0.901908
762 2.54e-07 0.918998
763 2.54333e-07 0.308519
764 2.54667e-07 -0.512642
765 2.55e-07 -0.983729
766 2.55333e-07 -0.783043
767 2.55667e-07 -0.0476295
768 2.56e-07 0.720309
769 2.56333e-07 0.99636
770 2.56667e-07 0.592013
771 2.57e-07 -0.21661
772 2.57333e-07 -0.877314
773 2.57667e-07 -0.938914
774 2.58e-07 -0.359345
775 2.58333e-07 0.465615
776 2.58667e-07 0.972614
777 2.59e-07 0.815431
778 2.59333e-07 0.101404
779 2.59667e-07 -0.681871
780 2.6e-07 -0.999507
781 2.60333e-07 -0.634596
782 2.60667e-07 0.16367
783 2.61e-07 0.850168
784 2.61333e-07 0.9561
785 2.61667e-07 0.409127
786 2.62e-07 -0.417233
787 2.62333e-07 -0.958671
788 2.62667e-07 -0.845448
789 2.63e-07 -0.154883
790 2.63333e-07 0.64145
791 2.63667e-07 0.999747
792 2.64e-07 0.675333
793 2.64333e-07 -0.110255
794 2.64667e-07 -0.820551
795 2.65e-07 -0.970506
796 2.65333e-07 -0.457719
797 2.65667e-07 0.367638
798 2.66e-07 0.94194
799 2.66333e-07 0.873007
800 2.66667e-07 0.207912
801 2.67e-07 -0.599163
802 2.67333e-07 -0.997079
803 2.67667e-07 -0.714106
804 2.68e-07 0.0565185
805 2.68333e-07 0.788548
806 2.68667e-07 0.98209
807 2.69e-07 0.50498
808 2.69333e-07 -0.316974
809 2.69667e-07 -0.922471
810 2.7e-07 -0.898028
811 2.70333e-07 -0.260336
812 2.70667e-07 0.555135
813 2.71e-07 0.991513
814 2.71333e-07 0.750803
815 2.71667e-07 -0.00261799
816 2.72e-07 -0.754251
817 2.72333e-07 -0.990819
818 2.72667e-07 -0.550772
819 2.73e-07 0.265388
820 2.73333e-07 0.900319
821 2.73667e-07 0.920437
822 2.74e-07 0.312003
823 2.74333e-07 -0.509492
824 2.74667e-07 -0.983064
825 2.75e-07 -0.785317
826 2.75333e-07 -0.0512902
827 2.75667e-07 0.717762
828 2.76e-07 0.996666
829 2.76333e-07 0.594963
830 2.76667e-07 -0.21303
831 2.77e-07 -0.875549
832 2.77333e-07 -0.940169
833 2.77667e-07 -0.362763
834 2.78e-07 0.462368
835 2.78333e-07 0.971755
836 2.78667e-07 0.817547
837 2.79e-07 0.105049
838 2.79333e-07 -0.679185
839 2.79667e-07 -0.999615
840 2.8e-07 -0.637424
841 2.80333e-07 0.160053
842 2.80667e-07 0.848233
843 2.81e-07 0.957168
844 2.81333e-07 0.412469
845 2.81667e-07 -0.413899
846 2.82e-07 -0.957622
847 2.82333e-07 -0.8474
848 2.82667e-07 -0.158503
849 2.83e-07 0.638634
850 2.83333e-07 0.999657
851 2.83667e-07 0.678031
852 2.84e-07 -0.106611
853 2.84333e-07 -0.818451
854 2.84667e-07 -0.971384
855 2.85e-07 -0.460974
856 2.85333e-07 0.364227
857 2.85667e-07 0.940703
858 2.86e-07 0.874789
859 2.86333e-07 0.211495
860 2.86667e-07 -0.596225
861 2.87e-07 -0.996793
862 2.87333e-07 -0.716667
863 2.87667e-07 0.0528588
864 2.88e-07 0.786288
865 2.88333e-07 0.982774
866 2.88667e-07 0.50814
867 2.89e-07 -0.313495
868 2.89333e-07 -0.92105
869 2.89667e-07 -0.899634
870 2.9e-07 -0.263873
871 2.90333e-07 0.552083
872 2.90667e-07 0.99103
873 2.91e-07 0.753219
874 2.91333e-07 0.0010472
875 2.91667e-07 -0.75184
876 2.92e-07 -0.991308
877 2.92333e-07 -0.553828
878 2.92667e-07 0.261852
879 2.93e-07 0.898718
880 2.93333e-07 0.921863
881 2.93667e-07 0.315483
882 2.94e-07 -0.506335
883 2.94333e-07 -0.982385
884 2.94667e-07 -0.787581
885 2.95e-07 -0.0549502
886 2.95333e-07 0.715205
887 2.95667e-07 0.996958
888 2.96e-07 0.597905
889 2.96333e-07 -0.209448
890 2.96667e-07 -0.873772
891 2.97e-07 -0.941412
892 2.97333e-07 -0.366176
893 2.97667e-07 0.459115
894 2.98e-07 0.970884
895 2.98333e-07 0.819652
896 2.98667e-07 0.108693
897 2.99e-07 -0.67649
898 2.99333e-07 -0.99971
899 2.99667e-07 -0.640244
900 3e-07 0.156434
901 3.00333e-07 0.846286
902 3.00667e-07 0.958223
903 3.01e-07 0.415805
904 3.01333e-07 -0.41056
905 3.01667e-07 -0.95656
906 3.02e-07 -0.84934
907 3.02333e-07 -0.162121
908 3.02667e-07 0.635809
909 3.03e-07 0.999555
910 3.03333e-07 0.680721
911 3.03667e-07 -0.102966
912 3.04e-07 -0.816339
913 3.04333e-07 -0.972248
914 3.04667e-07 -0.464224
915 3.05e-07 0.360811
916 3.05333e-07 0.939454
917 3.05667e-07 0.876559
918 3.06e-07 0.215076
919 3.06333e-07 -0.593278
920 3.06667e-07 -0.996493
921 3.07e-07 -0.719219
922 3.07333e-07 0.0491984
923 3.07667e-07 0.784019
924 3.08e-07 0.983445
925 3.08333e-07 0.511293
926 3.08667e-07 -0.310013
927 3.09e-07 -0.919616
928 3.09333e-07 -0.901228
929 3.09667e-07 -0.267407
930 3.1e-07 0.549023
931 3.10333e-07 0.990533
932 3.10667e-07 0.755625
933 3.11e-07 0.00471237
934 3.11333e-07 -0.749418
935 3.11667e-07 -0.991783
936 3.12e-07 -0.556876
937 3.12333e-07 0.258313
938 3.12667e-07 0.897104
939 3.13e-07 0.923277
940 3.13333e-07 0.318959
941 3.13667e-07 -0.503171
942 3.14e-07 -0.981694
943 3.14333e-07 -0.789834
944 3.14667e-07 -0.0586095
945 3.15e-07 0.712639
946 3.15333e-07 0.997237
947 3.15667e-07 0.600839
948 3.16e-07 -0.205863
949 3.16333e-07 -0.871984
950 3.16667e-07 -0.942641
951 3.17e-07 -0.369585
952 3.17333e-07 0.455856
953 3.17667e-07 0.969999
954 3.18e-07 0.821746
955 3.18333e-07 0.112336
956 3.18667e-07 -0.673787
957 3.19e-07 -0.999792
958 3.19333e-07 -0.643055
959 3.19667e-07 0.152813
960 3.2e-07 0.844328
961 3.20333e-07 0.959265
962 3.20667e-07 0.419135
963 3.21e-07 -0.407215
964 3.21333e-07 -0.955485
965 3.21667e-07 -0.851269
966 3.22e-07 -0.165736
967 3.22333e-07 0.632976
968 3.22667e-07 0.999439
969 3.23e-07 0.683401
970 3.23333e-07 -0.0993197
971 3.23667e-07 -0.814217
972 3.24e-07 -0.973099
973 3.24333e-07 -0.467467
974 3.24667e-07 0.35739
975 3.25e-07 0.938191
976 3.25333e-07 0.878317
977 3.25667e-07 0.218654
978 3.26e-07 -0.590324
979 3.26333e-07 -0.996179
980 3.26667e-07 -0.72176
981 3.27e-07 0.0455373
982 3.27333e-07 0.781738
983 3.27667e-07 0.984103
984 3.28e-07 0.51444
985 3.28333e-07 -0.306526
986 3.28667e-07 -0.91817
987 3.29e-07 -0.902811
988 3.29333e-07 -0.270936
989 3.29667e-07 0.545956
990 3.3e-07 0.990024
991 3.30333e-07 0.758021
992 3.30667e-07 0.00837748
993 3.31e-07 -0.746986
994 3.31333e-07 -0.992245
995 3.31667e-07 -0.559916
996 3.32e-07 0.254771
997 3.32333e-07 0.895479
998 3.32667e-07 0.924679
999 3.33e-07 0.322431
1000 3.33333e-07 -0.5
1001 3.33667e-07 -0.980989
1002 3.34e-07 -0.792077
1003 3.34333e-07 -0.0622679
1004 3.34667e-07 0.710062
1005 3.35e-07 0.997503
1006 3.35333e-07 0.603765
1007 3.35667e-07 -0.202275
1008 3.36e-07 -0.870184
1009 3.36333e-07 -0.943859
1010 3.36667e-07 -0.372988
1011 3.37e-07 0.45259
1012 3.37333e-07 0.969102
1013 3.37667e-07 0.82383
1014 3.38e-07 0.115977
1015 3.38333e-07 -0.671074
1016 3.38667e-07 -0.99986
1017 3.39e-07 -0.645858
1018 3.39333e-07 0.14919
1019 3.39667e-07 0.842358
1020 3.4e-07 0.960294
1021 3.40333e-07 0.42246
1022 3.40667e-07 -0.403865
1023 3.41e-07 -0.954397
1024 3.41333e-07 -0.853187
1025 3.41667e-07 -0.16935
1026 3.42e-07 0.630134
1027 3.42333e-07 0.999309
1028 3.42667e-07 0.686072
1029 3.43e-07 -0.095672
1030 3.43333e-07 -0.812084
1031 3.43667e-07 -0.973936
1032 3.44e-07 -0.470704
1033 3.44333e-07 0.353965
1034 3.44667e-07 0.936916
1035 3.45e-07 0.880063
1036 3.45333e-07 0.222229
1037 3.45667e-07 -0.587362
1038 3.46e-07 -0.995853
1039 3.46333e-07 -0.724292
1040 3.46667e-07 0.0418757
1041 3.47e-07 0.779447
1042 3.47333e-07 0.984747
1043 3.47667e-07 0.517579
1044 3.48e-07 -0.303035
1045 3.48333e-07 -0.916712
1046 3.48667e-07 -0.904381
1047 3.49e-07 -0.274463
1048 3.49333e-07 0.542881
1049 3.49667e-07 0.989501
1050 3.5e-07 0.760406
1051 3.50333e-07 0.0120425
1052 3.50667e-07 -0.744545
1053 3.51e-07 -0.992694
1054 3.51333e-07 -0.562949
1055 3.51667e-07 0.251225
1056 3.52e-07 0.893841
1057 3.52333e-07 0.926068
1058 3.52667e-07 0.325898
1059 3.53e-07 -0.496822
1060 3.53333e-07 -0.980271
1061 3.53667e-07 -0.794309
1062 3.54e-07 -0.0659256
1063 3.54333e-07 0.707477
1064 3.54667e-07 0.997755
1065 3.55e-07 0.606682
1066 3.55333e-07 -0.198684
1067 3.55667e-07 -0.868372
1068 3.56e-07 -0.945063
1069 3.56333e-07 -0.376386
1070 3.56667e-07 0.449319
1071 3.57e-07 0.968191
1072 3.57333e-07 0.825902
1073 3.57667e-07 0.119617
1074 3.58e-07 -0.668352
1075 3.58333e-07 -0.999914
1076 3.58667e-07 -0.648651
1077 3.59e-07 0.145565
1078 3.59333e-07 0.840377
1079 3.59667e-07 0.96131
1080 3.6e-07 0.425779
1081 3.60333e-07 -0.400509
1082 3.60667e-07 -0.953296
1083 3.61e-07 -0.855093
1084 3.61333e-07 -0.172961
1085 3.61667e-07 0.627284
1086 3.62e-07 0.999166
1087 3.62333e-07 0.688734
1088 3.62667e-07 -0.092023
1089 3.63e-07 -0.809939
1090 3.63333e-07 -0.974761
1091 3.63667e-07 -0.473935
1092 3.64e-07 0.350534
1093 3.64333e-07 0.935629
1094 3.64667e-07 0.881798
1095 3.65e-07 0.225801
1096 3.65333e-07 -0.584391
1097 3.65667e-07 -0.995513
1098 3.66e-07 -0.726814
1099 3.66333e-07 0.0382134
1100 3.66667e-07 0.777146
1101 3.67e-07 0.985378
1102 3.67333e-07 0.520712
1103 3.67667e-07 -0.29954
1104 3.68e-07 -0.915241
1105 3.68333e-07 -0.905939
1106 3.68667e-07 -0.277985
1107 3.69e-07 0.5398
1108 3.69333e-07 0.988964
1109 3.69667e-07 0.762781
1110 3.7e-07 0.0157073
1111 3.70333e-07 -0.742093
1112 3.70667e-07 -0.99313
1113 3.71e-07 -0.565975
1114 3.71333e-07 0.247675
1115 3.71667e-07 0.892192
1116 3.72e-07 0.927445
1117 3.72333e-07 0.329361
1118 3.72667e-07 -0.493638
1119 3.73e-07 -0.97954
1120 3.73333e-07 -0.79653
1121 3.73667e-07 -0.0695824
1122 3.74e-07 0.704882
1123 3.74333e-07 0.997994
1124 3.74667e-07 0.609592
1125 3.75e-07 -0.19509
1126 3.75333e-07 -0.866549
1127 3.75667e-07 -0.946255
1128 3.76e-07 -0.379779
1129 3.76333e-07 0.446042
1130 3.76667e-07 0.967268
1131 3.77e-07 0.827962
1132 3.77333e-07 0.123255
1133 3.77667e-07 -0.665621
1134 3.78e-07 -0.999956
1135 3.78333e-07 -0.651437
1136 3.78667e-07 0.141938
1137 3.79e-07 0.838385
1138 3.79333e-07 0.962313
1139 3.79667e-07 0.429093
1140 3.8e-07 -0.397148
1141 3.80333e-07 -0.952183
1142 3.80667e-07 -0.856987
1143 3.81e-07 -0.176569
1144 3.81333e-07 0.624425
1145 3.81667e-07 0.99901
1146 3.82e-07 0.691387
1147 3.82333e-07 -0.0883728
1148 3.82667e-07 -0.807784
1149 3.83e-07 -0.975573
1150 3.83333e-07 -0.477159
1151 3.83667e-07 0.347099
1152 3.84e-07 0.934329
1153 3.84333e-07 0.883521
1154 3.84667e-07 0.22937
1155 3.85e-07 -0.581413
1156 3.85333e-07 -0.995159
1157 3.85667e-07 -0.729327
1158 3.86e-07 0.0345506
1159 3.86333e-07 0.774834
1160 3.86667e-07 0.985996
1161 3.87e-07 0.523837
1162 3.87333e-07 -0.296041
1163 3.87667e-07 -0.913758
1164 3.88e-07 -0.907484
1165 3.88333e-07 -0.281504
1166 3.88667e-07 0.536711
1167 3.89e-07 0.988415
1168 3.89333e-07 0.765146
1169 3.89667e-07 0.0193719
1170 3.9e-07 -0.739631
1171 3.90333e-07 -0.993552
1172 3.90667e-07 -0.568993
1173 3.91e-07 0.244123
1174 3.91333e-07 0.890531
1175 3.91667e-07 0.92881
1176 3.92e-07 0.33282
1177 3.92333e-07 -0.490448
1178 3.92667e-07 -0.978796
1179 3.93e-07 -0.798741
1180 3.93333e-07 -0.0732382
1181 3.93667e-07 0.702277
1182 3.94e-07 0.998219
1183 3.94333e-07 0.612493
1184 3.94667e-07 -0.191494
1185 3.95e-07 -0.864713
1186 3.95333e-07 -0.947434
1187 3.95667e-07 -0.383167
1188 3.96e-07 0.442758
1189 3.96333e-07 0.966331
1190 3.96667e-07 0.830012
1191 3.97e-07 0.126891
1192 3.97333e-07 -0.662881
1193 3.97667e-07 -0.999983
1194 3.98e-07 -0.654213
1195 3.98333e-07 0.138309
1196 3.98667e-07 0.836382
1197 3.99e-07 0.963303
1198 3.99333e-07 0.432401
1199 3.99667e-07 -0.393781
1200 4e-07 -0.951057
1201 4.00333e-07 -0.858871
1202 4.00667e-07 -0.180176
1203 4.01e-07 0.621558
1204 4.01333e-07 0.99884
1205 4.01667e-07 0.69403
1206 4.02e-07 -0.0847213
1207 4.02333e-07 -0.805618
1208 4.02667e-07 -0.976371
1209 4.03e-07 -0.480377
1210 4.03333e-07 0.34366
1211 4.03667e-07 0.933016
1212 4.04e-07 0.885231
1213 4.04333e-07 0.232936
1214 4.04667e-07 -0.578427
1215 4.05e-07 -0.994792
1216 4.05333e-07 -0.73183
1217 4.05667e-07 0.0308874
1218 4.06e-07 0.772512
1219 4.06333e-07 0.986601
1220 4.06667e-07 0.526956
1221 4.07e-07 -0.292539
1222 4.07333e-07 -0.912263
1223 4.07667e-07 -0.909018
1224 4.08e-07 -0.285019
1225 4.08333e-07 0.533615
1226 4.08667e-07 0.987852
1227 4.09e-07 0.767501
1228 4.09333e-07 0.0230363
1229 4.09667e-07 -0.737159
1230 4.1e-07 -0.993961
1231 4.10333e-07 -0.572003
1232 4.10667e-07 0.240567
1233 4.11e-07 0.888857
1234 4.11333e-07 0.930161
1235 4.11667e-07 0.336274
1236 4.12e-07 -0.48725
1237 4.12333e-07 -0.978039
1238 4.12667e-07 -0.80094
1239 4.13e-07 -0.076893
1240 4.13333e-07 0.699663
1241 4.13667e-07 0.998431
1242 4.14e-07 0.615386
1243 4.14333e-07 -0.187896
1244 4.14667e-07 -0.862867
1245 4.15e-07 -0.9486
1246 4.15333e-07 -0.38655
1247 4.15667e-07 0.439469
1248 4.16e-07 0.965382
1249 4.16333e-07 0.832051
1250 4.16667e-07 0.130526
1251 4.17e-07 -0.660133
1252 4.17333e-07 -0.999998
1253 4.17667e-07 -0.656981
1254 4.18e-07 0.134678
1255 4.18333e-07 0.834367
1256 4.18667e-07 0.964281
1257 4.19e-07 0.435702
1258 4.19333e-07 -0.39041
1259 4.19667e-07 -0.949918
1260 4.2e-07 -0.860742
1261 4.20333e-07 -0.18378
1262 4.20667e-07 0.618683
1263 4.21e-07 0.998657
1264 4.21333e-07 0.696664
1265 4.21667e-07 -0.0810687
1266 4.22e-07 -0.803441
1267 4.22333e-07 -0.977157
1268 4.22667e-07 -0.483588
1269 4.23e-07 0.340215
1270 4.23333e-07 0.931691
1271 4.23667e-07 0.88693
1272 4.24e-07 0.236499
1273 4.24333e-07 -0.575434
1274 4.24667e-07 -0.994412
1275 4.25e-07 -0.734323
1276 4.25333e-07 0.0272238
1277 4.25667e-07 0.770179
1278 4.26e-07 0.987192
1279 4.26333e-07 0.530067
1280 4.26667e-07 -0.289032
1281 4.27e-07 -0.910756
1282 4.27333e-07 -0.910539
1283 4.27667e-07 -0.288531
1284 4.28e-07 0.530511
1285 4.28333e-07 0.987275
1286 4.28667e-07 0.769845
1287 4.29e-07 0.0267004
1288 4.29333e-07 -0.734678
1289 4.29667e-07 -0.994356
1290 4.3e-07 -0.575005
1291 4.30333e-07 0.237008
1292 4.30667e-07 0.887172
1293 4.31e-07 0.931501
1294 4.31333e-07 0.339723
1295 4.31667e-07 -0.484046
1296 4.32e-07 -0.977268
1297 4.32333e-07 -0.80313
1298 4.32667e-07 -0.0805469
1299 4.33e-07 0.69704
1300 4.33333e-07 0.99863
1301 4.33667e-07 0.618271
1302 4.34e-07 -0.184294
1303 4.34333e-07 -0.861008
1304 4.34667e-07 -0.949754
1305 4.35e-07 -0.389928
1306 4.35333e-07 0.436174
1307 4.35667e-07 0.964419
1308 4.36e-07 0.834078
1309 4.36333e-07 0.134159
1310 4.36667e-07 -0.657375
1311 4.37e-07 -0.999999
1312 4.37333e-07 -0.659739
1313 4.37667e-07 0.131045
1314 4.38e-07 0.832341
1315 4.38333e-07 0.965245
1316 4.38667e-07 0.438999
1317 4.39e-07 -0.387033
1318 4.39333e-07 -0.948766
1319 4.39667e-07 -0.862602
1320 4.4e-07 -0.187381
1321 4.40333e-07 0.615799
1322 4.40667e-07 0.99846
1323 4.41e-07 0.699289
1324 4.41333e-07 -0.0774151
1325 4.41667e-07 -0.801254
1326 4.42e-07 -0.977929
1327 4.42333e-07 -0.486793
1328 4.42667e-07 0.336767
1329 4.43e-07 0.930354
1330 4.43333e-07 0.888617
1331 4.43667e-07 0.240059
1332 4.44e-07 -0.572432
1333 4.44333e-07 -0.994018
1334 4.44667e-07 -0.736806
1335 4.45e-07 0.0235598
1336 4.45333e-07 0.767836
1337 4.45667e-07 0.98777
1338 4.46e-07 0.533172
1339 4.46333e-07 -0.285521
1340 4.46667e-07 -0.909236
1341 4.47e-07 -0.912049
1342 4.47333e-07 -0.292038
1343 4.47667e-07 0.527401
1344 4.48e-07 0.986686
1345 4.48333e-07 0.772179
1346 4.48667e-07 0.0303641
1347 4.49e-07 -0.732186
1348 4.49333e-07 -0.994739
1349 4.49667e-07 -0.578
1350 4.5e-07 0.233445
1351 4.50333e-07 0.885475
1352 4.50667e-07 0.932828
1353 4.51e-07 0.343168
1354 4.51333e-07 -0.480836
1355 4.51667e-07 -0.976485
1356 4.52e-07 -0.805308
1357 4.52333e-07 -0.0841996
1358 4.52667e-07 0.694407
1359 4.53e-07 0.998815
1360 4.53333e-07 0.621148
1361 4.53667e-07 -0.180691
1362 4.54e-07 -0.859139
1363 4.54333e-07 -0.950895
1364 4.54667e-07 -0.3933
1365 4.55e-07 0.432873
1366 4.55333e-07 0.963444
1367 4.55667e-07 0.836095
1368 4.56e-07 0.13779
1369 4.56333e-07 -0.654609
1370 4.56667e-07 -0.999986
1371 4.57e-07 -0.662489
1372 4.57333e-07 0.127411
1373 4.57667e-07 0.830304
1374 4.58e-07 0.966196
1375 4.58333e-07 0.442289
1376 4.58667e-07 -0.383651
1377 4.59e-07 -0.947601
1378 4.59333e-07 -0.86445
1379 4.59667e-07 -0.19098
1380 4.6e-07 0.612907
1381 4.60333e-07 0.99825
1382 4.60667e-07 0.701904
1383 4.61e-07 -0.0737604
1384 4.61333e-07 -0.799055
1385 4.61667e-07 -0.978689
1386 4.62e-07 -0.489991
1387 4.62333e-07 0.333313
1388 4.62667e-07 0.929003
1389 4.63e-07 0.890292
1390 4.63333e-07 0.243615
1391 4.63667e-07 -0.569423
1392 4.64e-07 -0.993611
1393 4.64333e-07 -0.739279
1394 4.64667e-07 0.0198954
1395 4.65e-07 0.765483
1396 4.65333e-07 0.988335
1397 4.65667e-07 0.536269
1398 4.66e-07 -0.282007
1399 4.66333e-07 -0.907704
1400 4.66667e-07 -0.913545
1401 4.67e-07 -0.295541
1402 4.67333e-07 0.524283
1403 4.67667e-07 0.986083
1404 4.68e-07 0.774503
1405 4.68333e-07 0.0340274
1406 4.68667e-07 -0.729685
1407 4.69e-07 -0.995107
1408 4.69333e-07 -0.580987
1409 4.69667e-07 0.22988
1410 4.7e-07 0.883766
1411 4.70333e-07 0.934142
1412 4.70667e-07 0.346608
1413 4.71e-07 -0.477619
1414 4.71333e-07 -0.975688
1415 4.71667e-07 -0.807475
1416 4.72e-07 -0.0878512
1417 4.72333e-07 0.691765
1418 4.72667e-07 0.998986
1419 4.73e-07 0.624016
1420 4.73333e-07 -0.177085
1421 4.73667e-07 -0.857257
1422 4.74e-07 -0.952023
1423 4.74333e-07 -0.396667
1424 4.74667e-07 0.429566
1425 4.75e-07 0.962455
1426 4.75333e-07 0.8381
1427 4.75667e-07 0.14142
1428 4.76e-07 -0.651834
1429 4.76333e-07 -0.99996
1430 4.76667e-07 -0.66523
1431 4.77e-07 0.123775
1432 4.77333e-07 0.828256
1433 4.77667e-07 0.967135
1434 4.78e-07 0.445573
1435 4.78333e-07 -0.380263
1436 4.78667e-07 -0.946424
1437 4.79e-07 -0.866287
1438 4.79333e-07 -0.194577
1439 4.79667e-07 0.610007
1440 4.8e-07 0.998027
1441 4.80333e-07 0.70451
1442 4.80667e-07 -0.0701047
1443 4.81e-07 -0.796846
1444 4.81333e-07 -0.979435
1445 4.81667e-07 -0.493183
1446 4.82e-07 0.329855
1447 4.82333e-07 0.927641
1448 4.82667e-07 0.891955
1449 4.83e-07 0.247168
1450 4.83333e-07 -0.566406
1451 4.83667e-07 -0.993191
1452 4.84e-07 -0.741742
1453 4.84333e-07 0.0162308
1454 4.84667e-07 0.76312
1455 4.85e-07 0.988886
1456 4.85333e-07 0.539359
1457 4.85667e-07 -0.278488
1458 4.86e-07 -0.90616
1459 4.86333e-07 -0.91503
1460 4.86667e-07 -0.299041
1461 4.87e-07 0.521159
1462 4.87333e-07 0.985467
1463 4.87667e-07 0.776816
1464 4.88e-07 0.0376902
1465 4.88333e-07 -0.727174
1466 4.88667e-07 -0.995463
1467 4.89e-07 -0.583966
1468 4.89333e-07 0.226311
1469 4.89667e-07 0.882045
1470 4.9e-07 0.935444
1471 4.90333e-07 0.350044
1472 4.90667e-07 -0.474396
1473 4.91e-07 -0.974878
1474 4.91333e-07 -0.809632
1475 4.91667e-07 -0.0915016
1476 4.92e-07 0.689114
1477 4.92333e-07 0.999145
1478 4.92667e-07 0.626876
1479 4.93e-07 -0.173476
1480 4.93333e-07 -0.855364
1481 4.93667e-07 -0.953138
1482 4.94e-07 -0.400029
1483 4.94333e-07 0.426253
1484 4.94667e-07 0.961454
1485 4.95e-07 0.840094
1486 4.95333e-07 0.145047
1487 4.95667e-07 -0.64905
1488 4.96e-07 -0.999921
1489 4.96333e-07 -0.667962
1490 4.96667e-07 0.120137
1491 4.97e-07 0.826197
1492 4.97333e-07 0.96806
1493 4.97667e-07 0.448851
1494 4.98e-07 -0.376871
1495 4.98333e-07 -0.945234
1496 4.98667e-07 -0.868112
1497 4.99e-07 -0.198171
1498 4.99333e-07 0.607098
1499 4.99667e-07 0.99779
1500 5e-07 0.707107
1501 5.00333e-07 -0.066448
1502 5.00667e-07 -0.794627
1503 5.01e-07 -0.980168
1504 5.01333e-07 -0.496368
1505 5.01667e-07 0.326393
1506 5.02e-07 0.926266
1507 5.02333e-07 0.893607
1508 5.02667e-07 0.250718
1509 5.03e-07 -0.563382
1510 5.03333e-07 -0.992757
1511 5.03667e-07 -0.744195
1512 5.04e-07 0.012566
1513 5.04333e-07 0.760746
1514 5.04667e-07 0.989425
1515 5.05e-07 0.542442
1516 5.05333e-07 -0.274966
1517 5.05667e-07 -0.904604
1518 5.06e-07 -0.916502
1519 5.06333e-07 -0.302536
1520 5.06667e-07 0.518027
1521 5.07e-07 0.984838
1522 5.07333e-07 0.779119
1523 5.07667e-07 0.0413525
1524 5.08e-07 -0.724653
1525 5.08333e-07 -0.995805
1526 5.08667e-07 -0.586938
1527 5.09e-07 0.22274
1528 5.09333e-07 0.880312
1529 5.09667e-07 0.936733
1530 5.1e-07 0.353475
1531 5.10333e-07 -0.471166
1532 5.10667e-07 -0.974055
1533 5.11e-07 -0.811778
1534 5.11333e-07 -0.0951508
1535 5.11667e-07 0.686453
1536 5.12e-07 0.999289
1537 5.12333e-07 0.629727
1538 5.12667e-07 -0.169866
1539 5.13e-07 -0.85346
1540 5.13333e-07 -0.95424
1541 5.13667e-07 -0.403386
1542 5.14e-07 0.422935
1543 5.14333e-07 0.96044
1544 5.14667e-07 0.842076
1545 5.15e-07 0.148672
1546 5.15333e-07 -0.646257
1547 5.15667e-07 -0.999868
1548 5.16e-07 -0.670686
1549 5.16333e-07 0.116497
1550 5.16667e-07 0.824126
1551 5.17e-07 0.968973
1552 5.17333e-07 0.452123
1553 5.17667e-07 -0.373474
1554 5.18e-07 -0.944031
1555 5.18333e-07 -0.869926
1556 5.18667e-07 -0.201762
1557 5.19e-07 0.604182
1558 5.19333e-07 0.99754
1559 5.19667e-07 0.709694
1560 5.2e-07 -0.0627905
1561 5.20333e-07 -0.792396
1562 5.20667e-07 -0.980887
1563 5.21e-07 -0.499546
1564 5.21333e-07 0.322927
1565 5.21667e-07 0.924878
1566 5.22e-07 0.895246
1567 5.22333e-07 0.254264
1568 5.22667e-07 -0.56035
1569 5.23e-07 -0.99231
1570 5.23333e-07 -0.746638
1571 5.23667e-07 0.00890106
1572 5.24e-07 0.758362
1573 5.24333e-07 0.98995
1574 5.24667e-07 0.545517
1575 5.25e-07 -0.27144
1576 5.25333e-07 -0.903036
1577 5.25667e-07 -0.917962
1578 5.26e-07 -0.306028
1579 5.26333e-07 0.514888
1580 5.26667e-07 0.984196
1581 5.27e-07 0.781412
1582 5.27333e-07 0.0450143
1583 5.27667e-07 -0.722123
1584 5.28e-07 -0.996134
1585 5.28333e-07 -0.589901
1586 5.28667e-07 0.219165
1587 5.29e-07 0.878567
1588 5.29333e-07 0.93801
1589 5.29667e-07 0.356901
1590 5.3e-07 -0.46793
1591 5.30333e-07 -0.973219
1592 5.30667e-07 -0.813913
1593 5.31e-07 -0.0987987
1594 5.31333e-07 0.683783
1595 5.31667e-07 0.999421
1596 5.32e-07 0.63257
1597 5.32333e-07 -0.166252
1598 5.32667e-07 -0.851544
1599 5.33e-07 -0.95533
1600 5.33333e-07 -0.406737
1601 5.33667e-07 0.419611
1602 5.34e-07 0.959412
1603 5.34333e-07 0.844047
1604 5.34667e-07 0.152296
1605 5.35e-07 -0.643456
1606 5.35333e-07 -0.999802
1607 5.35667e-07 -0.6734
1608 5.36e-07 0.112856
1609 5.36333e-07 0.822045
1610 5.36667e-07 0.969872
1611 5.37e-07 0.45539
1612 5.37333e-07 -0.370071
1613 5.37667e-07 -0.942816
1614 5.38e-07 -0.871727
1615 5.38333e-07 -0.20535
1616 5.38667e-07 0.601257
1617 5.39e-07 0.997276
1618 5.39333e-07 0.712271
1619 5.39667e-07 -0.0591321
1620 5.4e-07 -0.790155
1621 5.40333e-07 -0.981594
1622 5.40667e-07 -0.502718
1623 5.41e-07 0.319456
1624 5.41333e-07 0.923478
1625 5.41667e-07 0.896873
1626 5.42e-07 0.257807
1627 5.42333e-07 -0.55731
1628 5.42667e-07 -0.99185
1629 5.43e-07 -0.749071
1630 5.43333e-07 0.00523596
1631 5.43667e-07 0.755968
1632 5.44e-07 0.990461
1633 5.44333e-07 0.548585
1634 5.44667e-07 -0.267911
1635 5.45e-07 -0.901455
1636 5.45333e-07 -0.91941
1637 5.45667e-07 -0.309515
1638 5.46e-07 0.511743
1639 5.46333e-07 0.98354
1640 5.46667e-07 0.783693
1641 5.47e-07 0.0486754
1642 5.47333e-07 -0.719582
1643 5.47667e-07 -0.996449
1644 5.48e-07 -0.592857
1645 5.48333e-07 0.215588
1646 5.48667e-07 0.876811
1647 5.49e-07 0.939274
1648 5.49333e-07 0.360322
1649 5.49667e-07 -0.464688
1650 5.5e-07 -0.97237
1651 5.50333e-07 -0.816037
1652 5.50667e-07 -0.102445
1653 5.51e-07 0.681104
1654 5.51333e-07 0.999539
1655 5.51667e-07 0.635405
1656 5.52e-07 -0.162637
1657 5.52333e-07 -0.849617
1658 5.52667e-07 -0.956407
1659 5.53e-07 -0.410082
1660 5.53333e-07 0.416281
1661 5.53667e-07 0.958372
1662 5.54e-07 0.846007
1663 5.54333e-07 0.155917
1664 5.54667e-07 -0.640646
1665 5.55e-07 -0.999722
1666 5.55333e-07 -0.676105
1667 5.55667e-07 0.109214
1668 5.56e-07 0.819952
1669 5.56333e-07 0.970758
1670 5.56667e-07 0.45865
1671 5.57e-07 -0.366664
1672 5.57333e-07 -0.941588
1673 5.57667e-07 -0.873517
1674 5.58e-07 -0.208936
1675 5.58333e-07 0.598325
1676 5.58667e-07 0.996999
1677 5.59e-07 0.714839
1678 5.59333e-07 -0.055473
1679 5.59667e-07 -0.787903
1680 5.6e-07 -0.982287
1681 5.60333e-07 -0.505883
1682 5.60667e-07 0.31598
1683 5.61e-07 0.922066
1684 5.61333e-07 0.898488
1685 5.61667e-07 0.261347
1686 5.62e-07 -0.554263
1687 5.62333e-07 -0.991376
1688 5.62667e-07 -0.751494
1689 5.63e-07 0.0015708
1690 5.63333e-07 0.753563
1691 5.63667e-07 0.99096
1692 5.64e-07 0.551646
1693 5.64333e-07 -0.264378
1694 5.64667e-07 -0.899863
1695 5.65e-07 -0.920845
1696 5.65333e-07 -0.312998
1697 5.65667e-07 0.508591
1698 5.66e-07 0.982871
1699 5.66333e-07 0.785965
1700 5.66667e-07 0.052336
1701 5.67e-07 -0.717032
1702 5.67333e-07 -0.996751
1703 5.67667e-07 -0.595804
1704 5.68e-07 0.212007
1705 5.68333e-07 0.875042
1706 5.68667e-07 0.940526
1707 5.69e-07 0.363739
1708 5.69333e-07 -0.461439
1709 5.69667e-07 -0.971508
1710 5.7e-07 -0.81815
1711 5.70333e-07 -0.106091
1712 5.70667e-07 0.678416
1713 5.71e-07 0.999643
1714 5.71333e-07 0.638231
1715 5.71667e-07 -0.15902
1716 5.72e-07 -0.847678
1717 5.72333e-07 -0.957471
1718 5.72667e-07 -0.413422
1719 5.73e-07 0.412945
1720 5.73333e-07 0.957319
1721 5.73667e-07 0.847956
1722 5.74e-07 0.159537
1723 5.74333e-07 -0.637827
1724 5.74667e-07 -0.999629
1725 5.75e-07 -0.678801
1726 5.75333e-07 0.10557
1727 5.75667e-07 0.817849
1728 5.76e-07 0.971632
1729 5.76333e-07 0.461903
1730 5.76667e-07 -0.363251
1731 5.77e-07 -0.940348
1732 5.77333e-07 -0.875296
1733 5.77667e-07 -0.212519
1734 5.78e-07 0.595384
1735 5.78333e-07 0.996709
1736 5.78667e-07 0.717397
1737 5.79e-07 -0.0518131
1738 5.79333e-07 -0.785641
1739 5.79667e-07 -0.982967
1740 5.8e-07 -0.509041
1741 5.80333e-07 0.312501
1742 5.80667e-07 0.920641
1743 5.81e-07 0.900091
1744 5.81333e-07 0.264883
1745 5.81667e-07 -0.551209
1746 5.82e-07 -0.990889
1747 5.82333e-07 -0.753907
1748 5.82667e-07 -0.00209439
1749 5.83e-07 0.751149
1750 5.83333e-07 0.991445
1751 5.83667e-07 0.554699
1752 5.84e-07 -0.260842
1753 5.84333e-07 -0.898258
1754 5.84667e-07 -0.922268
1755 5.85e-07 -0.316477
1756 5.85333e-07 0.505431
1757 5.85667e-07 0.982189
1758 5.86e-07 0.788226
1759 5.86333e-07 0.0559958
1760 5.86667e-07 -0.714473
1761 5.87e-07 -0.997039
1762 5.87333e-07 -0.598744
1763 5.87667e-07 0.208424
1764 5.88e-07 0.873262
1765 5.88333e-07 0.941764
1766 5.88667e-07 0.367151
1767 5.89e-07 -0.458184
1768 5.89333e-07 -0.970633
1769 5.89667e-07 -0.820252
1770 5.9e-07 -0.109734
1771 5.90333e-07 0.675719
1772 5.90667e-07 0.999735
1773 5.91e-07 0.641048
1774 5.91333e-07 -0.1554
1775 5.91667e-07 -0.845728
1776 5.92e-07 -0.958522
1777 5.92333e-07 -0.416757
1778 5.92667e-07 0.409605
1779 5.93e-07 0.956254
1780 5.93333e-07 0.849893
1781 5.93667e-07 0.163154
1782 5.94e-07 -0.635
1783 5.94333e-07 -0.999523
1784 5.94667e-07 -0.681488
1785 5.95e-07 0.101924
1786 5.95333e-07 0.815734
1787 5.95667e-07 0.972492
1788 5.96e-07 0.465151
1789 5.96333e-07 -0.359834
1790 5.96667e-07 -0.939094
1791 5.97e-07 -0.877062
1792 5.97333e-07 -0.216099
1793 5.97667e-07 0.592435
1794 5.98e-07 0.996405
1795 5.98333e-07 0.719946
1796 5.98667e-07 -0.0481525
1797 5.99e-07 -0.783368
1798 5.99333e-07 -0.983634
1799 5.99667e-07 -0.512193
1800 6e-07 0.309017
1801 6.00333e-07 0.919204
1802 6.00667e-07 0.901682
1803 6.01e-07 0.268415
1804 6.01333e-07 -0.548147
1805 6.01667e-07 -0.990389
1806 6.02e-07 -0.75631
1807 6.02333e-07 -0.00575955
1808 6.02667e-07 0.748724
1809 6.03e-07 0.991917
1810 6.03333e-07 0.557745
1811 6.03667e-07 -0.257301
1812 6.04e-07 -0.896641
1813 6.04333e-07 -0.923679
1814 6.04667e-07 -0.319952
1815 6.05e-07 0.502266
1816 6.05333e-07 0.981494
1817 6.05667e-07 0.790476
1818 6.06e-07 0.0596548
1819 6.06333e-07 -0.711903
1820 6.06667e-07 -0.997314
1821 6.07e-07 -0.601676
1822 6.07333e-07 0.204838
1823 6.07667e-07 0.871471
1824 6.08e-07 0.942991
1825 6.08333e-07 0.370557
1826 6.08667e-07 -0.454923
1827 6.09e-07 -0.969744
1828 6.09333e-07 -0.822343
1829 6.09667e-07 -0.113377
1830 6.1e-07 0.673013
1831 6.10333e-07 0.999812
1832 6.10667e-07 0.643857
1833 6.11e-07 -0.151778
1834 6.11333e-07 -0.843766
1835 6.11667e-07 -0.95956
1836 6.12e-07 -0.420086
1837 6.12333e-07 0.406258
1838 6.12667e-07 0.955175
1839 6.13e-07 0.851818
1840 6.13333e-07 0.166769
1841 6.13667e-07 -0.632165
1842 6.14e-07 -0.999403
1843 6.14333e-07 -0.684165
1844 6.14667e-07 0.0982777
1845 6.15e-07 0.813608
1846 6.15333e-07 0.973339
1847 6.15667e-07 0.468392
1848 6.16e-07 -0.356412
1849 6.16333e-07 -0.937828
1850 6.16667e-07 -0.878817
1851 6.17e-07 -0.219676
1852 6.17333e-07 0.589478
1853 6.17667e-07 0.996087
1854 6.18e-07 0.722485
1855 6.18333e-07 -0.0444912
1856 6.18667e-07 -0.781085
1857 6.19e-07 -0.984288
1858 6.19333e-07 -0.515337
1859 6.19667e-07 0.305529
1860 6.2e-07 0.917755
1861 6.20333e-07 0.90326
1862 6.20667e-07 0.271944
1863 6.21e-07 -0.545078
1864 6.21333e-07 -0.989876
1865 6.21667e-07 -0.758703
1866 6.22e-07 -0.00942464
1867 6.22333e-07 0.74629
1868 6.22667e-07 0.992375
1869 6.23e-07 0.560784
1870 6.23333e-07 -0.253758
1871 6.23667e-07 -0.895012
1872 6.24e-07 -0.925077
1873 6.24333e-07 -0.323422
1874 6.24667e-07 0.499093
1875 6.25e-07 0.980785
1876 6.25333e-07 0.792715
1877 6.25667e-07 0.0633131
1878 6.26e-07 -0.709325
1879 6.26333e-07 -0.997576
1880 6.26667e-07 -0.604599
1881 6.27e-07 0.201249
1882 6.27333e-07 0.869667
1883 6.27667e-07 0.944204
1884 6.28e-07 0.373959
1885 6.28333e-07 -0.451656
1886 6.28667e-07 -0.968843
1887 6.29e-07 -0.824423
1888 6.29333e-07 -0.117017
1889 6.29667e-07 0.670297
1890 6.3e-07 0.999877
1891 6.30333e-07 0.646657
1892 6.30667e-07 -0.148155
1893 6.31e-07 -0.841794
1894 6.31333e-07 -0.960585
1895 6.31667e-07 -0.423409
1896 6.32e-07 0.402906
1897 6.32333e-07 0.954084
1898 6.32667e-07 0.853733
1899 6.33e-07 0.170381
1900 6.33333e-07 -0.62932
1901 6.33667e-07 -0.99927
1902 6.34e-07 -0.686834
1903 6.34333e-07 0.0946296
1904 6.34667e-07 0.811472
1905 6.35e-07 0.974173
1906 6.35333e-07 0.471628
1907 6.35667e-07 -0.352985
1908 6.36e-07 -0.93655
1909 6.36333e-07 -0.88056
1910 6.36667e-07 -0.22325
1911 6.37e-07 0.586514
1912 6.37333e-07 0.995757
1913 6.37667e-07 0.725014
1914 6.38e-07 -0.0408294
1915 6.38333e-07 -0.778791
1916 6.38667e-07 -0.984929
1917 6.39e-07 -0.518475
1918 6.39333e-07 0.302037
1919 6.39667e-07 0.916293
1920 6.4e-07 0.904827
1921 6.40333e-07 0.27547
1922 6.40667e-07 -0.542002
1923 6.41e-07 -0.989349
1924 6.41333e-07 -0.761086
1925 6.41667e-07 -0.0130896
1926 6.42e-07 0.743845
1927 6.42333e-07 0.99282
1928 6.42667e-07 0.563814
1929 6.43e-07 -0.250211
1930 6.43333e-07 -0.893371
1931 6.43667e-07 -0.926463
1932 6.44e-07 -0.326888
1933 6.44333e-07 0.495913
1934 6.44667e-07 0.980064
1935 6.45e-07 0.794944
1936 6.45333e-07 0.0669705
1937 6.45667e-07 -0.706736
1938 6.46e-07 -0.997825
1939 6.46333e-07 -0.607514
1940 6.46667e-07 0.197657
1941 6.47e-07 0.867852
1942 6.47333e-07 0.945405
1943 6.47667e-07 0.377356
1944 6.48e-07 -0.448383
1945 6.48333e-07 -0.967929
1946 6.48667e-07 -0.826492
1947 6.49e-07 -0.120657
1948 6.49333e-07 0.667573
1949 6.49667e-07 0.999927
1950 6.5e-07 0.649448
1951 6.50333e-07 -0.144529
1952 6.50667e-07 -0.839809
1953 6.51e-07 -0.961598
1954 6.51333e-07 -0.426727
1955 6.51667e-07 0.399549
1956 6.52e-07 0.952979
1957 6.52333e-07 0.855635
1958 6.52667e-07 0.173992
1959 6.53e-07 -0.626468
1960 6.53333e-07 -0.999123
1961 6.53667e-07 -0.689493
1962 6.54e-07 0.0909802
1963 6.54333e-07 0.809325
1964 6.54667e-07 0.974994
1965 6.55e-07 0.474856
1966 6.55333e-07 -0.349553
1967 6.55667e-07 -0.935259
1968 6.56e-07 -0.882291
1969 6.56333e-07 -0.226821
1970 6.56667e-07 0.583541
1971 6.57e-07 0.995413
1972 6.57333e-07 0.727533
1973 6.57667e-07 -0.037167
1974 6.58e-07 -0.776487
1975 6.58333e-07 -0.985556
1976 6.58667e-07 -0.521605
1977 6.59e-07 0.298541
1978 6.59333e-07 0.914819
1979 6.59667e-07 0.906382
1980 6.6e-07 0.278991
1981 6.60333e-07 -0.538918
1982 6.60667e-07 -0.988809
1983 6.61e-07 -0.763458
1984 6.61333e-07 -0.0167544
1985 6.61667e-07 0.741391
1986 6.62e-07 0.993252
1987 6.62333e-07 0.566838
1988 6.62667e-07 -0.246661
1989 6.63e-07 -0.891719
1990 6.63333e-07 -0.927836
1991 6.63667e-07 -0.33035
1992 6.64e-07 0.492727
1993 6.64333e-07 0.979329
1994 6.64667e-07 0.797163
1995 6.65e-07 0.070627
1996 6.65333e-07 -0.704139
1997 6.65667e-07 -0.998059
1998 6.66e-07 -0.610422
1999 6.66333e-07 0.194063
2000 6.66667e-07 0.866025
2001 6.67e-07 0.946593
2002 6.67333e-07 0.380748
2003 6.67667e-07 -0.445104
2004 6.68e-07 -0.967001
2005 6.68333e-07 -0.828549
2006 6.68667e-07 -0.124294
2007 6.69e-07 0.664839
2008 6.69333e-07 0.999965
2009 6.69667e-07 0.652231
2010 6.7e-07 -0.140901
2011 6.70333e-07 -0.837814
2012 6.70667e-07 -0.962597
2013 6.71e-07 -0.430038
2014 6.71333e-07 0.396187
2015 6.71667e-07 0.951862
