0 0 0
1 3.33333e-10 0.443228
2 6.66667e-10 0.794627
3 1e-09 0.981393
4 1.33333e-09 0.964833
5 1.66667e-09 0.748377
6 2e-09 0.376871
7 2.33333e-09 -0.072716
8 2.66667e-09 -0.507238
9 3e-09 -0.836669
10 3.33333e-09 -0.992757
11 3.66667e-09 -0.943165
12 4e-09 -0.698165
13 4.33333e-09 -0.308519
14 4.66667e-09 0.145047
15 5e-09 0.568562
16 5.33333e-09 0.874281
17 5.66667e-09 0.998865
18 6e-09 0.916502
19 6.33333e-09 0.644257
20 6.66667e-09 0.238533
21 7e-09 -0.21661
22 7.33333e-09 -0.626876
23 7.66667e-09 -0.907264
24 8e-09 -0.999684
25 8.33333e-09 -0.884988
26 8.66667e-09 -0.586938
27 9e-09 -0.167285
28 9.33333e-09 0.287026
29 9.66667e-09 0.681871
30 1e-08 0.935444
31 1.03333e-08 0.99521
32 1.06667e-08 0.848787
33 1.1e-08 0.526511
34 1.13333e-08 0.0951508
35 1.16667e-08 -0.355923
36 1.2e-08 -0.733255
37 1.23333e-08 -0.958671
38 1.26667e-08 -0.985467
39 1.3e-08 -0.808093
40 1.33333e-08 -0.463296
41 1.36667e-08 -0.0225128
42 1.4e-08 0.422935
43 1.43333e-08 0.780758
44 1.46667e-08 0.976822
45 1.5e-08 0.970506
46 1.53333e-08 0.76312
47 1.56667e-08 0.397628
48 1.6e-08 -0.0502443
49 1.63333e-08 -0.487707
50 1.66667e-08 -0.824126
51 1.7e-08 -0.989801
52 1.73333e-08 -0.950407
53 1.76667e-08 -0.714106
54 1.8e-08 -0.329855
55 1.83333e-08 0.122735
56 1.86667e-08 0.549898
57 1.9e-08 0.863131
58 1.93333e-08 0.99754
59 1.96667e-08 0.925276
60 2e-08 0.661312
61 2.03333e-08 0.260336
62 2.06667e-08 -0.194577
63 2.1e-08 -0.609177
64 2.13333e-08 -0.897566
65 2.16667e-08 -0.999997
66 2.2e-08 -0.895246
67 2.23333e-08 -0.605016
68 2.26667e-08 -0.189438
69 2.3e-08 0.265388
70 2.33333e-08 0.66523
71 2.36667e-08 0.927249
72 2.4e-08 0.997159
73 2.43333e-08 0.860475
74 2.46667e-08 0.545517
75 2.5e-08 0.117537
76 2.53333e-08 -0.334794
77 2.56667e-08 -0.717762
78 2.6e-08 -0.952023
79 2.63333e-08 -0.989042
80 2.66667e-08 -0.821149
81 2.7e-08 -0.48313
82 2.73333e-08 -0.0450143
83 2.76667e-08 0.402427
84 2.8e-08 0.766493
85 2.83333e-08 0.971755
86 2.86667e-08 0.975688
87 2.9e-08 0.777475
88 2.93333e-08 0.418184
89 2.96667e-08 -0.0277472
90 3e-08 -0.46793
91 3.03333e-08 -0.811166
92 3.06667e-08 -0.986343
93 3.1e-08 -0.957168
94 3.13333e-08 -0.729685
95 3.16667e-08 -0.351025
96 3.2e-08 0.100362
97 3.23333e-08 0.530955
98 3.26667e-08 0.851544
99 3.3e-08 0.995709
100 3.33333e-08 0.93358
101 3.36667e-08 0.678031
102 3.4e-08 0.282007
103 3.43333e-08 -0.172445
104 3.46667e-08 -0.591169
105 3.5e-08 -0.887413
106 3.53333e-08 -0.999802
107 3.56667e-08 -0.90505
108 3.6e-08 -0.622788
109 3.63333e-08 -0.211495
110 3.66667e-08 0.243615
111 3.7e-08 0.648253
112 3.73333e-08 0.918584
113 3.76667e-08 0.998602
114 3.8e-08 0.871727
115 3.83333e-08 0.564247
116 3.86667e-08 0.139864
117 3.9e-08 -0.313495
118 3.93333e-08 -0.701904
119 3.96667e-08 -0.944892
120 4e-08 -0.992115
121 4.03333e-08 -0.833789
122 4.06667e-08 -0.502718
123 4.1e-08 -0.0674929
124 4.13333e-08 0.381716
125 4.16667e-08 0.75184
126 4.2e-08 0.966196
127 4.23333e-08 0.980375
128 4.26667e-08 0.791437
129 4.3e-08 0.438528
130 4.33333e-08 -0.00523596
131 4.36667e-08 -0.447915
132 4.4e-08 -0.797794
133 4.43333e-08 -0.982385
134 4.46667e-08 -0.963444
135 4.5e-08 -0.744894
136 4.53333e-08 -0.372016
137 4.56667e-08 0.0779371
138 4.6e-08 0.511743
139 4.63333e-08 0.839525
140 4.66667e-08 0.993373
141 4.7e-08 0.941412
142 4.73333e-08 0.694407
143 4.76667e-08 0.303534
144 4.8e-08 -0.150226
145 4.83333e-08 -0.572861
146 4.86667e-08 -0.876811
147 4.9e-08 -0.999101
148 4.93333e-08 -0.914395
149 4.96667e-08 -0.640244
150 5e-08 -0.233445
151 5.03333e-08 0.221719
152 5.06667e-08 0.630947
153 5.1e-08 0.909454
154 5.13333e-08 0.999539
155 5.16667e-08 0.882538
156 5.2e-08 0.58269
157 5.23333e-08 0.162121
158 5.26667e-08 -0.292038
159 5.3e-08 -0.685691
160 5.33333e-08 -0.937282
161 5.36667e-08 -0.994685
162 5.4e-08 -0.846007
163 5.43333e-08 -0.522052
164 5.46667e-08 -0.0899373
165 5.5e-08 0.360811
166 5.53333e-08 0.736806
167 5.56667e-08 0.960147
168 5.6e-08 0.984564
169 5.63333e-08 0.804997
170 5.66667e-08 0.45865
171 5.7e-08 0.0172779
172 5.73333e-08 -0.427673
173 5.76667e-08 -0.784019
174 5.8e-08 -0.977929
175 5.83333e-08 -0.969231
176 5.86667e-08 -0.759725
177 5.9e-08 -0.392819
178 5.93333e-08 0.055473
179 5.96667e-08 0.492272
180 6e-08 0.827081
181 6.03333e-08 0.990533
182 6.06667e-08 0.948766
183 6.1e-08 0.710431
184 6.13333e-08 0.324908
185 6.16667e-08 -0.12793
186 6.2e-08 -0.554263
187 6.23333e-08 -0.865763
188 6.26667e-08 -0.997893
189 6.3e-08 -0.923277
190 6.33333e-08 -0.657375
191 6.36667e-08 -0.255277
192 6.4e-08 0.19971
193 6.43333e-08 0.613321
194 6.46667e-08 0.899863
195 6.5e-08 0.999969
196 6.53333e-08 0.8929
197 6.56667e-08 0.600839
198 6.6e-08 0.184294
199 6.63333e-08 -0.270432
200 6.66667e-08 -0.669131
201 6.7e-08 -0.929197
202 6.73333e-08 -0.996751
203 6.76667e-08 -0.857796
204 6.8e-08 -0.541121
205 6.83333e-08 -0.112336
206 6.86667e-08 0.339723
207 6.9e-08 0.721398
208 6.93333e-08 0.953612
209 6.96667e-08 0.988255
210 7e-08 0.81815
211 7.03333e-08 0.478539
212 7.06667e-08 0.039783
213 7.1e-08 -0.407215
214 7.13333e-08 -0.769845
215 7.16667e-08 -0.972978
216 7.2e-08 -0.974527
217 7.23333e-08 -0.774172
218 7.26667e-08 -0.413422
219 7.3e-08 0.0329807
220 7.33333e-08 0.472551
221 7.36667e-08 0.814217
222 7.4e-08 0.987192
223 7.43333e-08 0.955639
224 7.46667e-08 0.726095
225 7.5e-08 0.346117
226 7.53333e-08 -0.10557
227 7.56667e-08 -0.535385
228 7.6e-08 -0.854277
229 7.63333e-08 -0.996179
230 7.66667e-08 -0.931691
231 7.7e-08 -0.674173
232 7.73333e-08 -0.276979
233 7.76667e-08 0.1776
234 7.8e-08 0.595384
235 7.83333e-08 0.889815
236 7.86667e-08 0.999893
237 7.9e-08 0.902811
238 7.93333e-08 0.618683
239 7.96667e-08 0.206375
240 8e-08 -0.24869
241 8.03333e-08 -0.652231
242 8.06667e-08 -0.920641
243 8.1e-08 -0.998312
244 8.13333e-08 -0.86915
245 8.16667e-08 -0.559916
246 8.2e-08 -0.134678
247 8.23333e-08 0.318463
248 8.26667e-08 0.705624
249 8.3e-08 0.946593
250 8.33333e-08 0.991445
251 8.36667e-08 0.830887
252 8.4e-08 0.498185
253 8.43333e-08 0.0622679
254 8.46667e-08 -0.38655
255 8.5e-08 -0.755282
256 8.53333e-08 -0.967533
257 8.56667e-08 -0.979329
258 8.6e-08 -0.788226
259 8.63333e-08 -0.433816
260 8.66667e-08 0.0104718
261 8.7e-08 0.45259
262 8.73333e-08 0.80094
263 8.76667e-08 0.98335
264 8.8e-08 0.962028
265 8.83333e-08 0.741391
266 8.86667e-08 0.367151
267 8.9e-08 -0.0831561
268 8.93333e-08 -0.516234
269 8.96667e-08 -0.842358
270 9e-08 -0.993961
271 9.03333e-08 -0.939633
272 9.06667e-08 -0.69063
273 9.1e-08 -0.298541
274 9.13333e-08 0.1554
275 9.16667e-08 0.577145
276 9.2e-08 0.879316
277 9.23333e-08 0.999309
278 9.26667e-08 0.912263
279 9.3e-08 0.636213
280 9.33333e-08 0.228351
281 9.36667e-08 -0.226821
282 9.4e-08 -0.635
283 9.43333e-08 -0.911619
284 9.46667e-08 -0.999366
285 9.5e-08 -0.880063
286 9.53333e-08 -0.578427
287 9.56667e-08 -0.156952
288 9.6e-08 0.297042
289 9.63333e-08 0.689493
290 9.66667e-08 0.939094
291 9.7e-08 0.994132
292 9.73333e-08 0.843204
293 9.76667e-08 0.517579
294 9.8e-08 0.0847213
295 9.83333e-08 -0.365689
296 9.86667e-08 -0.740335
297 9.9e-08 -0.961598
298 9.93333e-08 -0.983634
299 9.96667e-08 -0.80188
300 1e-07 -0.45399
301 1.00333e-07 -0.0120425
302 1.00667e-07 0.432401
303 1.01e-07 0.787258
304 1.01333e-07 0.97901
305 1.01667e-07 0.967929
306 1.02e-07 0.75631
307 1.02333e-07 0.387998
308 1.02667e-07 -0.0607001
309 1.03e-07 -0.496822
310 1.03333e-07 -0.830012
311 1.03667e-07 -0.991239
312 1.04e-07 -0.947098
313 1.04333e-07 -0.706736
314 1.04667e-07 -0.319952
315 1.05e-07 0.133121
316 1.05333e-07 0.558614
317 1.05667e-07 0.868372
318 1.06e-07 0.998219
319 1.06333e-07 0.921253
320 1.06667e-07 0.653421
321 1.07e-07 0.250211
322 1.07333e-07 -0.204838
323 1.07667e-07 -0.617448
324 1.08e-07 -0.902134
325 1.08333e-07 -0.999914
326 1.08667e-07 -0.890531
327 1.09e-07 -0.596645
328 1.09333e-07 -0.179146
329 1.09667e-07 0.27547
330 1.1e-07 0.673013
331 1.10333e-07 0.931119
332 1.10667e-07 0.996315
333 1.11e-07 0.855093
334 1.11333e-07 0.536711
335 1.11667e-07 0.107132
336 1.12e-07 -0.344643
337 1.12333e-07 -0.725014
338 1.12667e-07 -0.955175
339 1.13e-07 -0.987441
340 1.13333e-07 -0.815128
341 1.13667e-07 -0.473935
342 1.14e-07 -0.0345506
343 1.14333e-07 0.411992
344 1.14667e-07 0.773177
345 1.15e-07 0.974173
346 1.15333e-07 0.973339
347 1.15667e-07 0.770847
348 1.16e-07 0.408649
349 1.16333e-07 -0.0382134
350 1.16667e-07 -0.477159
351 1.17e-07 -0.817245
352 1.17333e-07 -0.988014
353 1.17667e-07 -0.954084
354 1.18e-07 -0.722485
355 1.18333e-07 -0.3412
356 1.18667e-07 0.110775
357 1.19e-07 0.5398
358 1.19333e-07 0.856987
359 1.19667e-07 0.996623
360 1.2e-07 0.929776
361 1.20333e-07 0.670297
362 1.20667e-07 0.271944
363 1.21e-07 -0.18275
364 1.21333e-07 -0.599582
365 1.21667e-07 -0.892192
366 1.22e-07 -0.999956
367 1.22333e-07 -0.900547
368 1.22667e-07 -0.614561
369 1.23e-07 -0.201249
370 1.23333e-07 0.253758
371 1.23667e-07 0.656191
372 1.24e-07 0.922673
373 1.24333e-07 0.997994
374 1.24667e-07 0.866549
375 1.25e-07 0.55557
376 1.25333e-07 0.129488
377 1.25667e-07 -0.323422
378 1.26e-07 -0.709325
379 1.26333e-07 -0.948268
380 1.26667e-07 -0.990748
381 1.27e-07 -0.827962
382 1.27333e-07 -0.493638
383 1.27667e-07 -0.0570413
384 1.28e-07 0.391374
385 1.28333e-07 0.758703
386 1.28667e-07 0.968843
387 1.29e-07 0.978256
388 1.29333e-07 0.784993
389 1.29667e-07 0.429093
390 1.3e-07 -0.0157073
391 1.30333e-07 -0.457253
392 1.30667e-07 -0.804064
393 1.31e-07 -0.984288
394 1.31333e-07 -0.960585
395 1.31667e-07 -0.737867
396 1.32e-07 -0.362275
397 1.32333e-07 0.0883728
398 1.32667e-07 0.520712
399 1.33e-07 0.845169
400 1.33333e-07 0.994522
401 1.33667e-07 0.937828
402 1.34e-07 0.686834
403 1.34333e-07 0.29354
404 1.34667e-07 -0.16057
405 1.35e-07 -0.581413
406 1.35333e-07 -0.881798
407 1.35667e-07 -0.99949
408 1.36e-07 -0.910106
409 1.36333e-07 -0.632165
410 1.36667e-07 -0.22325
411 1.37e-07 0.231918
412 1.37333e-07 0.639036
413 1.37667e-07 0.913758
414 1.38e-07 0.999166
415 1.38333e-07 0.877565
416 1.38667e-07 0.574148
417 1.39e-07 0.151778
418 1.39333e-07 -0.302037
419 1.39667e-07 -0.693276
420 1.4e-07 -0.940881
421 1.40333e-07 -0.993552
422 1.40667e-07 -0.840377
423 1.41e-07 -0.513092
424 1.41333e-07 -0.079503
425 1.41667e-07 0.370557
426 1.42e-07 0.743845
427 1.42333e-07 0.963022
428 1.42667e-07 0.982678
429 1.43e-07 0.798741
430 1.43333e-07 0.449319
431 1.43667e-07 0.00680673
432 1.44e-07 -0.437116
433 1.44333e-07 -0.790476
434 1.44667e-07 -0.980064
435 1.45e-07 -0.9666
436 1.45333e-07 -0.752875
437 1.45667e-07 -0.383167
438 1.46e-07 0.0659256
439 1.46333e-07 0.50136
440 1.46667e-07 0.832921
441 1.47e-07 0.991917
442 1.47333e-07 0.945405
443 1.47667e-07 0.703022
444 1.48e-07 0.314987
445 1.48333e-07 -0.138309
446 1.48667e-07 -0.562949
447 1.49e-07 -0.870957
448 1.49333e-07 -0.998518
449 1.49667e-07 -0.919204
450 1.5e-07 -0.649448
451 1.50333e-07 -0.245138
452 1.50667e-07 0.20996
453 1.51e-07 0.621558
454 1.51333e-07 0.904381
455 1.51667e-07 0.999832
456 1.52e-07 0.888136
457 1.52333e-07 0.592435
458 1.52667e-07 0.173992
459 1.53e-07 -0.280499
460 1.53333e-07 -0.676876
461 1.53667e-07 -0.933016
462 1.54e-07 -0.995853
463 1.54333e-07 -0.852366
464 1.54667e-07 -0.532285
465 1.55e-07 -0.101924
466 1.55333e-07 0.349553
467 1.55667e-07 0.72861
468 1.56e-07 0.956712
469 1.56333e-07 0.986601
470 1.56667e-07 0.812084
471 1.57e-07 0.469317
472 1.57333e-07 0.0293173
473 1.57667e-07 -0.416757
474 1.58e-07 -0.776487
475 1.58333e-07 -0.975342
476 1.58667e-07 -0.972125
477 1.59e-07 -0.767501
478 1.59333e-07 -0.403865
479 1.59667e-07 0.043445
480 1.6e-07 0.481754
481 1.60333e-07 0.820252
482 1.60667e-07 0.988809
483 1.61e-07 0.952502
484 1.61333e-07 0.718855
485 1.61667e-07 0.336274
486 1.62e-07 -0.115977
487 1.62333e-07 -0.5442
488 1.62667e-07 -0.859674
489 1.63e-07 -0.997039
490 1.63333e-07 -0.927836
491 1.63667e-07 -0.666402
492 1.64e-07 -0.266902
493 1.64333e-07 0.187896
494 1.64667e-07 0.603765
495 1.65e-07 0.894545
496 1.65333e-07 0.999991
497 1.65667e-07 0.898258
498 1.66e-07 0.610422
499 1.66333e-07 0.196117
500 1.66667e-07 -0.258819
501 1.67e-07 -0.660133
502 1.67333e-07 -0.924679
503 1.67667e-07 -0.997649
504 1.68e-07 -0.863923
505 1.68333e-07 -0.551209
506 1.68667e-07 -0.124294
507 1.69e-07 0.328372
508 1.69333e-07 0.713006
509 1.69667e-07 0.949918
510 1.7e-07 0.990024
511 1.70333e-07 0.825015
512 1.70667e-07 0.489078
513 1.71e-07 0.0518131
514 1.71333e-07 -0.396187
515 1.71667e-07 -0.762104
516 1.72e-07 -0.970127
517 1.72333e-07 -0.977157
518 1.72667e-07 -0.781738
519 1.73e-07 -0.424357
520 1.73333e-07 0.0209424
521 1.73667e-07 0.461903
522 1.74e-07 0.807166
523 1.74333e-07 0.985199
524 1.74667e-07 0.959117
525 1.75e-07 0.734323
526 1.75333e-07 0.35739
527 1.75667e-07 -0.093587
528 1.76e-07 -0.525175
529 1.76333e-07 -0.847956
530 1.76667e-07 -0.995056
531 1.77e-07 -0.935998
532 1.77333e-07 -0.683019
533 1.77667e-07 -0.288531
534 1.78e-07 0.165736
535 1.78333e-07 0.585665
536 1.78667e-07 0.884255
537 1.79e-07 0.999643
538 1.79333e-07 0.907924
539 1.79667e-07 0.628099
540 1.8e-07 0.218143
541 1.80333e-07 -0.237008
542 1.80667e-07 -0.643055
543 1.81e-07 -0.915873
544 1.81333e-07 -0.998939
545 1.81667e-07 -0.875042
546 1.82e-07 -0.569853
547 1.82333e-07 -0.146601
548 1.82667e-07 0.307024
549 1.83e-07 0.69704
550 1.83333e-07 0.942641
551 1.83667e-07 0.992945
552 1.84e-07 0.837528
553 1.84333e-07 0.508591
554 1.84667e-07 0.0742825
555 1.85e-07 -0.375416
556 1.85333e-07 -0.747334
557 1.85667e-07 -0.964419
558 1.86e-07 -0.981694
559 1.86333e-07 -0.795579
560 1.86667e-07 -0.444635
561 1.87e-07 -0.0015708
562 1.87333e-07 0.441819
563 1.87667e-07 0.793672
564 1.88e-07 0.981091
565 1.88333e-07 0.965245
566 1.88667e-07 0.749418
567 1.89e-07 0.378326
568 1.89333e-07 -0.0711493
569 1.89667e-07 -0.505883
570 1.9e-07 -0.835807
571 1.90333e-07 -0.992567
572 1.90667e-07 -0.943686
573 1.91e-07 -0.699289
574 1.91333e-07 -0.310013
575 1.91667e-07 0.143493
576 1.92e-07 0.567269
577 1.92333e-07 0.873517
578 1.92667e-07 0.998789
579 1.93e-07 0.91713
580 1.93333e-07 0.645458
581 1.93667e-07 0.240059
582 1.94e-07 -0.215076
583 1.94333e-07 -0.625651
584 1.94667e-07 -0.906603
585 1.95e-07 -0.999722
586 1.95333e-07 -0.885718
587 1.95667e-07 -0.588209
588 1.96e-07 -0.168833
589 1.96333e-07 0.285521
590 1.96667e-07 0.680721
591 1.97e-07 0.934888
592 1.97333e-07 0.995363
593 1.97667e-07 0.849617
594 1.98e-07 0.527846
595 1.98333e-07 0.0967144
596 1.98667e-07 -0.354454
597 1.99e-07 -0.732186
598 1.99333e-07 -0.958223
599 1.99667e-07 -0.985733
600 2e-07 -0.809017
601 2.00333e-07 -0.464688
602 2.00667e-07 -0.0240832
603 2.01e-07 0.421511
604 2.01333e-07 0.779775
605 2.01667e-07 0.976485
606 2.02e-07 0.970884
607 2.02333e-07 0.764134
608 2.02667e-07 0.399069
609 2.03e-07 -0.0486754
610 2.03333e-07 -0.486335
611 2.03667e-07 -0.823235
612 2.04e-07 -0.989576
613 2.04333e-07 -0.950895
614 2.04667e-07 -0.715205
615 2.05e-07 -0.331338
616 2.05333e-07 0.121176
617 2.05667e-07 0.548585
618 2.06e-07 0.862337
619 2.06333e-07 0.997428
620 2.06667e-07 0.925871
621 2.07e-07 0.662489
622 2.07333e-07 0.261852
623 2.07667e-07 -0.193036
624 2.08e-07 -0.60793
625 2.08333e-07 -0.896873
626 2.08667e-07 -0.999999
627 2.09e-07 -0.895944
628 2.09333e-07 -0.606266
629 2.09667e-07 -0.19098
630 2.1e-07 0.263873
631 2.10333e-07 0.664057
632 2.10667e-07 0.92666
633 2.11e-07 0.997276
634 2.11333e-07 0.861275
635 2.11667e-07 0.546833
636 2.12e-07 0.119097
637 2.12333e-07 -0.333313
638 2.12667e-07 -0.716667
639 2.13e-07 -0.951541
640 2.13333e-07 -0.989272
641 2.13667e-07 -0.822045
642 2.14e-07 -0.484504
643 2.14333e-07 -0.0465834
644 2.14667e-07 0.400989
645 2.15e-07 0.765483
646 2.15333e-07 0.971384
647 2.15667e-07 0.976031
648 2.16e-07 0.778462
649 2.16333e-07 0.419611
650 2.16667e-07 -0.0261769
651 2.17e-07 -0.466541
652 2.17333e-07 -0.810246
653 2.17667e-07 -0.986083
654 2.18e-07 -0.957622
655 2.18333e-07 -0.730758
656 2.18667e-07 -0.352495
657 2.19e-07 0.0987987
658 2.19333e-07 0.529623
659 2.19667e-07 0.850719
660 2.2e-07 0.995562
661 2.20333e-07 0.934142
662 2.20667e-07 0.679185
663 2.21e-07 0.283513
664 2.21333e-07 -0.170897
665 2.21667e-07 -0.589901
666 2.22e-07 -0.886688
667 2.22333e-07 -0.99977
668 2.22667e-07 -0.905717
669 2.23e-07 -0.624016
670 2.23333e-07 -0.21303
671 2.23667e-07 0.242091
672 2.24e-07 0.647056
673 2.24333e-07 0.917962
674 2.24667e-07 0.998684
675 2.25e-07 0.872496
676 2.25333e-07 0.565543
677 2.25667e-07 0.14142
678 2.26e-07 -0.312003
679 2.26333e-07 -0.700785
680 2.26667e-07 -0.944376
681 2.27e-07 -0.99231
682 2.27333e-07 -0.834656
683 2.27667e-07 -0.504075
684 2.28e-07 -0.06906
685 2.28333e-07 0.380263
686 2.28667e-07 0.750803
687 2.29e-07 0.96579
688 2.29333e-07 0.980683
689 2.29667e-07 0.792396
690 2.3e-07 0.439939
691 2.30333e-07 -0.00366518
692 2.30667e-07 -0.44651
693 2.31e-07 -0.796846
694 2.31333e-07 -0.98209
695 2.31667e-07 -0.963863
696 2.32e-07 -0.745941
697 2.32333e-07 -0.373474
698 2.32667e-07 0.076371
699 2.33e-07 0.510393
700 2.33333e-07 0.838671
701 2.33667e-07 0.993191
702 2.34e-07 0.94194
703 2.34333e-07 0.695537
704 2.34667e-07 0.305031
705 2.35e-07 -0.148672
706 2.35333e-07 -0.571573
707 2.35667e-07 -0.876054
708 2.36e-07 -0.999033
709 2.36333e-07 -0.91503
710 2.36667e-07 -0.64145
711 2.37e-07 -0.234972
712 2.37333e-07 0.220187
713 2.37667e-07 0.629727
714 2.38e-07 0.9088
715 2.38333e-07 0.999585
716 2.38667e-07 0.883275
717 2.39e-07 0.583966
718 2.39333e-07 0.16367
719 2.39667e-07 -0.290535
720 2.4e-07 -0.684547
721 2.40333e-07 -0.936733
722 2.40667e-07 -0.994845
723 2.41e-07 -0.846844
724 2.41333e-07 -0.523391
725 2.41667e-07 -0.0915016
726 2.42e-07 0.359345
727 2.42333e-07 0.735743
728 2.42667e-07 0.959707
729 2.43e-07 0.984838
730 2.43333e-07 0.805928
731 2.43667e-07 0.460045
732 2.44e-07 0.0188484
733 2.44333e-07 -0.426253
734 2.44667e-07 -0.783043
735 2.45e-07 -0.9776
736 2.45333e-07 -0.969616
737 2.45667e-07 -0.760746
738 2.46e-07 -0.394263
739 2.46333e-07 0.0539045
740 2.46667e-07 0.490904
741 2.47e-07 0.826197
742 2.47333e-07 0.990317
743 2.47667e-07 0.949261
744 2.48e-07 0.711536
745 2.48333e-07 0.326393
746 2.48667e-07 -0.126372
747 2.49e-07 -0.552955
748 2.49333e-07 -0.864976
749 2.49667e-07 -0.99779
750 2.5e-07 -0.92388
751 2.50333e-07 -0.658558
752 2.50667e-07 -0.256795
753 2.51e-07 0.198171
754 2.51333e-07 0.612079
755 2.51667e-07 0.899176
756 2.52e-07 0.99998
757 2.52333e-07 0.893607
758 2.52667e-07 0.602094
759 2.53e-07 0.185838
760 2.53333e-07 -0.26892
761 2.53667e-07 -0.667962
762 2.54e-07 -0.928615
763 2.54333e-07 -0.996876
764 2.54667e-07 -0.858602
765 2.55e-07 -0.542442
766 2.55333e-07 -0.113897
767 2.55667e-07 0.338245
768 2.56e-07 0.720309
769 2.56333e-07 0.953138
770 2.56667e-07 0.988494
771 2.57e-07 0.819052
772 2.57333e-07 0.479917
773 2.57667e-07 0.0413525
774 2.58e-07 -0.40578
775 2.58333e-07 -0.768842
776 2.58667e-07 -0.972614
777 2.59e-07 -0.974878
778 2.59333e-07 -0.775165
779 2.59667e-07 -0.414852
780 2.6e-07 0.0314108
781 2.60333e-07 0.471166
782 2.60667e-07 0.813304
783 2.61e-07 0.98694
784 2.61333e-07 0.9561
785 2.61667e-07 0.727174
786 2.62e-07 0.34759
787 2.62333e-07 -0.104008
788 2.62667e-07 -0.534057
789 2.63e-07 -0.85346
790 2.63333e-07 -0.996041
791 2.63667e-07 -0.932261
792 2.64e-07 -0.675333
793 2.64333e-07 -0.278488
794 2.64667e-07 0.176054
795 2.65e-07 0.594121
796 2.65333e-07 0.889097
797 2.65667e-07 0.999868
798 2.66e-07 0.903485
799 2.66333e-07 0.619916
800 2.66667e-07 0.207912
801 2.67e-07 -0.247168
802 2.67333e-07 -0.651039
803 2.67667e-07 -0.920027
804 2.68e-07 -0.998402
805 2.68333e-07 -0.869926
806 2.68667e-07 -0.561217
807 2.69e-07 -0.136234
808 2.69333e-07 0.316974
809 2.69667e-07 0.70451
810 2.7e-07 0.946085
811 2.70333e-07 0.991649
812 2.70667e-07 0.83176
813 2.71e-07 0.499546
814 2.71333e-07 0.0638356
815 2.71667e-07 -0.385101
816 2.72e-07 -0.754251
817 2.72333e-07 -0.967135
818 2.72667e-07 -0.979645
819 2.73e-07 -0.789191
820 2.73333e-07 -0.435231
821 2.73667e-07 0.00890106
822 2.74e-07 0.451189
823 2.74333e-07 0.799999
824 2.74667e-07 0.983064
825 2.75e-07 0.962455
826 2.75333e-07 0.742444
827 2.75667e-07 0.368611
828 2.76e-07 -0.0815906
829 2.76333e-07 -0.514888
830 2.76667e-07 -0.841511
831 2.77e-07 -0.993787
832 2.77333e-07 -0.940169
833 2.77667e-07 -0.691765
834 2.78e-07 -0.30004
835 2.78333e-07 0.153848
836 2.78667e-07 0.575862
837 2.79e-07 0.878567
838 2.79333e-07 0.999249
839 2.79667e-07 0.912905
840 2.8e-07 0.637424
841 2.80333e-07 0.22988
842 2.80667e-07 -0.225291
843 2.81e-07 -0.633786
844 2.81333e-07 -0.910972
845 2.81667e-07 -0.999421
846 2.82e-07 -0.880808
847 2.82333e-07 -0.579708
848 2.82667e-07 -0.158503
849 2.83e-07 0.295541
850 2.83333e-07 0.688355
851 2.83667e-07 0.938553
852 2.84e-07 0.994301
853 2.84333e-07 0.844047
854 2.84667e-07 0.518922
855 2.85e-07 0.0862864
856 2.85333e-07 -0.364227
857 2.85667e-07 -0.739279
858 2.86e-07 -0.961165
859 2.86333e-07 -0.983916
860 2.86667e-07 -0.802817
861 2.87e-07 -0.45539
862 2.87333e-07 -0.0136131
863 2.87667e-07 0.430984
864 2.88e-07 0.786288
865 2.88333e-07 0.978689
866 2.88667e-07 0.968322
867 2.89e-07 0.757337
868 2.89333e-07 0.389445
869 2.89667e-07 -0.0591321
870 2.9e-07 -0.495459
871 2.90333e-07 -0.829135
872 2.90667e-07 -0.99103
873 2.91e-07 -0.947601
874 2.91333e-07 -0.707847
875 2.91667e-07 -0.321439
876 2.92e-07 0.131564
877 2.92333e-07 0.55731
878 2.92667e-07 0.867592
879 2.93e-07 0.998124
880 2.93333e-07 0.921863
881 2.93667e-07 0.654609
882 2.94e-07 0.251732
883 2.94333e-07 -0.2033
884 2.94667e-07 -0.616211
885 2.95e-07 -0.901455
886 2.95333e-07 -0.999934
887 2.95667e-07 -0.891244
888 2.96e-07 -0.597905
889 2.96333e-07 -0.180691
890 2.96667e-07 0.273959
891 2.97e-07 0.67185
892 2.97333e-07 0.930545
893 2.97667e-07 0.996449
894 2.98e-07 0.855906
895 2.98333e-07 0.538035
896 2.98667e-07 0.108693
897 2.99e-07 -0.343168
898 2.99333e-07 -0.723931
899 2.99667e-07 -0.954709
900 3e-07 -0.987688
901 3.00333e-07 -0.816037
902 3.00667e-07 -0.475317
903 3.01e-07 -0.0361205
904 3.01333e-07 0.41056
905 3.01667e-07 0.772179
906 3.02e-07 0.973817
907 3.02333e-07 0.973698
908 3.02667e-07 0.771847
909 3.03e-07 0.410082
910 3.03333e-07 -0.0366437
911 3.03667e-07 -0.475778
912 3.04e-07 -0.816339
913 3.04333e-07 -0.98777
914 3.04667e-07 -0.954553
915 3.05e-07 -0.72357
916 3.05333e-07 -0.342676
917 3.05667e-07 0.109214
918 3.06e-07 0.538477
919 3.06333e-07 0.856177
920 3.06667e-07 0.996493
921 3.07e-07 0.930354
922 3.07333e-07 0.671462
923 3.07667e-07 0.273456
924 3.08e-07 -0.181206
925 3.08333e-07 -0.598325
926 3.08667e-07 -0.891481
927 3.09e-07 -0.99994
928 3.09333e-07 -0.901228
929 3.09667e-07 -0.615799
930 3.1e-07 -0.202787
931 3.10333e-07 0.252238
932 3.10667e-07 0.655005
933 3.11e-07 0.922066
934 3.11333e-07 0.998092
935 3.11667e-07 0.867331
936 3.12e-07 0.556876
937 3.12333e-07 0.131045
938 3.12667e-07 -0.321935
939 3.13e-07 -0.708217
940 3.13333e-07 -0.947768
941 3.13667e-07 -0.99096
942 3.14e-07 -0.828842
943 3.14333e-07 -0.495004
944 3.14667e-07 -0.0586095
945 3.15e-07 0.389928
946 3.15333e-07 0.757679
947 3.15667e-07 0.968453
948 3.16e-07 0.978581
949 3.16333e-07 0.785965
950 3.16667e-07 0.430511
951 3.17e-07 -0.0141367
952 3.17333e-07 -0.455856
953 3.17667e-07 -0.80313
954 3.18e-07 -0.98401
955 3.18333e-07 -0.961021
956 3.18667e-07 -0.738926
957 3.19e-07 -0.363739
958 3.19333e-07 0.086808
959 3.19667e-07 0.51937
960 3.2e-07 0.844328
961 3.20333e-07 0.994356
962 3.20667e-07 0.938372
963 3.21e-07 0.687975
964 3.21333e-07 0.295041
965 3.21667e-07 -0.15902
966 3.22e-07 -0.580134
967 3.22333e-07 -0.881056
968 3.22667e-07 -0.999439
969 3.23e-07 -0.910756
970 3.23333e-07 -0.633381
971 3.23667e-07 -0.224781
972 3.24e-07 0.230389
973 3.24333e-07 0.637827
974 3.24667e-07 0.913119
975 3.25e-07 0.999229
976 3.25333e-07 0.878317
977 3.25667e-07 0.575434
978 3.26e-07 0.153331
979 3.26333e-07 -0.300539
980 3.26667e-07 -0.692143
981 3.27e-07 -0.940348
982 3.27333e-07 -0.993729
983 3.27667e-07 -0.841228
984 3.28e-07 -0.51444
985 3.28333e-07 -0.0810687
986 3.28667e-07 0.369098
987 3.29e-07 0.742794
988 3.29333e-07 0.962597
989 3.29667e-07 0.982967
990 3.3e-07 0.799685
991 3.30333e-07 0.450722
992 3.30667e-07 0.00837748
993 3.31e-07 -0.435702
994 3.31333e-07 -0.789513
995 3.31667e-07 -0.97975
996 3.32e-07 -0.967001
997 3.32333e-07 -0.753907
998 3.32667e-07 -0.384618
999 3.33e-07 0.0643581
1000 3.33333e-07 0.5
1001 3.33667e-07 0.832051
1002 3.34e-07 0.991716
1003 3.34333e-07 0.945916
1004 3.34667e-07 0.704139
1005 3.35e-07 0.316477
1006 3.35333e-07 -0.136753
1007 3.35667e-07 -0.56165
1008 3.36e-07 -0.870184
1009 3.36333e-07 -0.998431
1010 3.36667e-07 -0.919821
1011 3.37e-07 -0.650642
1012 3.37333e-07 -0.246661
1013 3.37667e-07 0.208424
1014 3.38e-07 0.620327
1015 3.38333e-07 0.903709
1016 3.38667e-07 0.99986
1017 3.39e-07 0.888857
1018 3.39333e-07 0.5937
1019 3.39667e-07 0.175539
1020 3.4e-07 -0.278991
1021 3.40333e-07 -0.675719
1022 3.40667e-07 -0.93245
1023 3.41e-07 -0.995994
1024 3.41333e-07 -0.853187
1025 3.41667e-07 -0.533615
1026 3.42e-07 -0.103487
1027 3.42333e-07 0.348081
1028 3.42667e-07 0.727533
1029 3.43e-07 0.956254
1030 3.43333e-07 0.986856
1031 3.43667e-07 0.812999
1032 3.44e-07 0.470704
1033 3.44333e-07 0.0308874
1034 3.44667e-07 -0.415328
1035 3.45e-07 -0.775496
1036 3.45333e-07 -0.974994
1037 3.45667e-07 -0.972492
1038 3.46e-07 -0.768507
1039 3.46333e-07 -0.405301
1040 3.46667e-07 0.0418757
1041 3.47e-07 0.480377
1042 3.47333e-07 0.819352
1043 3.47667e-07 0.988573
1044 3.48e-07 0.952979
1045 3.48333e-07 0.719946
1046 3.48667e-07 0.337752
1047 3.49e-07 -0.114417
1048 3.49333e-07 -0.542881
1049 3.49667e-07 -0.858871
1050 3.5e-07 -0.996917
1051 3.50333e-07 -0.928421
1052 3.50667e-07 -0.667573
1053 3.51e-07 -0.268415
1054 3.51333e-07 0.186353
1055 3.51667e-07 0.602512
1056 3.52e-07 0.893841
1057 3.52333e-07 0.999983
1058 3.52667e-07 0.898947
1059 3.53e-07 0.611665
1060 3.53333e-07 0.197657
1061 3.53667e-07 -0.257301
1062 3.54e-07 -0.658952
1063 3.54333e-07 -0.92408
1064 3.54667e-07 -0.997755
1065 3.55e-07 -0.864713
1066 3.55333e-07 -0.552519
1067 3.55667e-07 -0.125853
1068 3.56e-07 0.326888
1069 3.56333e-07 0.711903
1070 3.56667e-07 0.949425
1071 3.57e-07 0.990244
1072 3.57333e-07 0.825902
1073 3.57667e-07 0.490448
1074 3.58e-07 0.0533817
1075 3.58333e-07 -0.394744
1076 3.58667e-07 -0.761086
1077 3.59e-07 -0.969744
1078 3.59333e-07 -0.97749
1079 3.59667e-07 -0.782717
1080 3.6e-07 -0.425779
1081 3.60333e-07 0.0193719
1082 3.60667e-07 0.46051
1083 3.61e-07 0.806238
1084 3.61333e-07 0.984929
1085 3.61667e-07 0.95956
1086 3.62e-07 0.735388
1087 3.62333e-07 0.358857
1088 3.62667e-07 -0.092023
1089 3.63e-07 -0.523837
1090 3.63333e-07 -0.847122
1091 3.63667e-07 -0.994898
1092 3.64e-07 -0.93655
1093 3.64333e-07 -0.684165
1094 3.64667e-07 -0.290034
1095 3.65e-07 0.164187
1096 3.65333e-07 0.584391
1097 3.65667e-07 0.883521
1098 3.66e-07 0.9996
1099 3.66333e-07 0.908581
1100 3.66667e-07 0.62932
1101 3.67e-07 0.219676
1102 3.67333e-07 -0.235481
1103 3.67667e-07 -0.641851
1104 3.68e-07 -0.915241
1105 3.68333e-07 -0.99901
1106 3.68667e-07 -0.875802
1107 3.69e-07 -0.571143
1108 3.69333e-07 -0.148155
1109 3.69667e-07 0.305529
1110 3.7e-07 0.695913
1111 3.70333e-07 0.942116
1112 3.70667e-07 0.99313
1113 3.71e-07 0.838385
1114 3.71333e-07 0.509943
1115 3.71667e-07 0.0758489
1116 3.72e-07 -0.373959
1117 3.72333e-07 -0.74629
1118 3.72667e-07 -0.964003
1119 3.73e-07 -0.981992
1120 3.73333e-07 -0.79653
1121 3.73667e-07 -0.446042
1122 3.74e-07 -0.00314159
1123 3.74333e-07 0.440409
1124 3.74667e-07 0.792715
1125 3.75e-07 0.980785
1126 3.75333e-07 0.965654
1127 3.75667e-07 0.750457
1128 3.76e-07 0.379779
1129 3.76333e-07 -0.0695824
1130 3.76667e-07 -0.504528
1131 3.77e-07 -0.834944
1132 3.77333e-07 -0.992375
1133 3.77667e-07 -0.944204
1134 3.78e-07 -0.700411
1135 3.78333e-07 -0.311506
1136 3.78667e-07 0.141938
1137 3.79e-07 0.565975
1138 3.79333e-07 0.872752
1139 3.79667e-07 0.998711
1140 3.8e-07 0.917755
1141 3.80333e-07 0.646657
1142 3.80667e-07 0.241583
1143 3.81e-07 -0.213542
1144 3.81333e-07 -0.624425
1145 3.81667e-07 -0.905939
1146 3.82e-07 -0.999758
1147 3.82333e-07 -0.886446
1148 3.82667e-07 -0.589478
1149 3.83e-07 -0.170381
1150 3.83333e-07 0.284015
1151 3.83667e-07 0.679569
1152 3.84e-07 0.934329
1153 3.84333e-07 0.995513
1154 3.84667e-07 0.850444
1155 3.85e-07 0.529179
1156 3.85333e-07 0.0982777
1157 3.85667e-07 -0.352985
1158 3.86e-07 -0.731116
1159 3.86333e-07 -0.957772
1160 3.86667e-07 -0.985996
1161 3.87e-07 -0.809939
1162 3.87333e-07 -0.466078
1163 3.87667e-07 -0.0256535
1164 3.88e-07 0.420086
1165 3.88333e-07 0.778791
1166 3.88667e-07 0.976145
1167 3.89e-07 0.971259
1168 3.89333e-07 0.765146
1169 3.89667e-07 0.400509
1170 3.9e-07 -0.0471065
1171 3.90333e-07 -0.484962
1172 3.90667e-07 -0.822343
1173 3.91e-07 -0.989349
1174 3.91333e-07 -0.95138
1175 3.91667e-07 -0.716302
1176 3.92e-07 -0.33282
1177 3.92333e-07 0.119617
1178 3.92667e-07 0.547271
1179 3.93e-07 0.861541
1180 3.93333e-07 0.997314
1181 3.93667e-07 0.926463
1182 3.94e-07 0.663665
1183 3.94333e-07 0.263368
1184 3.94667e-07 -0.191494
1185 3.95e-07 -0.606682
1186 3.95333e-07 -0.896177
1187 3.95667e-07 -1
1188 3.96e-07 -0.896641
1189 3.96333e-07 -0.607514
1190 3.96667e-07 -0.192522
1191 3.97e-07 0.262358
1192 3.97333e-07 0.662881
1193 3.97667e-07 0.926068
1194 3.98e-07 0.997391
1195 3.98333e-07 0.862072
1196 3.98667e-07 0.548147
1197 3.99e-07 0.120657
1198 3.99333e-07 -0.331832
1199 3.99667e-07 -0.715571
1200 4e-07 -0.951057
1201 4.00333e-07 -0.989501
1202 4.00667e-07 -0.822938
1203 4.01e-07 -0.485878
1204 4.01333e-07 -0.0481525
1205 4.01667e-07 0.399549
1206 4.02e-07 0.764472
1207 4.02333e-07 0.971009
1208 4.02667e-07 0.976371
1209 4.03e-07 0.779447
1210 4.03333e-07 0.421036
1211 4.03667e-07 -0.0246067
1212 4.04e-07 -0.465151
1213 4.04333e-07 -0.809325
1214 4.04667e-07 -0.985821
1215 4.05e-07 -0.958073
1216 4.05333e-07 -0.73183
1217 4.05667e-07 -0.353965
1218 4.06e-07 0.0972355
1219 4.06333e-07 0.52829
1220 4.06667e-07 0.849893
1221 4.07e-07 0.995413
1222 4.07333e-07 0.934702
1223 4.07667e-07 0.680337
1224 4.08e-07 0.285019
1225 4.08333e-07 -0.16935
1226 4.08667e-07 -0.588632
1227 4.09e-07 -0.885961
1228 4.09333e-07 -0.999735
1229 4.09667e-07 -0.906382
1230 4.1e-07 -0.625243
1231 4.10333e-07 -0.214565
1232 4.10667e-07 0.240567
1233 4.11e-07 0.645858
1234 4.11333e-07 0.917338
1235 4.11667e-07 0.998763
1236 4.12e-07 0.873262
1237 4.12333e-07 0.566838
1238 4.12667e-07 0.142974
1239 4.13e-07 -0.310511
1240 4.13333e-07 -0.699663
1241 4.13667e-07 -0.943859
1242 4.14e-07 -0.992504
1243 4.14333e-07 -0.83552
1244 4.14667e-07 -0.505431
1245 4.15e-07 -0.070627
1246 4.15333e-07 0.37881
1247 4.15667e-07 0.749765
1248 4.16e-07 0.965382
1249 4.16333e-07 0.980989
1250 4.16667e-07 0.793353
1251 4.17e-07 0.441349
1252 4.17333e-07 -0.00209439
1253 4.17667e-07 -0.445104
1254 4.18e-07 -0.795896
1255 4.18333e-07 -0.981793
1256 4.18667e-07 -0.964281
1257 4.19e-07 -0.746986
1258 4.19333e-07 -0.37493
1259 4.19667e-07 0.0748047
1260 4.2e-07 0.509041
1261 4.20333e-07 0.837814
1262 4.20667e-07 0.993007
1263 4.21e-07 0.942467
1264 4.21333e-07 0.696664
1265 4.21667e-07 0.306526
1266 4.22e-07 -0.147119
1267 4.22333e-07 -0.570284
1268 4.22667e-07 -0.875296
1269 4.23e-07 -0.998963
1270 4.23333e-07 -0.915663
1271 4.23667e-07 -0.642654
1272 4.24e-07 -0.236499
1273 4.24333e-07 0.218654
1274 4.24667e-07 0.628506
1275 4.25e-07 0.908143
1276 4.25333e-07 0.999629
1277 4.25667e-07 0.884011
1278 4.26e-07 0.585241
1279 4.26333e-07 0.16522
1280 4.26667e-07 -0.289032
1281 4.27e-07 -0.683401
1282 4.27333e-07 -0.936182
1283 4.27667e-07 -0.995003
1284 4.28e-07 -0.847678
1285 4.28333e-07 -0.524729
1286 4.28667e-07 -0.0930657
1287 4.29e-07 0.357879
1288 4.29333e-07 0.734678
1289 4.29667e-07 0.959265
1290 4.3e-07 0.985109
1291 4.30333e-07 0.806857
1292 4.30667e-07 0.461439
1293 4.31e-07 0.0204189
1294 4.31333e-07 -0.424832
1295 4.31667e-07 -0.782065
1296 4.32e-07 -0.977268
1297 4.32333e-07 -0.969999
1298 4.32667e-07 -0.761764
1299 4.33e-07 -0.395706
1300 4.33333e-07 0.052336
1301 4.33667e-07 0.489535
1302 4.34e-07 0.825311
1303 4.34333e-07 0.990097
1304 4.34667e-07 0.949754
1305 4.35e-07 0.712639
1306 4.35333e-07 0.327878
1307 4.35667e-07 -0.124814
1308 4.36e-07 -0.551646
1309 4.36333e-07 -0.864187
1310 4.36667e-07 -0.997684
1311 4.37e-07 -0.92448
1312 4.37333e-07 -0.659739
1313 4.37667e-07 -0.258313
1314 4.38e-07 0.196631
1315 4.38333e-07 0.610836
1316 4.38667e-07 0.898488
1317 4.39e-07 0.999989
1318 4.39333e-07 0.89431
1319 4.39667e-07 0.603347
1320 4.4e-07 0.187381
1321 4.40333e-07 -0.267407
1322 4.40667e-07 -0.666793
1323 4.41e-07 -0.928031
1324 4.41333e-07 -0.996999
1325 4.41667e-07 -0.859406
1326 4.42e-07 -0.54376
1327 4.42333e-07 -0.115457
1328 4.42667e-07 0.336767
1329 4.43e-07 0.719219
1330 4.43333e-07 0.952661
1331 4.43667e-07 0.98873
1332 4.44e-07 0.819952
1333 4.44333e-07 0.481295
1334 4.44667e-07 0.0429219
1335 4.45e-07 -0.404344
1336 4.45333e-07 -0.767836
1337 4.45667e-07 -0.972248
1338 4.46e-07 -0.975227
1339 4.46333e-07 -0.776156
1340 4.46667e-07 -0.416281
1341 4.47e-07 0.0298407
1342 4.47333e-07 0.46978
1343 4.47667e-07 0.812389
1344 4.48e-07 0.986686
1345 4.48333e-07 0.95656
1346 4.48667e-07 0.728251
1347 4.49e-07 0.349063
1348 4.49333e-07 -0.102445
1349 4.49667e-07 -0.532729
1350 4.5e-07 -0.85264
1351 4.50333e-07 -0.9959
1352 4.50667e-07 -0.932828
1353 4.51e-07 -0.67649
1354 4.51333e-07 -0.279997
1355 4.51667e-07 0.174508
1356 4.52e-07 0.592857
1357 4.52333e-07 0.888377
1358 4.52667e-07 0.999842
1359 4.53e-07 0.904157
1360 4.53333e-07 0.621148
1361 4.53667e-07 0.209448
1362 4.54e-07 -0.245646
1363 4.54333e-07 -0.649846
1364 4.54667e-07 -0.91941
1365 4.55e-07 -0.998489
1366 4.55333e-07 -0.870699
1367 4.55667e-07 -0.562516
1368 4.56e-07 -0.13779
1369 4.56333e-07 0.315483
1370 4.56667e-07 0.703395
1371 4.57e-07 0.945575
1372 4.57333e-07 0.99185
1373 4.57667e-07 0.832631
1374 4.58e-07 0.500907
1375 4.58333e-07 0.0654031
1376 4.58667e-07 -0.383651
1377 4.59e-07 -0.753219
1378 4.59333e-07 -0.966734
1379 4.59667e-07 -0.979959
1380 4.6e-07 -0.790155
1381 4.60333e-07 -0.436645
1382 4.60667e-07 0.00733032
1383 4.61e-07 0.449787
1384 4.61333e-07 0.799055
1385 4.61667e-07 0.982774
1386 4.62e-07 0.96288
1387 4.62333e-07 0.743495
1388 4.62667e-07 0.370071
1389 4.63e-07 -0.080025
1390 4.63333e-07 -0.513541
1391 4.63667e-07 -0.840661
1392 4.64e-07 -0.993611
1393 4.64333e-07 -0.940703
1394 4.64667e-07 -0.692899
1395 4.65e-07 -0.301538
1396 4.65333e-07 0.152296
1397 4.65667e-07 0.574577
1398 4.66e-07 0.877816
1399 4.66333e-07 0.999187
1400 4.66667e-07 0.913545
1401 4.67e-07 0.638634
1402 4.67333e-07 0.231408
1403 4.67667e-07 -0.22376
1404 4.68e-07 -0.63257
1405 4.68333e-07 -0.910323
1406 4.68667e-07 -0.999473
1407 4.69e-07 -0.881551
1408 4.69333e-07 -0.580987
1409 4.69667e-07 -0.160053
1410 4.7e-07 0.29404
1411 4.70333e-07 0.687214
1412 4.70667e-07 0.93801
1413 4.71e-07 0.994467
1414 4.71333e-07 0.844889
1415 4.71667e-07 0.520265
1416 4.72e-07 0.0878512
1417 4.72333e-07 -0.362763
1418 4.72667e-07 -0.73822
1419 4.73e-07 -0.960731
1420 4.73333e-07 -0.984196
1421 4.73667e-07 -0.803753
1422 4.74e-07 -0.456787
1423 4.74333e-07 -0.0151838
1424 4.74667e-07 0.429566
1425 4.75e-07 0.785317
1426 4.75333e-07 0.978365
1427 4.75667e-07 0.968713
1428 4.76e-07 0.758362
1429 4.76333e-07 0.390892
1430 4.76667e-07 -0.057564
1431 4.77e-07 -0.494094
1432 4.77333e-07 -0.828256
1433 4.77667e-07 -0.990819
1434 4.78e-07 -0.948102
1435 4.78333e-07 -0.708956
1436 4.78667e-07 -0.322927
1437 4.79e-07 0.130007
1438 4.79333e-07 0.556006
1439 4.79667e-07 0.86681
1440 4.8e-07 0.998027
1441 4.80333e-07 0.922471
1442 4.80667e-07 0.655796
1443 4.81e-07 0.253251
1444 4.81333e-07 -0.201762
1445 4.81667e-07 -0.614974
1446 4.82e-07 -0.900774
1447 4.82333e-07 -0.999951
1448 4.82667e-07 -0.891955
1449 4.83e-07 -0.599163
1450 4.83333e-07 -0.182236
1451 4.83667e-07 0.272448
1452 4.84e-07 0.670686
1453 4.84333e-07 0.929969
1454 4.84667e-07 0.99658
1455 4.85e-07 0.856718
1456 4.85333e-07 0.539359
1457 4.85667e-07 0.110255
1458 4.86e-07 -0.341692
1459 4.86333e-07 -0.722847
1460 4.86667e-07 -0.95424
1461 4.87e-07 -0.987933
1462 4.87333e-07 -0.816944
1463 4.87667e-07 -0.476699
1464 4.88e-07 -0.0376902
1465 4.88333e-07 0.409127
1466 4.88667e-07 0.77118
1467 4.89e-07 0.973459
1468 4.89333e-07 0.974055
1469 4.89667e-07 0.772844
1470 4.9e-07 0.411514
1471 4.90333e-07 -0.0350739
1472 4.90667e-07 -0.474396
1473 4.91e-07 -0.815431
1474 4.91333e-07 -0.987524
1475 4.91667e-07 -0.95502
1476 4.92e-07 -0.724653
1477 4.92333e-07 -0.344151
1478 4.92667e-07 0.107652
1479 4.93e-07 0.537152
1480 4.93333e-07 0.855364
1481 4.93667e-07 0.99636
1482 4.94e-07 0.930928
1483 4.94333e-07 0.672625
1484 4.94667e-07 0.274966
1485 4.95e-07 -0.179661
1486 4.95333e-07 -0.597065
1487 4.95667e-07 -0.890769
1488 4.96e-07 -0.999921
1489 4.96333e-07 -0.901908
1490 4.96667e-07 -0.617036
1491 4.97e-07 -0.204325
1492 4.97333e-07 0.250718
1493 4.97667e-07 0.653817
1494 4.98e-07 0.921457
1495 4.98333e-07 0.998188
1496 4.98667e-07 0.868112
1497 4.99e-07 0.55818
1498 4.99333e-07 0.132602
1499 4.99667e-07 -0.320448
1500 5e-07 -0.707107
1501 5.00333e-07 -0.947266
1502 5.00667e-07 -0.991169
1503 5.01e-07 -0.82972
1504 5.01333e-07 -0.496368
1505 5.01667e-07 -0.0601775
1506 5.02e-07 0.388481
1507 5.02333e-07 0.756653
1508 5.02667e-07 0.96806
1509 5.03e-07 0.978903
1510 5.03333e-07 0.786935
1511 5.03667e-07 0.431928
1512 5.04e-07 -0.012566
1513 5.04333e-07 -0.454457
1514 5.04667e-07 -0.802193
1515 5.05e-07 -0.983729
1516 5.05333e-07 -0.961454
1517 5.05667e-07 -0.739983
1518 5.06e-07 -0.365202
1519 5.06333e-07 0.085243
1520 5.06667e-07 0.518027
1521 5.07e-07 0.843485
1522 5.07333e-07 0.994189
1523 5.07667e-07 0.938914
1524 5.08e-07 0.689114
1525 5.08333e-07 0.296542
1526 5.08667e-07 -0.157469
1527 5.09e-07 -0.578854
1528 5.09333e-07 -0.880312
1529 5.09667e-07 -0.999385
1530 5.1e-07 -0.911403
1531 5.10333e-07 -0.634596
1532 5.10667e-07 -0.226311
1533 5.11e-07 0.228861
1534 5.11333e-07 0.636617
1535 5.11667e-07 0.912477
1536 5.12e-07 0.999289
1537 5.12333e-07 0.879067
1538 5.12667e-07 0.576718
1539 5.13e-07 0.154883
1540 5.13333e-07 -0.299041
1541 5.13667e-07 -0.691009
1542 5.14e-07 -0.939812
1543 5.14333e-07 -0.993903
1544 5.14667e-07 -0.842076
1545 5.15e-07 -0.515786
1546 5.15333e-07 -0.0826343
1547 5.15667e-07 0.367638
1548 5.16e-07 0.741742
1549 5.16333e-07 0.96217
1550 5.16667e-07 0.983255
1551 5.17e-07 0.800627
1552 5.17333e-07 0.452123
1553 5.17667e-07 0.00994821
1554 5.18e-07 -0.434288
1555 5.18333e-07 -0.788548
1556 5.18667e-07 -0.979435
1557 5.19e-07 -0.9674
1558 5.19333e-07 -0.754939
1559 5.19667e-07 -0.386067
1560 5.2e-07 0.0627905
1561 5.20333e-07 0.498639
1562 5.20667e-07 0.831179
1563 5.21e-07 0.991513
1564 5.21333e-07 0.946424
1565 5.21667e-07 0.705253
1566 5.22e-07 0.317967
1567 5.22333e-07 -0.135197
1568 5.22667e-07 -0.56035
1569 5.23e-07 -0.869409
1570 5.23333e-07 -0.998342
1571 5.23667e-07 -0.920437
1572 5.24e-07 -0.651834
1573 5.24333e-07 -0.248183
1574 5.24667e-07 0.206887
1575 5.25e-07 0.619094
1576 5.25333e-07 0.903036
1577 5.25667e-07 0.999885
1578 5.26e-07 0.889576
1579 5.26333e-07 0.594963
1580 5.26667e-07 0.177085
1581 5.27e-07 -0.277482
1582 5.27333e-07 -0.67456
1583 5.27667e-07 -0.931881
1584 5.28e-07 -0.996134
1585 5.28333e-07 -0.854005
1586 5.28667e-07 -0.534942
1587 5.29e-07 -0.105049
1588 5.29333e-07 0.346608
1589 5.29667e-07 0.726455
1590 5.3e-07 0.955793
1591 5.30333e-07 0.987108
1592 5.30667e-07 0.813913
1593 5.31e-07 0.472089
1594 5.31333e-07 0.0324574
1595 5.31667e-07 -0.413899
1596 5.32e-07 -0.774503
1597 5.32333e-07 -0.974644
1598 5.32667e-07 -0.972857
1599 5.33e-07 -0.769511
1600 5.33333e-07 -0.406737
1601 5.33667e-07 0.0403062
1602 5.34e-07 0.478998
1603 5.34333e-07 0.818451
1604 5.34667e-07 0.988335
1605 5.35e-07 0.953454
1606 5.35333e-07 0.721035
1607 5.35667e-07 0.339231
1608 5.36e-07 -0.112856
1609 5.36333e-07 -0.541561
1610 5.36667e-07 -0.858065
1611 5.37e-07 -0.996793
1612 5.37333e-07 -0.929003
1613 5.37667e-07 -0.668741
1614 5.38e-07 -0.269928
1615 5.38333e-07 0.184809
1616 5.38667e-07 0.601257
1617 5.39e-07 0.893136
1618 5.39333e-07 0.999973
1619 5.39667e-07 0.899634
1620 5.4e-07 0.612907
1621 5.40333e-07 0.199197
1622 5.40667e-07 -0.255783
1623 5.41e-07 -0.65777
1624 5.41333e-07 -0.923478
1625 5.41667e-07 -0.997859
1626 5.42e-07 -0.865501
1627 5.42333e-07 -0.553828
1628 5.42667e-07 -0.127411
1629 5.43e-07 0.325403
1630 5.43333e-07 0.710799
1631 5.43667e-07 0.948931
1632 5.44e-07 0.990461
1633 5.44333e-07 0.826786
1634 5.44667e-07 0.491816
1635 5.45e-07 0.0549502
1636 5.45333e-07 -0.3933
1637 5.45667e-07 -0.760066
1638 5.46e-07 -0.96936
1639 5.46333e-07 -0.97782
1640 5.46667e-07 -0.783693
1641 5.47e-07 -0.4272
1642 5.47333e-07 0.0178014
1643 5.47667e-07 0.459115
1644 5.48e-07 0.805308
1645 5.48333e-07 0.984656
1646 5.48667e-07 0.960001
1647 5.49e-07 0.736451
1648 5.49333e-07 0.360322
1649 5.49667e-07 -0.0904588
1650 5.5e-07 -0.522499
1651 5.50333e-07 -0.846286
1652 5.50667e-07 -0.994739
1653 5.51e-07 -0.937099
1654 5.51333e-07 -0.68531
1655 5.51667e-07 -0.291537
1656 5.52e-07 0.162637
1657 5.52333e-07 0.583116
1658 5.52667e-07 0.882784
1659 5.53e-07 0.999555
1660 5.53333e-07 0.909236
1661 5.53667e-07 0.63054
1662 5.54e-07 0.221208
1663 5.54333e-07 -0.233954
1664 5.54667e-07 -0.640646
1665 5.55e-07 -0.914607
1666 5.55333e-07 -0.999078
1667 5.55667e-07 -0.876559
1668 5.56e-07 -0.572432
1669 5.56333e-07 -0.149708
1670 5.56667e-07 0.304033
1671 5.57e-07 0.694784
1672 5.57333e-07 0.941588
1673 5.57667e-07 0.993312
1674 5.58e-07 0.83924
1675 5.58333e-07 0.511293
1676 5.58667e-07 0.0774151
1677 5.59e-07 -0.372502
1678 5.59333e-07 -0.745243
1679 5.59667e-07 -0.963584
1680 5.6e-07 -0.982287
1681 5.60333e-07 -0.797479
1682 5.60667e-07 -0.447447
1683 5.61e-07 -0.00471237
1684 5.61333e-07 0.438999
1685 5.61667e-07 0.791757
1686 5.62e-07 0.980478
1687 5.62333e-07 0.966061
1688 5.62667e-07 0.751494
1689 5.63e-07 0.381232
1690 5.63333e-07 -0.0680153
1691 5.63667e-07 -0.503171
1692 5.64e-07 -0.834078
1693 5.64333e-07 -0.99218
1694 5.64667e-07 -0.94472
1695 5.65e-07 -0.701531
1696 5.65333e-07 -0.312998
1697 5.65667e-07 0.140383
1698 5.66e-07 0.564679
1699 5.66333e-07 0.871984
1700 5.66667e-07 0.99863
1701 5.67e-07 0.918377
1702 5.67333e-07 0.647854
1703 5.67667e-07 0.243107
1704 5.68e-07 -0.212007
1705 5.68333e-07 -0.623197
1706 5.68667e-07 -0.905272
1707 5.69e-07 -0.999792
1708 5.69333e-07 -0.887172
1709 5.69667e-07 -0.590746
1710 5.7e-07 -0.171929
1711 5.70333e-07 0.282509
1712 5.70667e-07 0.678416
1713 5.71e-07 0.933768
1714 5.71333e-07 0.99566
1715 5.71667e-07 0.851269
1716 5.72e-07 0.530511
1717 5.72333e-07 0.0998407
1718 5.72667e-07 -0.351515
1719 5.73e-07 -0.730043
1720 5.73333e-07 -0.957319
1721 5.73667e-07 -0.986257
1722 5.74e-07 -0.81086
1723 5.74333e-07 -0.467467
1724 5.74667e-07 -0.0272238
1725 5.75e-07 0.41866
1726 5.75333e-07 0.777805
1727 5.75667e-07 0.975802
1728 5.76e-07 0.971632
1729 5.76333e-07 0.766157
1730 5.76667e-07 0.401948
1731 5.77e-07 -0.0455373
1732 5.77333e-07 -0.483588
1733 5.77667e-07 -0.821448
1734 5.78e-07 -0.989119
1735 5.78333e-07 -0.951862
1736 5.78667e-07 -0.717397
1737 5.79e-07 -0.3343
1738 5.79333e-07 0.118057
1739 5.79667e-07 0.545956
1740 5.8e-07 0.860742
1741 5.80333e-07 0.997198
1742 5.80667e-07 0.927053
1743 5.81e-07 0.664839
1744 5.81333e-07 0.264883
1745 5.81667e-07 -0.189952
1746 5.82e-07 -0.605433
1747 5.82333e-07 -0.895479
1748 5.82667e-07 -0.999998
1749 5.83e-07 -0.897335
1750 5.83333e-07 -0.608761
1751 5.83667e-07 -0.194063
1752 5.84e-07 0.260842
1753 5.84333e-07 0.661705
1754 5.84667e-07 0.925474
1755 5.85e-07 0.997503
1756 5.85333e-07 0.862867
1757 5.85667e-07 0.54946
1758 5.86e-07 0.122216
1759 5.86333e-07 -0.33035
1760 5.86667e-07 -0.714473
1761 5.87e-07 -0.95057
1762 5.87333e-07 -0.989726
1763 5.87667e-07 -0.82383
1764 5.88e-07 -0.48725
1765 5.88333e-07 -0.0497214
1766 5.88667e-07 0.398109
1767 5.89e-07 0.763458
1768 5.89333e-07 0.970633
1769 5.89667e-07 0.97671
1770 5.9e-07 0.78043
1771 5.90333e-07 0.42246
1772 5.90667e-07 -0.0230363
1773 5.91e-07 -0.46376
1774 5.91333e-07 -0.808401
1775 5.91667e-07 -0.985556
1776 5.92e-07 -0.958522
1777 5.92333e-07 -0.732899
1778 5.92667e-07 -0.355433
1779 5.93e-07 0.095672
1780 5.93333e-07 0.526956
1781 5.93667e-07 0.849064
1782 5.94e-07 0.995261
1783 5.94333e-07 0.935259
1784 5.94667e-07 0.681488
1785 5.95e-07 0.286525
1786 5.95333e-07 -0.167801
1787 5.95667e-07 -0.587362
1788 5.96e-07 -0.885231
1789 5.96333e-07 -0.999697
1790 5.96667e-07 -0.907044
1791 5.97e-07 -0.626468
1792 5.97333e-07 -0.216099
1793 5.97667e-07 0.239042
1794 5.98e-07 0.644657
1795 5.98333e-07 0.916712
1796 5.98667e-07 0.99884
1797 5.99e-07 0.874027
1798 5.99333e-07 0.568131
1799 5.99667e-07 0.144529
1800 6e-07 -0.309017
1801 6.00333e-07 -0.69854
1802 6.00667e-07 -0.943339
1803 6.01e-07 -0.992694
1804 6.01333e-07 -0.836382
1805 6.01667e-07 -0.506786
1806 6.02e-07 -0.0721938
1807 6.02333e-07 0.377356
1808 6.02667e-07 0.748724
1809 6.03e-07 0.964971
1810 6.03333e-07 0.981293
1811 6.03667e-07 0.794309
1812 6.04e-07 0.442758
1813 6.04333e-07 -0.000523599
1814 6.04667e-07 -0.443697
1815 6.05e-07 -0.794944
1816 6.05333e-07 -0.981494
1817 6.05667e-07 -0.964695
1818 6.06e-07 -0.74803
1819 6.06333e-07 -0.376386
1820 6.06667e-07 0.0732382
1821 6.07e-07 0.507689
1822 6.07333e-07 0.836955
1823 6.07667e-07 0.99282
1824 6.08e-07 0.942991
1825 6.08333e-07 0.69779
1826 6.08667e-07 0.308021
1827 6.09e-07 -0.145565
1828 6.09333e-07 -0.568993
1829 6.09667e-07 -0.874535
1830 6.1e-07 -0.99889
1831 6.10333e-07 -0.916293
1832 6.10667e-07 -0.643857
1833 6.11e-07 -0.238025
1834 6.11333e-07 0.217121
1835 6.11667e-07 0.627284
1836 6.12e-07 0.907484
1837 6.12333e-07 0.999671
1838 6.12667e-07 0.884744
1839 6.13e-07 0.586514
1840 6.13333e-07 0.166769
1841 6.13667e-07 -0.287528
1842 6.14e-07 -0.682254
1843 6.14333e-07 -0.935629
1844 6.14667e-07 -0.995159
1845 6.15e-07 -0.84851
1846 6.15333e-07 -0.526066
1847 6.15667e-07 -0.0946296
1848 6.16e-07 0.356412
1849 6.16333e-07 0.733611
1850 6.16667e-07 0.95882
1851 6.17e-07 0.985378
1852 6.17333e-07 0.807784
1853 6.17667e-07 0.462832
1854 6.18e-07 0.0219894
1855 6.18333e-07 -0.423409
1856 6.18667e-07 -0.781085
1857 6.19e-07 -0.976934
1858 6.19333e-07 -0.97038
1859 6.19667e-07 -0.762781
1860 6.2e-07 -0.397148
1861 6.20333e-07 0.0507672
1862 6.20667e-07 0.488164
1863 6.21e-07 0.824423
1864 6.21333e-07 0.989876
1865 6.21667e-07 0.950244
1866 6.22e-07 0.71374
1867 6.22333e-07 0.329361
1868 6.22667e-07 -0.123255
1869 6.23e-07 -0.550335
1870 6.23333e-07 -0.863396
1871 6.23667e-07 -0.997576
1872 6.24e-07 -0.925077
1873 6.24333e-07 -0.660919
1874 6.24667e-07 -0.25983
1875 6.25e-07 0.19509
1876 6.25333e-07 0.609592
1877 6.25667e-07 0.897797
1878 6.26e-07 0.999995
1879 6.26333e-07 0.895012
1880 6.26667e-07 0.604599
1881 6.27e-07 0.188924
1882 6.27333e-07 -0.265893
1883 6.27667e-07 -0.665621
1884 6.28e-07 -0.927445
1885 6.28333e-07 -0.997119
1886 6.28667e-07 -0.860208
1887 6.29e-07 -0.545078
1888 6.29333e-07 -0.117017
1889 6.29667e-07 0.335287
1890 6.3e-07 0.718126
1891 6.30333e-07 0.952183
1892 6.30667e-07 0.988964
1893 6.31e-07 0.82085
1894 6.31333e-07 0.482671
1895 6.31667e-07 0.0444912
1896 6.32e-07 -0.402906
1897 6.32333e-07 -0.766829
1898 6.32667e-07 -0.971879
1899 6.33e-07 -0.975573
1900 6.33333e-07 -0.777146
1901 6.33667e-07 -0.417709
1902 6.34e-07 0.0282706
1903 6.34333e-07 0.468392
1904 6.34667e-07 0.811472
1905 6.35e-07 0.986429
1906 6.35333e-07 0.957016
1907 6.35667e-07 0.729327
1908 6.36e-07 0.350534
1909 6.36333e-07 -0.100883
1910 6.36667e-07 -0.531399
1911 6.37e-07 -0.851818
1912 6.37333e-07 -0.995757
1913 6.37667e-07 -0.933393
1914 6.38e-07 -0.677646
1915 6.38333e-07 -0.281504
1916 6.38667e-07 0.172961
1917 6.39e-07 0.591591
1918 6.39333e-07 0.887655
1919 6.39667e-07 0.999812
1920 6.4e-07 0.904827
1921 6.40333e-07 0.622378
1922 6.40667e-07 0.210984
1923 6.41e-07 -0.244123
1924 6.41333e-07 -0.648651
1925 6.41667e-07 -0.918791
1926 6.42e-07 -0.998574
1927 6.42333e-07 -0.871471
1928 6.42667e-07 -0.563814
1929 6.43e-07 -0.139346
1930 6.43333e-07 0.313992
1931 6.43667e-07 0.702277
1932 6.44e-07 0.945063
1933 6.44333e-07 0.992049
1934 6.44667e-07 0.8335
1935 6.45e-07 0.502266
1936 6.45333e-07 0.0669705
1937 6.45667e-07 -0.3822
1938 6.46e-07 -0.752185
1939 6.46333e-07 -0.966331
1940 6.46667e-07 -0.980271
1941 6.47e-07 -0.791117
1942 6.47333e-07 -0.438057
1943 6.47667e-07 0.00575955
1944 6.48e-07 0.448383
1945 6.48333e-07 0.79811
1946 6.48667e-07 0.982483
1947 6.49e-07 0.963303
1948 6.49333e-07 0.744545
1949 6.49667e-07 0.37153
1950 6.5e-07 -0.0784591
1951 6.50333e-07 -0.512193
1952 6.50667e-07 -0.839809
1953 6.51e-07 -0.993433
1954 6.51333e-07 -0.941235
1955 6.51667e-07 -0.69403
1956 6.52e-07 -0.303035
1957 6.52333e-07 0.150743
1958 6.52667e-07 0.57329
1959 6.53e-07 0.877062
1960 6.53333e-07 0.999123
1961 6.53667e-07 0.914183
1962 6.54e-07 0.639841
1963 6.54333e-07 0.232936
1964 6.54667e-07 -0.222229
1965 6.55e-07 -0.631353
1966 6.55333e-07 -0.909672
1967 6.55667e-07 -0.999523
1968 6.56e-07 -0.882291
1969 6.56333e-07 -0.582265
1970 6.56667e-07 -0.161604
1971 6.57e-07 0.292539
1972 6.57333e-07 0.686072
1973 6.57667e-07 0.937464
1974 6.58e-07 0.994631
1975 6.58333e-07 0.845728
1976 6.58667e-07 0.521605
1977 6.59e-07 0.0894158
1978 6.59333e-07 -0.361299
1979 6.59667e-07 -0.737159
1980 6.6e-07 -0.960294
1981 6.60333e-07 -0.984473
1982 6.60667e-07 -0.804687
1983 6.61e-07 -0.458184
1984 6.61333e-07 -0.0167544
1985 6.61667e-07 0.428147
1986 6.62e-07 0.784343
1987 6.62333e-07 0.978039
1988 6.62667e-07 0.969102
1989 6.63e-07 0.759385
1990 6.63333e-07 0.392337
1991 6.63667e-07 -0.0559958
1992 6.64e-07 -0.492727
1993 6.64333e-07 -0.827375
1994 6.64667e-07 -0.990605
1995 6.65e-07 -0.9486
1996 6.65333e-07 -0.710062
1997 6.65667e-07 -0.324413
1998 6.66e-07 0.128449
1999 6.66333e-07 0.554699
2000 6.66667e-07 0.866025
2001 6.67e-07 0.997927
2002 6.67333e-07 0.923076
2003 6.67667e-07 0.656981
2004 6.68e-07 0.254771
2005 6.68333e-07 -0.200223
2006 6.68667e-07 -0.613734
2007 6.69e-07 -0.900091
2008 6.69333e-07 -0.999965
2009 6.69667e-07 -0.892664
2010 6.7e-07 -0.60042
2011 6.70333e-07 -0.18378
2012 6.70667e-07 0.270936
2013 6.71e-07 0.66952
2014 6.71333e-07 0.92939
2015 6.71667e-07 0.996709
