0 0 0
1 3.33333e-10 0.75184
2 6.66667e-10 -0.991445
3 1e-09 0.55557
4 1.33333e-09 0.258819
5 1.66667e-09 -0.896873
6 2e-09 0.92388
7 2.33333e-09 -0.321439
8 2.66667e-09 -0.5
9 3e-09 0.980785
10 3.33333e-09 -0.793353
11 3.66667e-09 0.0654031
12 4e-09 0.707107
13 4.33333e-09 -0.997859
14 4.66667e-09 0.608761
15 5e-09 0.19509
16 5.33333e-09 -0.866025
17 5.66667e-09 0.94693
18 6e-09 -0.382683
19 6.33333e-09 -0.442289
20 6.66667e-09 0.965926
21 7e-09 -0.83147
22 7.33333e-09 0.130526
23 7.66667e-09 0.659346
24 8e-09 -1
25 8.33333e-09 0.659346
26 8.66667e-09 0.130526
27 9e-09 -0.83147
28 9.33333e-09 0.965926
29 9.66667e-09 -0.442289
30 1e-08 -0.382683
31 1.03333e-08 0.94693
32 1.06667e-08 -0.866025
33 1.1e-08 0.19509
34 1.13333e-08 0.608761
35 1.16667e-08 -0.997859
36 1.2e-08 0.707107
37 1.23333e-08 0.0654031
38 1.26667e-08 -0.793353
39 1.3e-08 0.980785
40 1.33333e-08 -0.5
41 1.36667e-08 -0.321439
42 1.4e-08 0.92388
43 1.43333e-08 -0.896873
44 1.46667e-08 0.258819
45 1.5e-08 0.55557
46 1.53333e-08 -0.991445
47 1.56667e-08 0.75184
48 1.6e-08 6.46823e-14
49 1.63333e-08 -0.75184
50 1.66667e-08 0.991445
51 1.7e-08 -0.55557
52 1.73333e-08 -0.258819
53 1.76667e-08 0.896873
54 1.8e-08 -0.92388
55 1.83333e-08 0.321439
56 1.86667e-08 0.5
57 1.9e-08 -0.980785
58 1.93333e-08 0.793353
59 1.96667e-08 -0.0654031
60 2e-08 -0.707107
61 2.03333e-08 0.997859
62 2.06667e-08 -0.608761
63 2.1e-08 -0.19509
64 2.13333e-08 0.866025
65 2.16667e-08 -0.94693
66 2.2e-08 0.382683
67 2.23333e-08 0.442289
68 2.26667e-08 -0.965926
69 2.3e-08 0.83147
70 2.33333e-08 -0.130526
71 2.36667e-08 -0.659346
72 2.4e-08 1
73 2.43333e-08 -0.659346
74 2.46667e-08 -0.130526
75 2.5e-08 0.83147
76 2.53333e-08 -0.965926
77 2.56667e-08 0.442289
78 2.6e-08 0.382683
79 2.63333e-08 -0.94693
80 2.66667e-08 0.866025
81 2.7e-08 -0.19509
82 2.73333e-08 -0.608761
83 2.76667e-08 0.997859
84 2.8e-08 -0.707107
85 2.83333e-08 -0.0654031
86 2.86667e-08 0.793353
87 2.9e-08 -0.980785
88 2.93333e-08 0.5
89 2.96667e-08 0.321439
90 3e-08 -0.92388
91 3.03333e-08 0.896873
92 3.06667e-08 -0.258819
93 3.1e-08 -0.55557
94 3.13333e-08 0.991445
95 3.16667e-08 -0.75184
96 3.2e-08 -4.40994e-14
97 3.23333e-08 0.75184
98 3.26667e-08 -0.991445
99 3.3e-08 0.55557
100 3.33333e-08 0.258819
101 3.36667e-08 -0.896873
102 3.4e-08 0.92388
103 3.43333e-08 -0.321439
104 3.46667e-08 -0.5
105 3.5e-08 0.980785
106 3.53333e-08 -0.793353
107 3.56667e-08 0.0654031
108 3.6e-08 0.707107
109 3.63333e-08 -0.997859
110 3.66667e-08 0.608761
111 3.7e-08 0.19509
112 3.73333e-08 -0.866025
113 3.76667e-08 0.94693
114 3.8e-08 -0.382683
115 3.83333e-08 -0.442289
116 3.86667e-08 0.965926
117 3.9e-08 -0.83147
118 3.93333e-08 0.130526
119 3.96667e-08 0.659346
120 4e-08 -1
121 4.03333e-08 0.659346
122 4.06667e-08 0.130526
123 4.1e-08 -0.83147
124 4.13333e-08 0.965926
125 4.16667e-08 -0.442289
126 4.2e-08 -0.382683
127 4.23333e-08 0.94693
128 4.26667e-08 -0.866025
129 4.3e-08 0.19509
130 4.33333e-08 0.608761
131 4.36667e-08 -0.997859
132 4.4e-08 0.707107
133 4.43333e-08 0.0654031
134 4.46667e-08 -0.793353
135 4.5e-08 0.980785
136 4.53333e-08 -0.5
137 4.56667e-08 -0.321439
138 4.6e-08 0.92388
139 4.63333e-08 -0.896873
140 4.66667e-08 0.258819
141 4.7e-08 0.55557
142 4.73333e-08 -0.991445
143 4.76667e-08 0.75184
144 4.8e-08 -9.71243e-13
145 4.83333e-08 -0.75184
146 4.86667e-08 0.991445
147 4.9e-08 -0.55557
148 4.93333e-08 -0.258819
149 4.96667e-08 0.896873
150 5e-08 -0.92388
151 5.03333e-08 0.321439
152 5.06667e-08 0.5
153 5.1e-08 -0.980785
154 5.13333e-08 0.793353
155 5.16667e-08 -0.0654031
156 5.2e-08 -0.707107
157 5.23333e-08 0.997859
158 5.26667e-08 -0.608761
159 5.3e-08 -0.19509
160 5.33333e-08 0.866025
161 5.36667e-08 -0.94693
162 5.4e-08 0.382683
163 5.43333e-08 0.442289
164 5.46667e-08 -0.965926
165 5.5e-08 0.83147
166 5.53333e-08 -0.130526
167 5.56667e-08 -0.659346
168 5.6e-08 1
169 5.63333e-08 -0.659346
170 5.66667e-08 -0.130526
171 5.7e-08 0.83147
172 5.73333e-08 -0.965926
173 5.76667e-08 0.442289
174 5.8e-08 0.382683
175 5.83333e-08 -0.94693
176 5.86667e-08 0.866025
177 5.9e-08 -0.19509
178 5.93333e-08 -0.608761
179 5.96667e-08 0.997859
180 6e-08 -0.707107
181 6.03333e-08 -0.0654031
182 6.06667e-08 0.793353
183 6.1e-08 -0.980785
184 6.13333e-08 0.5
185 6.16667e-08 0.321439
186 6.2e-08 -0.92388
187 6.23333e-08 0.896873
188 6.26667e-08 -0.258819
189 6.3e-08 -0.55557
190 6.33333e-08 0.991445
191 6.36667e-08 -0.75184
192 6.4e-08 1.90132e-12
193 6.43333e-08 0.75184
194 6.46667e-08 -0.991445
195 6.5e-08 0.55557
196 6.53333e-08 0.258819
197 6.56667e-08 -0.896873
198 6.6e-08 0.92388
199 6.63333e-08 -0.321439
200 6.66667e-08 -0.5
201 6.7e-08 0.980785
202 6.73333e-08 -0.793353
203 6.76667e-08 0.0654031
204 6.8e-08 0.707107
205 6.83333e-08 -0.997859
206 6.86667e-08 0.608761
207 6.9e-08 0.19509
208 6.93333e-08 -0.866025
209 6.96667e-08 0.94693
210 7e-08 -0.382683
211 7.03333e-08 -0.442289
212 7.06667e-08 0.965926
213 7.1e-08 -0.83147
214 7.13333e-08 0.130526
215 7.16667e-08 0.659346
216 7.2e-08 -1
217 7.23333e-08 0.659346
218 7.26667e-08 0.130526
219 7.3e-08 -0.83147
220 7.33333e-08 0.965926
221 7.36667e-08 -0.442289
222 7.4e-08 -0.382683
223 7.43333e-08 0.94693
224 7.46667e-08 -0.866025
225 7.5e-08 0.19509
226 7.53333e-08 0.608761
227 7.56667e-08 -0.997859
228 7.6e-08 0.707107
229 7.63333e-08 0.0654031
230 7.66667e-08 -0.793353
231 7.7e-08 0.980785
232 7.73333e-08 -0.5
233 7.76667e-08 -0.321439
234 7.8e-08 0.92388
235 7.83333e-08 -0.896873
236 7.86667e-08 0.258819
237 7.9e-08 0.55557
238 7.93333e-08 -0.991445
239 7.96667e-08 0.75184
240 8e-08 -2.88824e-12
241 8.03333e-08 -0.75184
242 8.06667e-08 0.991445
243 8.1e-08 -0.55557
244 8.13333e-08 -0.258819
245 8.16667e-08 0.896873
246 8.2e-08 -0.92388
247 8.23333e-08 0.321439
248 8.26667e-08 0.5
249 8.3e-08 -0.980785
250 8.33333e-08 0.793353
251 8.36667e-08 -0.0654031
252 8.4e-08 -0.707107
253 8.43333e-08 0.997859
254 8.46667e-08 -0.608761
255 8.5e-08 -0.19509
256 8.53333e-08 0.866025
257 8.56667e-08 -0.94693
258 8.6e-08 0.382683
259 8.63333e-08 0.442289
260 8.66667e-08 -0.965926
261 8.7e-08 0.83147
262 8.73333e-08 -0.130526
263 8.76667e-08 -0.659346
264 8.8e-08 1
265 8.83333e-08 -0.659346
266 8.86667e-08 -0.130526
267 8.9e-08 0.83147
268 8.93333e-08 -0.965926
269 8.96667e-08 0.442289
270 9e-08 0.382683
271 9.03333e-08 -0.94693
272 9.06667e-08 0.866025
273 9.1e-08 -0.19509
274 9.13333e-08 -0.608761
275 9.16667e-08 0.997859
276 9.2e-08 -0.707107
277 9.23333e-08 -0.0654031
278 9.26667e-08 0.793353
279 9.3e-08 -0.980785
280 9.33333e-08 0.5
281 9.36667e-08 0.321439
282 9.4e-08 -0.92388
283 9.43333e-08 0.896873
284 9.46667e-08 -0.258819
285 9.5e-08 -0.55557
286 9.53333e-08 0.991445
287 9.56667e-08 -0.75184
288 9.6e-08 3.87516e-12
289 9.63333e-08 0.75184
290 9.66667e-08 -0.991445
291 9.7e-08 0.55557
292 9.73333e-08 0.258819
293 9.76667e-08 -0.896873
294 9.8e-08 0.92388
295 9.83333e-08 -0.321439
296 9.86667e-08 -0.5
297 9.9e-08 0.980785
298 9.93333e-08 -0.793353
299 9.96667e-08 0.0654031
300 1e-07 0.707107
301 1.00333e-07 -0.997859
302 1.00667e-07 0.608761
303 1.01e-07 0.19509
304 1.01333e-07 -0.866025
305 1.01667e-07 0.94693
306 1.02e-07 -0.382683
307 1.02333e-07 -0.442289
308 1.02667e-07 0.965926
309 1.03e-07 -0.83147
310 1.03333e-07 0.130526
311 1.03667e-07 0.659346
312 1.04e-07 -1
313 1.04333e-07 0.659346
314 1.04667e-07 0.130526
315 1.05e-07 -0.83147
316 1.05333e-07 0.965926
317 1.05667e-07 -0.442289
318 1.06e-07 -0.382683
319 1.06333e-07 0.94693
320 1.06667e-07 -0.866025
321 1.07e-07 0.19509
322 1.07333e-07 0.608761
323 1.07667e-07 -0.997859
324 1.08e-07 0.707107
325 1.08333e-07 0.0654031
326 1.08667e-07 -0.793353
327 1.09e-07 0.980785
328 1.09333e-07 -0.5
329 1.09667e-07 -0.321439
330 1.1e-07 0.92388
331 1.10333e-07 -0.896873
332 1.10667e-07 0.258819
333 1.11e-07 0.55557
334 1.11333e-07 -0.991445
335 1.11667e-07 0.75184
336 1.12e-07 -4.86208e-12
337 1.12333e-07 -0.75184
338 1.12667e-07 0.991445
339 1.13e-07 -0.55557
340 1.13333e-07 -0.258819
341 1.13667e-07 0.896873
342 1.14e-07 -0.92388
343 1.14333e-07 0.321439
344 1.14667e-07 0.5
345 1.15e-07 -0.980785
346 1.15333e-07 0.793353
347 1.15667e-07 -0.0654031
348 1.16e-07 -0.707107
349 1.16333e-07 0.997859
350 1.16667e-07 -0.608761
351 1.17e-07 -0.19509
352 1.17333e-07 0.866025
353 1.17667e-07 -0.94693
354 1.18e-07 0.382683
355 1.18333e-07 0.442289
356 1.18667e-07 -0.965926
357 1.19e-07 0.83147
358 1.19333e-07 -0.130526
359 1.19667e-07 -0.659346
360 1.2e-07 1
361 1.20333e-07 -0.659346
362 1.20667e-07 -0.130526
363 1.21e-07 0.83147
364 1.21333e-07 -0.965926
365 1.21667e-07 0.442289
366 1.22e-07 0.382683
367 1.22333e-07 -0.94693
368 1.22667e-07 0.866025
369 1.23e-07 -0.19509
370 1.23333e-07 -0.608761
371 1.23667e-07 0.997859
372 1.24e-07 -0.707107
373 1.24333e-07 -0.0654031
374 1.24667e-07 0.793353
375 1.25e-07 -0.980785
376 1.25333e-07 0.5
377 1.25667e-07 0.321439
378 1.26e-07 -0.92388
379 1.26333e-07 0.896873
380 1.26667e-07 -0.258819
381 1.27e-07 -0.55557
382 1.27333e-07 0.991445
383 1.27667e-07 -0.75184
384 1.28e-07 3.46158e-12
385 1.28333e-07 0.75184
386 1.28667e-07 -0.991445
387 1.29e-07 0.55557
388 1.29333e-07 0.258819
389 1.29667e-07 -0.896873
390 1.3e-07 0.92388
391 1.30333e-07 -0.321439
392 1.30667e-07 -0.5
393 1.31e-07 0.980785
394 1.31333e-07 -0.793353
395 1.31667e-07 0.0654031
396 1.32e-07 0.707107
397 1.32333e-07 -0.997859
398 1.32667e-07 0.608761
399 1.33e-07 0.19509
400 1.33333e-07 -0.866025
401 1.33667e-07 0.94693
402 1.34e-07 -0.382683
403 1.34333e-07 -0.442289
404 1.34667e-07 0.965926
405 1.35e-07 -0.83147
406 1.35333e-07 0.130526
407 1.35667e-07 0.659346
408 1.36e-07 -1
409 1.36333e-07 0.659346
410 1.36667e-07 0.130526
411 1.37e-07 -0.83147
412 1.37333e-07 0.965926
413 1.37667e-07 -0.442289
414 1.38e-07 -0.382683
415 1.38333e-07 0.94693
416 1.38667e-07 -0.866025
417 1.39e-07 0.19509
418 1.39333e-07 0.608761
419 1.39667e-07 -0.997859
420 1.4e-07 0.707107
421 1.40333e-07 0.0654031
422 1.40667e-07 -0.793353
423 1.41e-07 0.980785
424 1.41333e-07 -0.5
425 1.41667e-07 -0.321439
426 1.42e-07 0.92388
427 1.42333e-07 -0.896873
428 1.42667e-07 0.258819
429 1.43e-07 0.55557
430 1.43333e-07 -0.991445
431 1.43667e-07 0.75184
432 1.44e-07 -1.28402e-13
433 1.44333e-07 -0.75184
434 1.44667e-07 0.991445
435 1.45e-07 -0.55557
436 1.45333e-07 -0.258819
437 1.45667e-07 0.896873
438 1.46e-07 -0.92388
439 1.46333e-07 0.321439
440 1.46667e-07 0.5
441 1.47e-07 -0.980785
442 1.47333e-07 0.793353
443 1.47667e-07 -0.0654031
444 1.48e-07 -0.707107
445 1.48333e-07 0.997859
446 1.48667e-07 -0.608761
447 1.49e-07 -0.19509
448 1.49333e-07 0.866025
449 1.49667e-07 -0.94693
450 1.5e-07 0.382683
451 1.50333e-07 0.442289
452 1.50667e-07 -0.965926
453 1.51e-07 0.83147
454 1.51333e-07 -0.130526
455 1.51667e-07 -0.659346
456 1.52e-07 1
457 1.52333e-07 -0.659346
458 1.52667e-07 -0.130526
459 1.53e-07 0.83147
460 1.53333e-07 -0.965926
461 1.53667e-07 0.442289
462 1.54e-07 0.382683
463 1.54333e-07 -0.94693
464 1.54667e-07 0.866025
465 1.55e-07 -0.19509
466 1.55333e-07 -0.608761
467 1.55667e-07 0.997859
468 1.56e-07 -0.707107
469 1.56333e-07 -0.0654031
470 1.56667e-07 0.793353
471 1.57e-07 -0.980785
472 1.57333e-07 0.5
473 1.57667e-07 0.321439
474 1.58e-07 -0.92388
475 1.58333e-07 0.896873
476 1.58667e-07 -0.258819
477 1.59e-07 -0.55557
478 1.59333e-07 0.991445
479 1.59667e-07 -0.75184
480 1.6e-07 -3.31846e-12
481 1.60333e-07 0.75184
482 1.60667e-07 -0.991445
483 1.61e-07 0.55557
484 1.61333e-07 0.258819
485 1.61667e-07 -0.896873
486 1.62e-07 0.92388
487 1.62333e-07 -0.321439
488 1.62667e-07 -0.5
489 1.63e-07 0.980785
490 1.63333e-07 -0.793353
491 1.63667e-07 0.0654031
492 1.64e-07 0.707107
493 1.64333e-07 -0.997859
494 1.64667e-07 0.608761
495 1.65e-07 0.19509
496 1.65333e-07 -0.866025
497 1.65667e-07 0.94693
498 1.66e-07 -0.382683
499 1.66333e-07 -0.442289
500 1.66667e-07 0.965926
501 1.67e-07 -0.83147
502 1.67333e-07 0.130526
503 1.67667e-07 0.659346
504 1.68e-07 -1
505 1.68333e-07 0.659346
506 1.68667e-07 0.130526
507 1.69e-07 -0.83147
508 1.69333e-07 0.965926
509 1.69667e-07 -0.442289
510 1.7e-07 -0.382683
511 1.70333e-07 0.94693
512 1.70667e-07 -0.866025
513 1.71e-07 0.19509
514 1.71333e-07 0.608761
515 1.71667e-07 -0.997859
516 1.72e-07 0.707107
517 1.72333e-07 0.0654031
518 1.72667e-07 -0.793353
519 1.73e-07 0.980785
520 1.73333e-07 -0.5
521 1.73667e-07 -0.321439
522 1.74e-07 0.92388
523 1.74333e-07 -0.896873
524 1.74667e-07 0.258819
525 1.75e-07 0.55557
526 1.75333e-07 -0.991445
527 1.75667e-07 0.75184
528 1.76e-07 6.76533e-12
529 1.76333e-07 -0.75184
530 1.76667e-07 0.991445
531 1.77e-07 -0.55557
532 1.77333e-07 -0.258819
533 1.77667e-07 0.896873
534 1.78e-07 -0.92388
535 1.78333e-07 0.321439
536 1.78667e-07 0.5
537 1.79e-07 -0.980785
538 1.79333e-07 0.793353
539 1.79667e-07 -0.0654031
540 1.8e-07 -0.707107
541 1.80333e-07 0.997859
542 1.80667e-07 -0.608761
543 1.81e-07 -0.19509
544 1.81333e-07 0.866025
545 1.81667e-07 -0.94693
546 1.82e-07 0.382683
547 1.82333e-07 0.442289
548 1.82667e-07 -0.965926
549 1.83e-07 0.83147
550 1.83333e-07 -0.130526
551 1.83667e-07 -0.659346
552 1.84e-07 1
553 1.84333e-07 -0.659346
554 1.84667e-07 -0.130526
555 1.85e-07 0.83147
556 1.85333e-07 -0.965926
557 1.85667e-07 0.442289
558 1.86e-07 0.382683
559 1.86333e-07 -0.94693
560 1.86667e-07 0.866025
561 1.87e-07 -0.19509
562 1.87333e-07 -0.608761
563 1.87667e-07 0.997859
564 1.88e-07 -0.707107
565 1.88333e-07 -0.0654031
566 1.88667e-07 0.793353
567 1.89e-07 -0.980785
568 1.89333e-07 0.5
569 1.89667e-07 0.321439
570 1.9e-07 -0.92388
571 1.90333e-07 0.896873
572 1.90667e-07 -0.258819
573 1.91e-07 -0.55557
574 1.91333e-07 0.991445
575 1.91667e-07 -0.75184
576 1.92e-07 -9.98482e-12
577 1.92333e-07 0.75184
578 1.92667e-07 -0.991445
579 1.93e-07 0.55557
580 1.93333e-07 0.258819
581 1.93667e-07 -0.896873
582 1.94e-07 0.92388
583 1.94333e-07 -0.321439
584 1.94667e-07 -0.5
585 1.95e-07 0.980785
586 1.95333e-07 -0.793353
587 1.95667e-07 0.0654031
588 1.96e-07 0.707107
589 1.96333e-07 -0.997859
590 1.96667e-07 0.608761
591 1.97e-07 0.19509
592 1.97333e-07 -0.866025
593 1.97667e-07 0.94693
594 1.98e-07 -0.382683
595 1.98333e-07 -0.442289
596 1.98667e-07 0.965926
597 1.99e-07 -0.83147
598 1.99333e-07 0.130526
599 1.99667e-07 0.659346
600 2e-07 -1
601 2.00333e-07 0.659346
602 2.00667e-07 0.130526
603 2.01e-07 -0.83147
604 2.01333e-07 0.965926
605 2.01667e-07 -0.442289
606 2.02e-07 -0.382683
607 2.02333e-07 0.94693
608 2.02667e-07 -0.866025
609 2.03e-07 0.19509
610 2.03333e-07 0.608761
611 2.03667e-07 -0.997859
612 2.04e-07 0.707107
613 2.04333e-07 0.0654031
614 2.04667e-07 -0.793353
615 2.05e-07 0.980785
616 2.05333e-07 -0.5
617 2.05667e-07 -0.321439
618 2.06e-07 0.92388
619 2.06333e-07 -0.896873
620 2.06667e-07 0.258819
621 2.07e-07 0.55557
622 2.07333e-07 -0.991445
623 2.07667e-07 0.75184
624 2.08e-07 1.34317e-11
625 2.08333e-07 -0.75184
626 2.08667e-07 0.991445
627 2.09e-07 -0.55557
628 2.09333e-07 -0.258819
629 2.09667e-07 0.896873
630 2.1e-07 -0.92388
631 2.10333e-07 0.321439
632 2.10667e-07 0.5
633 2.11e-07 -0.980785
634 2.11333e-07 0.793353
635 2.11667e-07 -0.0654031
636 2.12e-07 -0.707107
637 2.12333e-07 0.997859
638 2.12667e-07 -0.608761
639 2.13e-07 -0.19509
640 2.13333e-07 0.866025
641 2.13667e-07 -0.94693
642 2.14e-07 0.382683
643 2.14333e-07 0.442289
644 2.14667e-07 -0.965926
645 2.15e-07 0.83147
646 2.15333e-07 -0.130526
647 2.15667e-07 -0.659346
648 2.16e-07 1
649 2.16333e-07 -0.659346
650 2.16667e-07 -0.130526
651 2.17e-07 0.83147
652 2.17333e-07 -0.965926
653 2.17667e-07 0.442289
654 2.18e-07 0.382683
655 2.18333e-07 -0.94693
656 2.18667e-07 0.866025
657 2.19e-07 -0.19509
658 2.19333e-07 -0.608761
659 2.19667e-07 0.997859
660 2.2e-07 -0.707107
661 2.20333e-07 -0.0654031
662 2.20667e-07 0.793353
663 2.21e-07 -0.980785
664 2.21333e-07 0.5
665 2.21667e-07 0.321439
666 2.22e-07 -0.92388
667 2.22333e-07 0.896873
668 2.22667e-07 -0.258819
669 2.23e-07 -0.55557
670 2.23333e-07 0.991445
671 2.23667e-07 -0.75184
672 2.24e-07 -1.68786e-11
673 2.24333e-07 0.75184
674 2.24667e-07 -0.991445
675 2.25e-07 0.55557
676 2.25333e-07 0.258819
677 2.25667e-07 -0.896873
678 2.26e-07 0.92388
679 2.26333e-07 -0.321439
680 2.26667e-07 -0.5
681 2.27e-07 0.980785
682 2.27333e-07 -0.793353
683 2.27667e-07 0.0654031
684 2.28e-07 0.707107
685 2.28333e-07 -0.997859
686 2.28667e-07 0.608761
687 2.29e-07 0.19509
688 2.29333e-07 -0.866025
689 2.29667e-07 0.94693
690 2.3e-07 -0.382683
691 2.30333e-07 -0.442289
692 2.30667e-07 0.965926
693 2.31e-07 -0.83147
694 2.31333e-07 0.130526
695 2.31667e-07 0.659346
696 2.32e-07 -1
697 2.32333e-07 0.659346
698 2.32667e-07 0.130526
699 2.33e-07 -0.83147
700 2.33333e-07 0.965926
701 2.33667e-07 -0.442289
702 2.34e-07 -0.382683
703 2.34333e-07 0.94693
704 2.34667e-07 -0.866025
705 2.35e-07 0.19509
706 2.35333e-07 0.608761
707 2.35667e-07 -0.997859
708 2.36e-07 0.707107
709 2.36333e-07 0.0654031
710 2.36667e-07 -0.793353
711 2.37e-07 0.980785
712 2.37333e-07 -0.5
713 2.37667e-07 -0.321439
714 2.38e-07 0.92388
715 2.38333e-07 -0.896873
716 2.38667e-07 0.258819
717 2.39e-07 0.55557
718 2.39333e-07 -0.991445
719 2.39667e-07 0.75184
720 2.4e-07 2.0098e-11
721 2.40333e-07 -0.75184
722 2.40667e-07 0.991445
723 2.41e-07 -0.55557
724 2.41333e-07 -0.258819
725 2.41667e-07 0.896873
726 2.42e-07 -0.92388
727 2.42333e-07 0.321439
728 2.42667e-07 0.5
729 2.43e-07 -0.980785
730 2.43333e-07 0.793353
731 2.43667e-07 -0.0654031
732 2.44e-07 -0.707107
733 2.44333e-07 0.997859
734 2.44667e-07 -0.608761
735 2.45e-07 -0.19509
736 2.45333e-07 0.866025
737 2.45667e-07 -0.94693
738 2.46e-07 0.382683
739 2.46333e-07 0.442289
740 2.46667e-07 -0.965926
741 2.47e-07 0.83147
742 2.47333e-07 -0.130526
743 2.47667e-07 -0.659346
744 2.48e-07 1
745 2.48333e-07 -0.659346
746 2.48667e-07 -0.130526
747 2.49e-07 0.83147
748 2.49333e-07 -0.965926
749 2.49667e-07 0.442289
750 2.5e-07 0.382683
751 2.50333e-07 -0.94693
752 2.50667e-07 0.866025
753 2.51e-07 -0.19509
754 2.51333e-07 -0.608761
755 2.51667e-07 0.997859
756 2.52e-07 -0.707107
757 2.52333e-07 -0.0654031
758 2.52667e-07 0.793353
759 2.53e-07 -0.980785
760 2.53333e-07 0.5
761 2.53667e-07 0.321439
762 2.54e-07 -0.92388
763 2.54333e-07 0.896873
764 2.54667e-07 -0.258819
765 2.55e-07 -0.55557
766 2.55333e-07 0.991445
767 2.55667e-07 -0.75184
768 2.56e-07 -2.35449e-11
769 2.56333e-07 0.75184
770 2.56667e-07 -0.991445
771 2.57e-07 0.55557
772 2.57333e-07 0.258819
773 2.57667e-07 -0.896873
774 2.58e-07 0.92388
775 2.58333e-07 -0.321439
776 2.58667e-07 -0.5
777 2.59e-07 0.980785
778 2.59333e-07 -0.793353
779 2.59667e-07 0.0654031
780 2.6e-07 0.707107
781 2.60333e-07 -0.997859
782 2.60667e-07 0.608761
783 2.61e-07 0.19509
784 2.61333e-07 -0.866025
785 2.61667e-07 0.94693
786 2.62e-07 -0.382683
787 2.62333e-07 -0.442289
788 2.62667e-07 0.965926
789 2.63e-07 -0.83147
790 2.63333e-07 0.130526
791 2.63667e-07 0.659346
792 2.64e-07 -1
793 2.64333e-07 0.659346
794 2.64667e-07 0.130526
795 2.65e-07 -0.83147
796 2.65333e-07 0.965926
797 2.65667e-07 -0.442289
798 2.66e-07 -0.382683
799 2.66333e-07 0.94693
800 2.66667e-07 -0.866025
801 2.67e-07 0.19509
802 2.67333e-07 0.608761
803 2.67667e-07 -0.997859
804 2.68e-07 0.707107
805 2.68333e-07 0.0654031
806 2.68667e-07 -0.793353
807 2.69e-07 0.980785
808 2.69333e-07 -0.5
809 2.69667e-07 -0.321439
810 2.7e-07 0.92388
811 2.70333e-07 -0.896873
812 2.70667e-07 0.258819
813 2.71e-07 0.55557
814 2.71333e-07 -0.991445
815 2.71667e-07 0.75184
816 2.72e-07 2.69918e-11
817 2.72333e-07 -0.75184
818 2.72667e-07 0.991445
819 2.73e-07 -0.55557
820 2.73333e-07 -0.258819
821 2.73667e-07 0.896873
822 2.74e-07 -0.92388
823 2.74333e-07 0.321439
824 2.74667e-07 0.5
825 2.75e-07 -0.980785
826 2.75333e-07 0.793353
827 2.75667e-07 -0.0654031
828 2.76e-07 -0.707107
829 2.76333e-07 0.997859
830 2.76667e-07 -0.608761
831 2.77e-07 -0.19509
832 2.77333e-07 0.866025
833 2.77667e-07 -0.94693
834 2.78e-07 0.382683
835 2.78333e-07 0.442289
836 2.78667e-07 -0.965926
837 2.79e-07 0.83147
838 2.79333e-07 -0.130526
839 2.79667e-07 -0.659346
840 2.8e-07 1
841 2.80333e-07 -0.659346
842 2.80667e-07 -0.130526
843 2.81e-07 0.83147
844 2.81333e-07 -0.965926
845 2.81667e-07 0.442289
846 2.82e-07 0.382683
847 2.82333e-07 -0.94693
848 2.82667e-07 0.866025
849 2.83e-07 -0.19509
850 2.83333e-07 -0.608761
851 2.83667e-07 0.997859
852 2.84e-07 -0.707107
853 2.84333e-07 -0.0654031
854 2.84667e-07 0.793353
855 2.85e-07 -0.980785
856 2.85333e-07 0.5
857 2.85667e-07 0.321439
858 2.86e-07 -0.92388
859 2.86333e-07 0.896873
860 2.86667e-07 -0.258819
861 2.87e-07 -0.55557
862 2.87333e-07 0.991445
863 2.87667e-07 -0.75184
864 2.88e-07 -3.04386e-11
865 2.88333e-07 0.75184
866 2.88667e-07 -0.991445
867 2.89e-07 0.55557
868 2.89333e-07 0.258819
869 2.89667e-07 -0.896873
870 2.9e-07 0.92388
871 2.90333e-07 -0.321439
872 2.90667e-07 -0.5
873 2.91e-07 0.980785
874 2.91333e-07 -0.793353
875 2.91667e-07 0.0654031
876 2.92e-07 0.707107
877 2.92333e-07 -0.997859
878 2.92667e-07 0.608761
879 2.93e-07 0.19509
880 2.93333e-07 -0.866025
881 2.93667e-07 0.94693
882 2.94e-07 -0.382683
883 2.94333e-07 -0.442289
884 2.94667e-07 0.965926
885 2.95e-07 -0.83147
886 2.95333e-07 0.130526
887 2.95667e-07 0.659346
888 2.96e-07 -1
889 2.96333e-07 0.659346
890 2.96667e-07 0.130526
891 2.97e-07 -0.83147
892 2.97333e-07 0.965926
893 2.97667e-07 -0.442289
894 2.98e-07 -0.382683
895 2.98333e-07 0.94693
896 2.98667e-07 -0.866025
897 2.99e-07 0.19509
898 2.99333e-07 0.608761
899 2.99667e-07 -0.997859
900 3e-07 0.707107
901 3.00333e-07 0.0654031
902 3.00667e-07 -0.793353
903 3.01e-07 0.980785
904 3.01333e-07 -0.5
905 3.01667e-07 -0.321439
906 3.02e-07 0.92388
907 3.02333e-07 -0.896873
908 3.02667e-07 0.258819
909 3.03e-07 0.55557
910 3.03333e-07 -0.991445
911 3.03667e-07 0.75184
912 3.04e-07 3.36581e-11
913 3.04333e-07 -0.75184
914 3.04667e-07 0.991445
915 3.05e-07 -0.55557
916 3.05333e-07 -0.258819
917 3.05667e-07 0.896873
918 3.06e-07 -0.92388
919 3.06333e-07 0.321439
920 3.06667e-07 0.5
921 3.07e-07 -0.980785
922 3.07333e-07 0.793353
923 3.07667e-07 -0.0654031
924 3.08e-07 -0.707107
925 3.08333e-07 0.997859
926 3.08667e-07 -0.608761
927 3.09e-07 -0.19509
928 3.09333e-07 0.866025
929 3.09667e-07 -0.94693
930 3.1e-07 0.382683
931 3.10333e-07 0.442289
932 3.10667e-07 -0.965926
933 3.11e-07 0.83147
934 3.11333e-07 -0.130526
935 3.11667e-07 -0.659346
936 3.12e-07 1
937 3.12333e-07 -0.659346
938 3.12667e-07 -0.130526
939 3.13e-07 0.83147
940 3.13333e-07 -0.965926
941 3.13667e-07 0.442289
942 3.14e-07 0.382683
943 3.14333e-07 -0.94693
944 3.14667e-07 0.866025
945 3.15e-07 -0.19509
946 3.15333e-07 -0.608761
947 3.15667e-07 0.997859
948 3.16e-07 -0.707107
949 3.16333e-07 -0.0654031
950 3.16667e-07 0.793353
951 3.17e-07 -0.980785
952 3.17333e-07 0.5
953 3.17667e-07 0.321439
954 3.18e-07 -0.92388
955 3.18333e-07 0.896873
956 3.18667e-07 -0.258819
957 3.19e-07 -0.55557
958 3.19333e-07 0.991445
959 3.19667e-07 -0.75184
960 3.2e-07 -3.7105e-11
961 3.20333e-07 0.75184
962 3.20667e-07 -0.991445
963 3.21e-07 0.55557
964 3.21333e-07 0.258819
965 3.21667e-07 -0.896873
966 3.22e-07 0.92388
967 3.22333e-07 -0.321439
968 3.22667e-07 -0.5
969 3.23e-07 0.980785
970 3.23333e-07 -0.793353
971 3.23667e-07 0.0654031
972 3.24e-07 0.707107
973 3.24333e-07 -0.997859
974 3.24667e-07 0.608761
975 3.25e-07 0.19509
976 3.25333e-07 -0.866025
977 3.25667e-07 0.94693
978 3.26e-07 -0.382683
979 3.26333e-07 -0.442289
980 3.26667e-07 0.965926
981 3.27e-07 -0.83147
982 3.27333e-07 0.130526
983 3.27667e-07 0.659346
984 3.28e-07 -1
985 3.28333e-07 0.659346
986 3.28667e-07 0.130526
987 3.29e-07 -0.83147
988 3.29333e-07 0.965926
989 3.29667e-07 -0.442289
990 3.3e-07 -0.382683
991 3.30333e-07 0.94693
992 3.30667e-07 -0.866025
993 3.31e-07 0.19509
994 3.31333e-07 0.608761
995 3.31667e-07 -0.997859
996 3.32e-07 0.707107
997 3.32333e-07 0.0654031
998 3.32667e-07 -0.793353
999 3.33e-07 0.980785
1000 3.33333e-07 -0.5
1001 3.33667e-07 -0.321439
1002 3.34e-07 0.92388
1003 3.34333e-07 -0.896873
1004 3.34667e-07 0.258819
1005 3.35e-07 0.55557
1006 3.35333e-07 -0.991445
1007 3.35667e-07 0.75184
1008 3.36e-07 4.05519e-11
1009 3.36333e-07 -0.75184
1010 3.36667e-07 0.991445
1011 3.37e-07 -0.55557
1012 3.37333e-07 -0.258819
1013 3.37667e-07 0.896873
1014 3.38e-07 -0.92388
1015 3.38333e-07 0.321439
1016 3.38667e-07 0.5
1017 3.39e-07 -0.980785
1018 3.39333e-07 0.793353
1019 3.39667e-07 -0.0654031
1020 3.4e-07 -0.707107
1021 3.40333e-07 0.997859
1022 3.40667e-07 -0.608761
1023 3.41e-07 -0.19509
1024 3.41333e-07 0.866025
1025 3.41667e-07 -0.94693
1026 3.42e-07 0.382683
1027 3.42333e-07 0.442289
1028 3.42667e-07 -0.965926
1029 3.43e-07 0.83147
1030 3.43333e-07 -0.130526
1031 3.43667e-07 -0.659346
1032 3.44e-07 1
1033 3.44333e-07 -0.659346
1034 3.44667e-07 -0.130526
1035 3.45e-07 0.83147
1036 3.45333e-07 -0.965926
1037 3.45667e-07 0.442289
1038 3.46e-07 0.382683
1039 3.46333e-07 -0.94693
1040 3.46667e-07 0.866025
1041 3.47e-07 -0.19509
1042 3.47333e-07 -0.608761
1043 3.47667e-07 0.997859
1044 3.48e-07 -0.707107
1045 3.48333e-07 -0.0654031
1046 3.48667e-07 0.793353
1047 3.49e-07 -0.980785
1048 3.49333e-07 0.5
1049 3.49667e-07 0.321439
1050 3.5e-07 -0.92388
1051 3.50333e-07 0.896873
1052 3.50667e-07 -0.258819
1053 3.51e-07 -0.55557
1054 3.51333e-07 0.991445
1055 3.51667e-07 -0.75184
1056 3.52e-07 -4.39987e-11
1057 3.52333e-07 0.75184
1058 3.52667e-07 -0.991445
1059 3.53e-07 0.55557
1060 3.53333e-07 0.258819
1061 3.53667e-07 -0.896873
1062 3.54e-07 0.92388
1063 3.54333e-07 -0.321439
1064 3.54667e-07 -0.5
1065 3.55e-07 0.980785
1066 3.55333e-07 -0.793353
1067 3.55667e-07 0.0654031
1068 3.56e-07 0.707107
1069 3.56333e-07 -0.997859
1070 3.56667e-07 0.608761
1071 3.57e-07 0.19509
1072 3.57333e-07 -0.866025
1073 3.57667e-07 0.94693
1074 3.58e-07 -0.382683
1075 3.58333e-07 -0.442289
1076 3.58667e-07 0.965926
1077 3.59e-07 -0.83147
1078 3.59333e-07 0.130526
1079 3.59667e-07 0.659346
1080 3.6e-07 -1
1081 3.60333e-07 0.659346
1082 3.60667e-07 0.130526
1083 3.61e-07 -0.83147
1084 3.61333e-07 0.965926
1085 3.61667e-07 -0.442289
1086 3.62e-07 -0.382683
1087 3.62333e-07 0.94693
1088 3.62667e-07 -0.866025
1089 3.63e-07 0.19509
1090 3.63333e-07 0.608761
1091 3.63667e-07 -0.997859
1092 3.64e-07 0.707107
1093 3.64333e-07 0.0654031
1094 3.64667e-07 -0.793353
1095 3.65e-07 0.980785
1096 3.65333e-07 -0.5
1097 3.65667e-07 -0.321439
1098 3.66e-07 0.92388
1099 3.66333e-07 -0.896873
1100 3.66667e-07 0.258819
1101 3.67e-07 0.55557
1102 3.67333e-07 -0.991445
1103 3.67667e-07 0.75184
1104 3.68e-07 4.74456e-11
1105 3.68333e-07 -0.75184
1106 3.68667e-07 0.991445
1107 3.69e-07 -0.55557
1108 3.69333e-07 -0.258819
1109 3.69667e-07 0.896873
1110 3.7e-07 -0.92388
1111 3.70333e-07 0.321439
1112 3.70667e-07 0.5
1113 3.71e-07 -0.980785
1114 3.71333e-07 0.793353
1115 3.71667e-07 -0.0654031
1116 3.72e-07 -0.707107
1117 3.72333e-07 0.997859
1118 3.72667e-07 -0.608761
1119 3.73e-07 -0.19509
1120 3.73333e-07 0.866025
1121 3.73667e-07 -0.94693
1122 3.74e-07 0.382683
1123 3.74333e-07 0.442289
1124 3.74667e-07 -0.965926
1125 3.75e-07 0.83147
1126 3.75333e-07 -0.130526
1127 3.75667e-07 -0.659346
1128 3.76e-07 1
1129 3.76333e-07 -0.659346
1130 3.76667e-07 -0.130526
1131 3.77e-07 0.83147
1132 3.77333e-07 -0.965926
1133 3.77667e-07 0.442289
1134 3.78e-07 0.382683
1135 3.78333e-07 -0.94693
1136 3.78667e-07 0.866025
1137 3.79e-07 -0.19509
1138 3.79333e-07 -0.608761
1139 3.79667e-07 0.997859
1140 3.8e-07 -0.707107
1141 3.80333e-07 -0.0654031
1142 3.80667e-07 0.793353
1143 3.81e-07 -0.980785
1144 3.81333e-07 0.5
1145 3.81667e-07 0.321439
1146 3.82e-07 -0.92388
1147 3.82333e-07 0.896873
1148 3.82667e-07 -0.258819
1149 3.83e-07 -0.55557
1150 3.83333e-07 0.991445
1151 3.83667e-07 -0.75184
1152 3.84e-07 -5.04377e-11
1153 3.84333e-07 0.75184
1154 3.84667e-07 -0.991445
1155 3.85e-07 0.55557
1156 3.85333e-07 0.258819
1157 3.85667e-07 -0.896873
1158 3.86e-07 0.92388
1159 3.86333e-07 -0.321439
1160 3.86667e-07 -0.5
1161 3.87e-07 0.980785
1162 3.87333e-07 -0.793353
1163 3.87667e-07 0.0654031
1164 3.88e-07 0.707107
1165 3.88333e-07 -0.997859
1166 3.88667e-07 0.608761
1167 3.89e-07 0.19509
1168 3.89333e-07 -0.866025
1169 3.89667e-07 0.94693
1170 3.9e-07 -0.382683
1171 3.90333e-07 -0.442289
1172 3.90667e-07 0.965926
1173 3.91e-07 -0.83147
1174 3.91333e-07 0.130526
1175 3.91667e-07 0.659346
1176 3.92e-07 -1
1177 3.92333e-07 0.659346
1178 3.92667e-07 0.130526
1179 3.93e-07 -0.83147
1180 3.93333e-07 0.965926
1181 3.93667e-07 -0.442289
1182 3.94e-07 -0.382683
1183 3.94333e-07 0.94693
1184 3.94667e-07 -0.866025
1185 3.95e-07 0.19509
1186 3.95333e-07 0.608761
1187 3.95667e-07 -0.997859
1188 3.96e-07 0.707107
1189 3.96333e-07 0.0654031
1190 3.96667e-07 -0.793353
1191 3.97e-07 0.980785
1192 3.97333e-07 -0.5
1193 3.97667e-07 -0.321439
1194 3.98e-07 0.92388
1195 3.98333e-07 -0.896873
1196 3.98667e-07 0.258819
1197 3.99e-07 0.55557
1198 3.99333e-07 -0.991445
1199 3.99667e-07 0.75184
1200 4e-07 5.38846e-11
1201 4.00333e-07 -0.75184
1202 4.00667e-07 0.991445
1203 4.01e-07 -0.55557
1204 4.01333e-07 -0.258819
1205 4.01667e-07 0.896873
1206 4.02e-07 -0.92388
1207 4.02333e-07 0.321439
1208 4.02667e-07 0.5
1209 4.03e-07 -0.980785
1210 4.03333e-07 0.793353
1211 4.03667e-07 -0.0654031
1212 4.04e-07 -0.707107
1213 4.04333e-07 0.997859
1214 4.04667e-07 -0.608761
1215 4.05e-07 -0.19509
1216 4.05333e-07 0.866025
1217 4.05667e-07 -0.94693
1218 4.06e-07 0.382683
1219 4.06333e-07 0.442289
1220 4.06667e-07 -0.965926
1221 4.07e-07 0.83147
1222 4.07333e-07 -0.130526
1223 4.07667e-07 -0.659346
1224 4.08e-07 1
1225 4.08333e-07 -0.659346
1226 4.08667e-07 -0.130526
1227 4.09e-07 0.83147
1228 4.09333e-07 -0.965926
1229 4.09667e-07 0.442289
1230 4.1e-07 0.382683
1231 4.10333e-07 -0.94693
1232 4.10667e-07 0.866025
1233 4.11e-07 -0.19509
1234 4.11333e-07 -0.608761
1235 4.11667e-07 0.997859
1236 4.12e-07 -0.707107
1237 4.12333e-07 -0.0654031
1238 4.12667e-07 0.793353
1239 4.13e-07 -0.980785
1240 4.13333e-07 0.5
1241 4.13667e-07 0.321439
1242 4.14e-07 -0.92388
1243 4.14333e-07 0.896873
1244 4.14667e-07 -0.258819
1245 4.15e-07 -0.55557
1246 4.15333e-07 0.991445
1247 4.15667e-07 -0.75184
1248 4.16e-07 -5.73314e-11
1249 4.16333e-07 0.75184
1250 4.16667e-07 -0.991445
1251 4.17e-07 0.55557
1252 4.17333e-07 0.258819
1253 4.17667e-07 -0.896873
1254 4.18e-07 0.92388
1255 4.18333e-07 -0.321439
1256 4.18667e-07 -0.5
1257 4.19e-07 0.980785
1258 4.19333e-07 -0.793353
1259 4.19667e-07 0.0654031
1260 4.2e-07 0.707107
1261 4.20333e-07 -0.997859
1262 4.20667e-07 0.608761
1263 4.21e-07 0.19509
1264 4.21333e-07 -0.866025
1265 4.21667e-07 0.94693
1266 4.22e-07 -0.382683
1267 4.22333e-07 -0.442289
1268 4.22667e-07 0.965926
1269 4.23e-07 -0.83147
1270 4.23333e-07 0.130526
1271 4.23667e-07 0.659346
1272 4.24e-07 -1
1273 4.24333e-07 0.659346
1274 4.24667e-07 0.130526
1275 4.25e-07 -0.83147
1276 4.25333e-07 0.965926
1277 4.25667e-07 -0.442289
1278 4.26e-07 -0.382683
1279 4.26333e-07 0.94693
1280 4.26667e-07 -0.866025
1281 4.27e-07 0.19509
1282 4.27333e-07 0.608761
1283 4.27667e-07 -0.997859
1284 4.28e-07 0.707107
1285 4.28333e-07 0.0654031
1286 4.28667e-07 -0.793353
1287 4.29e-07 0.980785
1288 4.29333e-07 -0.5
1289 4.29667e-07 -0.321439
1290 4.3e-07 0.92388
1291 4.30333e-07 -0.896873
1292 4.30667e-07 0.258819
1293 4.31e-07 0.55557
1294 4.31333e-07 -0.991445
1295 4.31667e-07 0.75184
1296 4.32e-07 6.07783e-11
1297 4.32333e-07 -0.75184
1298 4.32667e-07 0.991445
1299 4.33e-07 -0.55557
1300 4.33333e-07 -0.258819
1301 4.33667e-07 0.896873
1302 4.34e-07 -0.92388
1303 4.34333e-07 0.321439
1304 4.34667e-07 0.5
1305 4.35e-07 -0.980785
1306 4.35333e-07 0.793353
1307 4.35667e-07 -0.0654031
1308 4.36e-07 -0.707107
1309 4.36333e-07 0.997859
1310 4.36667e-07 -0.608761
1311 4.37e-07 -0.19509
1312 4.37333e-07 0.866025
1313 4.37667e-07 -0.94693
1314 4.38e-07 0.382683
1315 4.38333e-07 0.442289
1316 4.38667e-07 -0.965926
1317 4.39e-07 0.83147
1318 4.39333e-07 -0.130526
1319 4.39667e-07 -0.659346
1320 4.4e-07 1
1321 4.40333e-07 -0.659346
1322 4.40667e-07 -0.130526
1323 4.41e-07 0.83147
1324 4.41333e-07 -0.965926
1325 4.41667e-07 0.442289
1326 4.42e-07 0.382683
1327 4.42333e-07 -0.94693
1328 4.42667e-07 0.866025
1329 4.43e-07 -0.19509
1330 4.43333e-07 -0.608761
1331 4.43667e-07 0.997859
1332 4.44e-07 -0.707107
1333 4.44333e-07 -0.0654031
1334 4.44667e-07 0.793353
1335 4.45e-07 -0.980785
1336 4.45333e-07 0.5
1337 4.45667e-07 0.321439
1338 4.46e-07 -0.92388
1339 4.46333e-07 0.896873
1340 4.46667e-07 -0.258819
1341 4.47e-07 -0.55557
1342 4.47333e-07 0.991445
1343 4.47667e-07 -0.75184
1344 4.48e-07 -6.42252e-11
1345 4.48333e-07 0.75184
1346 4.48667e-07 -0.991445
1347 4.49e-07 0.55557
1348 4.49333e-07 0.258819
1349 4.49667e-07 -0.896873
1350 4.5e-07 0.92388
1351 4.50333e-07 -0.321439
1352 4.50667e-07 -0.5
1353 4.51e-07 0.980785
1354 4.51333e-07 -0.793353
1355 4.51667e-07 0.0654031
1356 4.52e-07 0.707107
1357 4.52333e-07 -0.997859
1358 4.52667e-07 0.608761
1359 4.53e-07 0.19509
1360 4.53333e-07 -0.866025
1361 4.53667e-07 0.94693
1362 4.54e-07 -0.382683
1363 4.54333e-07 -0.442289
1364 4.54667e-07 0.965926
1365 4.55e-07 -0.83147
1366 4.55333e-07 0.130526
1367 4.55667e-07 0.659346
1368 4.56e-07 -1
1369 4.56333e-07 0.659346
1370 4.56667e-07 0.130526
1371 4.57e-07 -0.83147
1372 4.57333e-07 0.965926
1373 4.57667e-07 -0.442289
1374 4.58e-07 -0.382683
1375 4.58333e-07 0.94693
1376 4.58667e-07 -0.866025
1377 4.59e-07 0.19509
1378 4.59333e-07 0.608761
1379 4.59667e-07 -0.997859
1380 4.6e-07 0.707107
1381 4.60333e-07 0.0654031
1382 4.60667e-07 -0.793353
1383 4.61e-07 0.980785
1384 4.61333e-07 -0.5
1385 4.61667e-07 -0.321439
1386 4.62e-07 0.92388
1387 4.62333e-07 -0.896873
1388 4.62667e-07 0.258819
1389 4.63e-07 0.55557
1390 4.63333e-07 -0.991445
1391 4.63667e-07 0.75184
1392 4.64e-07 6.7672e-11
1393 4.64333e-07 -0.75184
1394 4.64667e-07 0.991445
1395 4.65e-07 -0.55557
1396 4.65333e-07 -0.258819
1397 4.65667e-07 0.896873
1398 4.66e-07 -0.92388
1399 4.66333e-07 0.321439
1400 4.66667e-07 0.5
1401 4.67e-07 -0.980785
1402 4.67333e-07 0.793353
1403 4.67667e-07 -0.0654031
1404 4.68e-07 -0.707107
1405 4.68333e-07 0.997859
1406 4.68667e-07 -0.608761
1407 4.69e-07 -0.19509
1408 4.69333e-07 0.866025
1409 4.69667e-07 -0.94693
1410 4.7e-07 0.382683
1411 4.70333e-07 0.442289
1412 4.70667e-07 -0.965926
1413 4.71e-07 0.83147
1414 4.71333e-07 -0.130526
1415 4.71667e-07 -0.659346
1416 4.72e-07 1
1417 4.72333e-07 -0.659346
1418 4.72667e-07 -0.130526
1419 4.73e-07 0.83147
1420 4.73333e-07 -0.965926
1421 4.73667e-07 0.442289
1422 4.74e-07 0.382683
1423 4.74333e-07 -0.94693
1424 4.74667e-07 0.866025
1425 4.75e-07 -0.19509
1426 4.75333e-07 -0.608761
1427 4.75667e-07 0.997859
1428 4.76e-07 -0.707107
1429 4.76333e-07 -0.0654031
1430 4.76667e-07 0.793353
1431 4.77e-07 -0.980785
1432 4.77333e-07 0.5
1433 4.77667e-07 0.321439
1434 4.78e-07 -0.92388
1435 4.78333e-07 0.896873
1436 4.78667e-07 -0.258819
1437 4.79e-07 -0.55557
1438 4.79333e-07 0.991445
1439 4.79667e-07 -0.75184
1440 4.8e-07 -7.11189e-11
1441 4.80333e-07 0.75184
1442 4.80667e-07 -0.991445
1443 4.81e-07 0.55557
1444 4.81333e-07 0.258819
1445 4.81667e-07 -0.896873
1446 4.82e-07 0.92388
1447 4.82333e-07 -0.321439
1448 4.82667e-07 -0.5
1449 4.83e-07 0.980785
1450 4.83333e-07 -0.793353
1451 4.83667e-07 0.0654031
1452 4.84e-07 0.707107
1453 4.84333e-07 -0.997859
1454 4.84667e-07 0.608761
1455 4.85e-07 0.19509
1456 4.85333e-07 -0.866025
1457 4.85667e-07 0.94693
1458 4.86e-07 -0.382683
1459 4.86333e-07 -0.442289
1460 4.86667e-07 0.965926
1461 4.87e-07 -0.83147
1462 4.87333e-07 0.130526
1463 4.87667e-07 0.659346
1464 4.88e-07 -1
1465 4.88333e-07 0.659346
1466 4.88667e-07 0.130526
1467 4.89e-07 -0.83147
1468 4.89333e-07 0.965926
1469 4.89667e-07 -0.442289
1470 4.9e-07 -0.382683
1471 4.90333e-07 0.94693
1472 4.90667e-07 -0.866025
1473 4.91e-07 0.19509
1474 4.91333e-07 0.608761
1475 4.91667e-07 -0.997859
1476 4.92e-07 0.707107
1477 4.92333e-07 0.0654031
1478 4.92667e-07 -0.793353
1479 4.93e-07 0.980785
1480 4.93333e-07 -0.5
1481 4.93667e-07 -0.321439
1482 4.94e-07 0.92388
1483 4.94333e-07 -0.896873
1484 4.94667e-07 0.258819
1485 4.95e-07 0.55557
1486 4.95333e-07 -0.991445
1487 4.95667e-07 0.75184
1488 4.96e-07 7.4111e-11
1489 4.96333e-07 -0.75184
1490 4.96667e-07 0.991445
1491 4.97e-07 -0.55557
1492 4.97333e-07 -0.258819
1493 4.97667e-07 0.896873
1494 4.98e-07 -0.92388
1495 4.98333e-07 0.321439
1496 4.98667e-07 0.5
1497 4.99e-07 -0.980785
1498 4.99333e-07 0.793353
1499 4.99667e-07 -0.0654031
1500 5e-07 -0.707107
1501 5.00333e-07 0.997859
1502 5.00667e-07 -0.608761
1503 5.01e-07 -0.19509
1504 5.01333e-07 0.866025
1505 5.01667e-07 -0.94693
1506 5.02e-07 0.382683
1507 5.02333e-07 0.442289
1508 5.02667e-07 -0.965926
1509 5.03e-07 0.83147
1510 5.03333e-07 -0.130526
1511 5.03667e-07 -0.659346
1512 5.04e-07 1
1513 5.04333e-07 -0.659346
1514 5.04667e-07 -0.130526
1515 5.05e-07 0.83147
1516 5.05333e-07 -0.965926
1517 5.05667e-07 0.442289
1518 5.06e-07 0.382683
1519 5.06333e-07 -0.94693
1520 5.06667e-07 0.866025
1521 5.07e-07 -0.19509
1522 5.07333e-07 -0.608761
1523 5.07667e-07 0.997859
1524 5.08e-07 -0.707107
1525 5.08333e-07 -0.0654031
1526 5.08667e-07 0.793353
1527 5.09e-07 -0.980785
1528 5.09333e-07 0.5
1529 5.09667e-07 0.321439
1530 5.1e-07 -0.92388
1531 5.10333e-07 0.896873
1532 5.10667e-07 -0.258819
1533 5.11e-07 -0.55557
1534 5.11333e-07 0.991445
1535 5.11667e-07 -0.75184
1536 5.12e-07 -7.75579e-11
1537 5.12333e-07 0.75184
1538 5.12667e-07 -0.991445
1539 5.13e-07 0.55557
1540 5.13333e-07 0.258819
1541 5.13667e-07 -0.896873
1542 5.14e-07 0.92388
1543 5.14333e-07 -0.321439
1544 5.14667e-07 -0.5
1545 5.15e-07 0.980785
1546 5.15333e-07 -0.793353
1547 5.15667e-07 0.0654031
1548 5.16e-07 0.707107
1549 5.16333e-07 -0.997859
1550 5.16667e-07 0.608761
1551 5.17e-07 0.19509
1552 5.17333e-07 -0.866025
1553 5.17667e-07 0.94693
1554 5.18e-07 -0.382683
1555 5.18333e-07 -0.442289
1556 5.18667e-07 0.965926
1557 5.19e-07 -0.83147
1558 5.19333e-07 0.130526
1559 5.19667e-07 0.659346
1560 5.2e-07 -1
1561 5.20333e-07 0.659346
1562 5.20667e-07 0.130526
1563 5.21e-07 -0.83147
1564 5.21333e-07 0.965926
1565 5.21667e-07 -0.442289
1566 5.22e-07 -0.382683
1567 5.22333e-07 0.94693
1568 5.22667e-07 -0.866025
1569 5.23e-07 0.19509
1570 5.23333e-07 0.608761
1571 5.23667e-07 -0.997859
1572 5.24e-07 0.707107
1573 5.24333e-07 0.0654031
1574 5.24667e-07 -0.793353
1575 5.25e-07 0.980785
1576 5.25333e-07 -0.5
1577 5.25667e-07 -0.321439
1578 5.26e-07 0.92388
1579 5.26333e-07 -0.896873
1580 5.26667e-07 0.258819
1581 5.27e-07 0.55557
1582 5.27333e-07 -0.991445
1583 5.27667e-07 0.75184
1584 5.28e-07 8.10048e-11
1585 5.28333e-07 -0.75184
1586 5.28667e-07 0.991445
1587 5.29e-07 -0.55557
1588 5.29333e-07 -0.258819
1589 5.29667e-07 0.896873
1590 5.3e-07 -0.92388
1591 5.30333e-07 0.321439
1592 5.30667e-07 0.5
1593 5.31e-07 -0.980785
1594 5.31333e-07 0.793353
1595 5.31667e-07 -0.0654031
1596 5.32e-07 -0.707107
1597 5.32333e-07 0.997859
1598 5.32667e-07 -0.608761
1599 5.33e-07 -0.19509
1600 5.33333e-07 0.866025
1601 5.33667e-07 -0.94693
1602 5.34e-07 0.382683
1603 5.34333e-07 0.442289
1604 5.34667e-07 -0.965926
1605 5.35e-07 0.83147
1606 5.35333e-07 -0.130526
1607 5.35667e-07 -0.659346
1608 5.36e-07 1
1609 5.36333e-07 -0.659346
1610 5.36667e-07 -0.130526
1611 5.37e-07 0.83147
1612 5.37333e-07 -0.965926
1613 5.37667e-07 0.442289
1614 5.38e-07 0.382683
1615 5.38333e-07 -0.94693
1616 5.38667e-07 0.866025
1617 5.39e-07 -0.19509
1618 5.39333e-07 -0.608761
1619 5.39667e-07 0.997859
1620 5.4e-07 -0.707107
1621 5.40333e-07 -0.0654031
1622 5.40667e-07 0.793353
1623 5.41e-07 -0.980785
1624 5.41333e-07 0.5
1625 5.41667e-07 0.321439
1626 5.42e-07 -0.92388
1627 5.42333e-07 0.896873
1628 5.42667e-07 -0.258819
1629 5.43e-07 -0.55557
1630 5.43333e-07 0.991445
1631 5.43667e-07 -0.75184
1632 5.44e-07 -8.44516e-11
1633 5.44333e-07 0.75184
1634 5.44667e-07 -0.991445
1635 5.45e-07 0.55557
1636 5.45333e-07 0.258819
1637 5.45667e-07 -0.896873
1638 5.46e-07 0.92388
1639 5.46333e-07 -0.321439
1640 5.46667e-07 -0.5
1641 5.47e-07 0.980785
1642 5.47333e-07 -0.793353
1643 5.47667e-07 0.0654031
1644 5.48e-07 0.707107
1645 5.48333e-07 -0.997859
1646 5.48667e-07 0.608761
1647 5.49e-07 0.19509
1648 5.49333e-07 -0.866025
1649 5.49667e-07 0.94693
1650 5.5e-07 -0.382683
1651 5.50333e-07 -0.442289
1652 5.50667e-07 0.965926
1653 5.51e-07 -0.83147
1654 5.51333e-07 0.130526
1655 5.51667e-07 0.659346
1656 5.52e-07 -1
1657 5.52333e-07 0.659346
1658 5.52667e-07 0.130526
1659 5.53e-07 -0.83147
1660 5.53333e-07 0.965926
1661 5.53667e-07 -0.442289
1662 5.54e-07 -0.382683
1663 5.54333e-07 0.94693
1664 5.54667e-07 -0.866025
1665 5.55e-07 0.19509
1666 5.55333e-07 0.608761
1667 5.55667e-07 -0.997859
1668 5.56e-07 0.707107
1669 5.56333e-07 0.0654031
1670 5.56667e-07 -0.793353
1671 5.57e-07 0.980785
1672 5.57333e-07 -0.5
1673 5.57667e-07 -0.321439
1674 5.58e-07 0.92388
1675 5.58333e-07 -0.896873
1676 5.58667e-07 0.258819
1677 5.59e-07 0.55557
1678 5.59333e-07 -0.991445
1679 5.59667e-07 0.75184
1680 5.6e-07 8.78985e-11
1681 5.60333e-07 -0.75184
1682 5.60667e-07 0.991445
1683 5.61e-07 -0.55557
1684 5.61333e-07 -0.258819
1685 5.61667e-07 0.896873
1686 5.62e-07 -0.92388
1687 5.62333e-07 0.321439
1688 5.62667e-07 0.5
1689 5.63e-07 -0.980785
1690 5.63333e-07 0.793353
1691 5.63667e-07 -0.0654031
1692 5.64e-07 -0.707107
1693 5.64333e-07 0.997859
1694 5.64667e-07 -0.608761
1695 5.65e-07 -0.19509
1696 5.65333e-07 0.866025
1697 5.65667e-07 -0.94693
1698 5.66e-07 0.382683
1699 5.66333e-07 0.442289
1700 5.66667e-07 -0.965926
1701 5.67e-07 0.83147
1702 5.67333e-07 -0.130526
1703 5.67667e-07 -0.659346
1704 5.68e-07 1
1705 5.68333e-07 -0.659346
1706 5.68667e-07 -0.130526
1707 5.69e-07 0.83147
1708 5.69333e-07 -0.965926
1709 5.69667e-07 0.442289
1710 5.7e-07 0.382683
1711 5.70333e-07 -0.94693
1712 5.70667e-07 0.866025
1713 5.71e-07 -0.19509
1714 5.71333e-07 -0.608761
1715 5.71667e-07 0.997859
1716 5.72e-07 -0.707107
1717 5.72333e-07 -0.0654031
1718 5.72667e-07 0.793353
1719 5.73e-07 -0.980785
1720 5.73333e-07 0.5
1721 5.73667e-07 0.321439
1722 5.74e-07 -0.92388
1723 5.74333e-07 0.896873
1724 5.74667e-07 -0.258819
1725 5.75e-07 -0.55557
1726 5.75333e-07 0.991445
1727 5.75667e-07 -0.75184
1728 5.76e-07 -9.13454e-11
1729 5.76333e-07 0.75184
1730 5.76667e-07 -0.991445
1731 5.77e-07 0.55557
1732 5.77333e-07 0.258819
1733 5.77667e-07 -0.896873
1734 5.78e-07 0.92388
1735 5.78333e-07 -0.321439
1736 5.78667e-07 -0.5
1737 5.79e-07 0.980785
1738 5.79333e-07 -0.793353
1739 5.79667e-07 0.0654031
1740 5.8e-07 0.707107
1741 5.80333e-07 -0.997859
1742 5.80667e-07 0.608761
1743 5.81e-07 0.19509
1744 5.81333e-07 -0.866025
1745 5.81667e-07 0.94693
1746 5.82e-07 -0.382683
1747 5.82333e-07 -0.442289
1748 5.82667e-07 0.965926
1749 5.83e-07 -0.83147
1750 5.83333e-07 0.130526
1751 5.83667e-07 0.659346
1752 5.84e-07 -1
1753 5.84333e-07 0.659346
1754 5.84667e-07 0.130526
1755 5.85e-07 -0.83147
1756 5.85333e-07 0.965926
1757 5.85667e-07 -0.442289
1758 5.86e-07 -0.382683
1759 5.86333e-07 0.94693
1760 5.86667e-07 -0.866025
1761 5.87e-07 0.19509
1762 5.87333e-07 0.608761
1763 5.87667e-07 -0.997859
1764 5.88e-07 0.707107
1765 5.88333e-07 0.0654031
1766 5.88667e-07 -0.793353
1767 5.89e-07 0.980785
1768 5.89333e-07 -0.5
1769 5.89667e-07 -0.321439
1770 5.9e-07 0.92388
1771 5.90333e-07 -0.896873
1772 5.90667e-07 0.258819
1773 5.91e-07 0.55557
1774 5.91333e-07 -0.991445
1775 5.91667e-07 0.75184
1776 5.92e-07 9.47922e-11
1777 5.92333e-07 -0.75184
1778 5.92667e-07 0.991445
1779 5.93e-07 -0.55557
1780 5.93333e-07 -0.258819
1781 5.93667e-07 0.896873
1782 5.94e-07 -0.92388
1783 5.94333e-07 0.321439
1784 5.94667e-07 0.5
1785 5.95e-07 -0.980785
1786 5.95333e-07 0.793353
1787 5.95667e-07 -0.0654031
1788 5.96e-07 -0.707107
1789 5.96333e-07 0.997859
1790 5.96667e-07 -0.608761
1791 5.97e-07 -0.19509
1792 5.97333e-07 0.866025
1793 5.97667e-07 -0.94693
1794 5.98e-07 0.382683
1795 5.98333e-07 0.442289
1796 5.98667e-07 -0.965926
1797 5.99e-07 0.83147
1798 5.99333e-07 -0.130526
1799 5.99667e-07 -0.659346
1800 6e-07 1
1801 6.00333e-07 -0.659346
1802 6.00667e-07 -0.130526
1803 6.01e-07 0.83147
1804 6.01333e-07 -0.965926
1805 6.01667e-07 0.442289
1806 6.02e-07 0.382683
1807 6.02333e-07 -0.94693
1808 6.02667e-07 0.866025
1809 6.03e-07 -0.19509
1810 6.03333e-07 -0.608761
1811 6.03667e-07 0.997859
1812 6.04e-07 -0.707107
1813 6.04333e-07 -0.0654031
1814 6.04667e-07 0.793353
1815 6.05e-07 -0.980785
1816 6.05333e-07 0.5
1817 6.05667e-07 0.321439
1818 6.06e-07 -0.92388
1819 6.06333e-07 0.896873
1820 6.06667e-07 -0.258819
1821 6.07e-07 -0.55557
1822 6.07333e-07 0.991445
1823 6.07667e-07 -0.75184
1824 6.08e-07 -9.82391e-11
1825 6.08333e-07 0.75184
1826 6.08667e-07 -0.991445
1827 6.09e-07 0.55557
1828 6.09333e-07 0.258819
1829 6.09667e-07 -0.896873
1830 6.1e-07 0.92388
1831 6.10333e-07 -0.321439
1832 6.10667e-07 -0.5
1833 6.11e-07 0.980785
1834 6.11333e-07 -0.793353
1835 6.11667e-07 0.0654031
1836 6.12e-07 0.707107
1837 6.12333e-07 -0.997859
1838 6.12667e-07 0.608761
1839 6.13e-07 0.19509
1840 6.13333e-07 -0.866025
1841 6.13667e-07 0.94693
1842 6.14e-07 -0.382683
1843 6.14333e-07 -0.442289
1844 6.14667e-07 0.965926
1845 6.15e-07 -0.83147
1846 6.15333e-07 0.130526
1847 6.15667e-07 0.659346
1848 6.16e-07 -1
1849 6.16333e-07 0.659346
1850 6.16667e-07 0.130526
1851 6.17e-07 -0.83147
1852 6.17333e-07 0.965926
1853 6.17667e-07 -0.442289
1854 6.18e-07 -0.382683
1855 6.18333e-07 0.94693
1856 6.18667e-07 -0.866025
1857 6.19e-07 0.19509
1858 6.19333e-07 0.608761
1859 6.19667e-07 -0.997859
1860 6.2e-07 0.707107
1861 6.20333e-07 0.0654031
1862 6.20667e-07 -0.793353
1863 6.21e-07 0.980785
1864 6.21333e-07 -0.5
1865 6.21667e-07 -0.321439
1866 6.22e-07 0.92388
1867 6.22333e-07 -0.896873
1868 6.22667e-07 0.258819
1869 6.23e-07 0.55557
1870 6.23333e-07 -0.991445
1871 6.23667e-07 0.75184
1872 6.24e-07 1.01231e-10
1873 6.24333e-07 -0.75184
1874 6.24667e-07 0.991445
1875 6.25e-07 -0.55557
1876 6.25333e-07 -0.258819
1877 6.25667e-07 0.896873
1878 6.26e-07 -0.92388
1879 6.26333e-07 0.321439
1880 6.26667e-07 0.5
1881 6.27e-07 -0.980785
1882 6.27333e-07 0.793353
1883 6.27667e-07 -0.0654031
1884 6.28e-07 -0.707107
1885 6.28333e-07 0.997859
1886 6.28667e-07 -0.608761
1887 6.29e-07 -0.19509
1888 6.29333e-07 0.866025
1889 6.29667e-07 -0.94693
1890 6.3e-07 0.382683
1891 6.30333e-07 0.442289
1892 6.30667e-07 -0.965926
1893 6.31e-07 0.83147
1894 6.31333e-07 -0.130526
1895 6.31667e-07 -0.659346
1896 6.32e-07 1
1897 6.32333e-07 -0.659346
1898 6.32667e-07 -0.130526
1899 6.33e-07 0.83147
1900 6.33333e-07 -0.965926
1901 6.33667e-07 0.442289
1902 6.34e-07 0.382683
1903 6.34333e-07 -0.94693
1904 6.34667e-07 0.866025
1905 6.35e-07 -0.19509
1906 6.35333e-07 -0.608761
1907 6.35667e-07 0.997859
1908 6.36e-07 -0.707107
1909 6.36333e-07 -0.0654031
1910 6.36667e-07 0.793353
1911 6.37e-07 -0.980785
1912 6.37333e-07 0.5
1913 6.37667e-07 0.321439
1914 6.38e-07 -0.92388
1915 6.38333e-07 0.896873
1916 6.38667e-07 -0.258819
1917 6.39e-07 -0.55557
1918 6.39333e-07 0.991445
1919 6.39667e-07 -0.75184
1920 6.4e-07 -1.05133e-10
1921 6.40333e-07 0.75184
1922 6.40667e-07 -0.991445
1923 6.41e-07 0.55557
1924 6.41333e-07 0.258819
1925 6.41667e-07 -0.896873
1926 6.42e-07 0.92388
1927 6.42333e-07 -0.321439
1928 6.42667e-07 -0.5
1929 6.43e-07 0.980785
1930 6.43333e-07 -0.793353
1931 6.43667e-07 0.0654031
1932 6.44e-07 0.707107
1933 6.44333e-07 -0.997859
1934 6.44667e-07 0.608761
1935 6.45e-07 0.19509
1936 6.45333e-07 -0.866025
1937 6.45667e-07 0.94693
1938 6.46e-07 -0.382683
1939 6.46333e-07 -0.442289
1940 6.46667e-07 0.965926
1941 6.47e-07 -0.83147
1942 6.47333e-07 0.130526
1943 6.47667e-07 0.659346
1944 6.48e-07 -1
1945 6.48333e-07 0.659346
1946 6.48667e-07 0.130526
1947 6.49e-07 -0.83147
1948 6.49333e-07 0.965926
1949 6.49667e-07 -0.442289
1950 6.5e-07 -0.382683
1951 6.50333e-07 0.94693
1952 6.50667e-07 -0.866025
1953 6.51e-07 0.19509
1954 6.51333e-07 0.608761
1955 6.51667e-07 -0.997859
1956 6.52e-07 0.707107
1957 6.52333e-07 0.0654031
1958 6.52667e-07 -0.793353
1959 6.53e-07 0.980785
1960 6.53333e-07 -0.5
1961 6.53667e-07 -0.321439
1962 6.54e-07 0.92388
1963 6.54333e-07 -0.896873
1964 6.54667e-07 0.258819
1965 6.55e-07 0.55557
1966 6.55333e-07 -0.991445
1967 6.55667e-07 0.75184
1968 6.56e-07 1.08125e-10
1969 6.56333e-07 -0.75184
1970 6.56667e-07 0.991445
1971 6.57e-07 -0.55557
1972 6.57333e-07 -0.258819
1973 6.57667e-07 0.896873
1974 6.58e-07 -0.92388
1975 6.58333e-07 0.321439
1976 6.58667e-07 0.5
1977 6.59e-07 -0.980785
1978 6.59333e-07 0.793353
1979 6.59667e-07 -0.0654031
1980 6.6e-07 -0.707107
1981 6.60333e-07 0.997859
1982 6.60667e-07 -0.608761
1983 6.61e-07 -0.19509
1984 6.61333e-07 0.866025
1985 6.61667e-07 -0.94693
1986 6.62e-07 0.382683
1987 6.62333e-07 0.442289
1988 6.62667e-07 -0.965926
1989 6.63e-07 0.83147
1990 6.63333e-07 -0.130526
1991 6.63667e-07 -0.659346
1992 6.64e-07 1
1993 6.64333e-07 -0.659346
1994 6.64667e-07 -0.130526
1995 6.65e-07 0.83147
1996 6.65333e-07 -0.965926
1997 6.65667e-07 0.442289
1998 6.66e-07 0.382683
1999 6.66333e-07 -0.94693
2000 6.66667e-07 0.866025
2001 6.67e-07 -0.19509
2002 6.67333e-07 -0.608761
2003 6.67667e-07 0.997859
2004 6.68e-07 -0.707107
2005 6.68333e-07 -0.0654031
2006 6.68667e-07 0.793353
2007 6.69e-07 -0.980785
2008 6.69333e-07 0.5
2009 6.69667e-07 0.321439
2010 6.7e-07 -0.92388
2011 6.70333e-07 0.896873
2012 6.70667e-07 -0.258819
2013 6.71e-07 -0.55557
2014 6.71333e-07 0.991445
2015 6.71667e-07 -0.75184
