0 0 0
1 3.33333e-10 0.94693
2 6.66667e-10 0.608761
3 1e-09 -0.55557
4 1.33333e-09 -0.965926
5 1.66667e-09 -0.0654031
6 2e-09 0.92388
7 2.33333e-09 0.659346
8 2.66667e-09 -0.5
9 3e-09 -0.980785
10 3.33333e-09 -0.130526
11 3.66667e-09 0.896873
12 4e-09 0.707107
13 4.33333e-09 -0.442289
14 4.66667e-09 -0.991445
15 5e-09 -0.19509
16 5.33333e-09 0.866025
17 5.66667e-09 0.75184
18 6e-09 -0.382683
19 6.33333e-09 -0.997859
20 6.66667e-09 -0.258819
21 7e-09 0.83147
22 7.33333e-09 0.793353
23 7.66667e-09 -0.321439
24 8e-09 -1
25 8.33333e-09 -0.321439
26 8.66667e-09 0.793353
27 9e-09 0.83147
28 9.33333e-09 -0.258819
29 9.66667e-09 -0.997859
30 1e-08 -0.382683
31 1.03333e-08 0.75184
32 1.06667e-08 0.866025
33 1.1e-08 -0.19509
34 1.13333e-08 -0.991445
35 1.16667e-08 -0.442289
36 1.2e-08 0.707107
37 1.23333e-08 0.896873
38 1.26667e-08 -0.130526
39 1.3e-08 -0.980785
40 1.33333e-08 -0.5
41 1.36667e-08 0.659346
42 1.4e-08 0.92388
43 1.43333e-08 -0.0654031
44 1.46667e-08 -0.965926
45 1.5e-08 -0.55557
46 1.53333e-08 0.608761
47 1.56667e-08 0.94693
48 1.6e-08 3.43012e-14
49 1.63333e-08 -0.94693
50 1.66667e-08 -0.608761
51 1.7e-08 0.55557
52 1.73333e-08 0.965926
53 1.76667e-08 0.0654031
54 1.8e-08 -0.92388
55 1.83333e-08 -0.659346
56 1.86667e-08 0.5
57 1.9e-08 0.980785
58 1.93333e-08 0.130526
59 1.96667e-08 -0.896873
60 2e-08 -0.707107
61 2.03333e-08 0.442289
62 2.06667e-08 0.991445
63 2.1e-08 0.19509
64 2.13333e-08 -0.866025
65 2.16667e-08 -0.75184
66 2.2e-08 0.382683
67 2.23333e-08 0.997859
68 2.26667e-08 0.258819
69 2.3e-08 -0.83147
70 2.33333e-08 -0.793353
71 2.36667e-08 0.321439
72 2.4e-08 1
73 2.43333e-08 0.321439
74 2.46667e-08 -0.793353
75 2.5e-08 -0.83147
76 2.53333e-08 0.258819
77 2.56667e-08 0.997859
78 2.6e-08 0.382683
79 2.63333e-08 -0.75184
80 2.66667e-08 -0.866025
81 2.7e-08 0.19509
82 2.73333e-08 0.991445
83 2.76667e-08 0.442289
84 2.8e-08 -0.707107
85 2.83333e-08 -0.896873
86 2.86667e-08 0.130526
87 2.9e-08 0.980785
88 2.93333e-08 0.5
89 2.96667e-08 -0.659346
90 3e-08 -0.92388
91 3.03333e-08 0.0654031
92 3.06667e-08 0.965926
93 3.1e-08 0.55557
94 3.13333e-08 -0.608761
95 3.16667e-08 -0.94693
96 3.2e-08 -2.59698e-14
97 3.23333e-08 0.94693
98 3.26667e-08 0.608761
99 3.3e-08 -0.55557
100 3.33333e-08 -0.965926
101 3.36667e-08 -0.0654031
102 3.4e-08 0.92388
103 3.43333e-08 0.659346
104 3.46667e-08 -0.5
105 3.5e-08 -0.980785
106 3.53333e-08 -0.130526
107 3.56667e-08 0.896873
108 3.6e-08 0.707107
109 3.63333e-08 -0.442289
110 3.66667e-08 -0.991445
111 3.7e-08 -0.19509
112 3.73333e-08 0.866025
113 3.76667e-08 0.75184
114 3.8e-08 -0.382683
115 3.83333e-08 -0.997859
116 3.86667e-08 -0.258819
117 3.9e-08 0.83147
118 3.93333e-08 0.793353
119 3.96667e-08 -0.321439
120 4e-08 -1
121 4.03333e-08 -0.321439
122 4.06667e-08 0.793353
123 4.1e-08 0.83147
124 4.13333e-08 -0.258819
125 4.16667e-08 -0.997859
126 4.2e-08 -0.382683
127 4.23333e-08 0.75184
128 4.26667e-08 0.866025
129 4.3e-08 -0.19509
130 4.33333e-08 -0.991445
131 4.36667e-08 -0.442289
132 4.4e-08 0.707107
133 4.43333e-08 0.896873
134 4.46667e-08 -0.130526
135 4.5e-08 -0.980785
136 4.53333e-08 -0.5
137 4.56667e-08 0.659346
138 4.6e-08 0.92388
139 4.63333e-08 -0.0654031
140 4.66667e-08 -0.965926
141 4.7e-08 -0.55557
142 4.73333e-08 0.608761
143 4.76667e-08 0.94693
144 4.8e-08 -5.22374e-13
145 4.83333e-08 -0.94693
146 4.86667e-08 -0.608761
147 4.9e-08 0.55557
148 4.93333e-08 0.965926
149 4.96667e-08 0.0654031
150 5e-08 -0.92388
151 5.03333e-08 -0.659346
152 5.06667e-08 0.5
153 5.1e-08 0.980785
154 5.13333e-08 0.130526
155 5.16667e-08 -0.896873
156 5.2e-08 -0.707107
157 5.23333e-08 0.442289
158 5.26667e-08 0.991445
159 5.3e-08 0.19509
160 5.33333e-08 -0.866025
161 5.36667e-08 -0.75184
162 5.4e-08 0.382683
163 5.43333e-08 0.997859
164 5.46667e-08 0.258819
165 5.5e-08 -0.83147
166 5.53333e-08 -0.793353
167 5.56667e-08 0.321439
168 5.6e-08 1
169 5.63333e-08 0.321439
170 5.66667e-08 -0.793353
171 5.7e-08 -0.83147
172 5.73333e-08 0.258819
173 5.76667e-08 0.997859
174 5.8e-08 0.382683
175 5.83333e-08 -0.75184
176 5.86667e-08 -0.866025
177 5.9e-08 0.19509
178 5.93333e-08 0.991445
179 5.96667e-08 0.442289
180 6e-08 -0.707107
181 6.03333e-08 -0.896873
182 6.06667e-08 0.130526
183 6.1e-08 0.980785
184 6.13333e-08 0.5
185 6.16667e-08 -0.659346
186 6.2e-08 -0.92388
187 6.23333e-08 0.0654031
188 6.26667e-08 0.965926
189 6.3e-08 0.55557
190 6.33333e-08 -0.608761
191 6.36667e-08 -0.94693
192 6.4e-08 1.05651e-12
193 6.43333e-08 0.94693
194 6.46667e-08 0.608761
195 6.5e-08 -0.55557
196 6.53333e-08 -0.965926
197 6.56667e-08 -0.0654031
198 6.6e-08 0.92388
199 6.63333e-08 0.659346
200 6.66667e-08 -0.5
201 6.7e-08 -0.980785
202 6.73333e-08 -0.130526
203 6.76667e-08 0.896873
204 6.8e-08 0.707107
205 6.83333e-08 -0.442289
206 6.86667e-08 -0.991445
207 6.9e-08 -0.19509
208 6.93333e-08 0.866025
209 6.96667e-08 0.75184
210 7e-08 -0.382683
211 7.03333e-08 -0.997859
212 7.06667e-08 -0.258819
213 7.1e-08 0.83147
214 7.13333e-08 0.793353
215 7.16667e-08 -0.321439
216 7.2e-08 -1
217 7.23333e-08 -0.321439
218 7.26667e-08 0.793353
219 7.3e-08 0.83147
220 7.33333e-08 -0.258819
221 7.36667e-08 -0.997859
222 7.4e-08 -0.382683
223 7.43333e-08 0.75184
224 7.46667e-08 0.866025
225 7.5e-08 -0.19509
226 7.53333e-08 -0.991445
227 7.56667e-08 -0.442289
228 7.6e-08 0.707107
229 7.63333e-08 0.896873
230 7.66667e-08 -0.130526
231 7.7e-08 -0.980785
232 7.73333e-08 -0.5
233 7.76667e-08 0.659346
234 7.8e-08 0.92388
235 7.83333e-08 -0.0654031
236 7.86667e-08 -0.965926
237 7.9e-08 -0.55557
238 7.93333e-08 0.608761
239 7.96667e-08 0.94693
240 8e-08 -1.59064e-12
241 8.03333e-08 -0.94693
242 8.06667e-08 -0.608761
243 8.1e-08 0.55557
244 8.13333e-08 0.965926
245 8.16667e-08 0.0654031
246 8.2e-08 -0.92388
247 8.23333e-08 -0.659346
248 8.26667e-08 0.5
249 8.3e-08 0.980785
250 8.33333e-08 0.130526
251 8.36667e-08 -0.896873
252 8.4e-08 -0.707107
253 8.43333e-08 0.442289
254 8.46667e-08 0.991445
255 8.5e-08 0.19509
256 8.53333e-08 -0.866025
257 8.56667e-08 -0.75184
258 8.6e-08 0.382683
259 8.63333e-08 0.997859
260 8.66667e-08 0.258819
261 8.7e-08 -0.83147
262 8.73333e-08 -0.793353
263 8.76667e-08 0.321439
264 8.8e-08 1
265 8.83333e-08 0.321439
266 8.86667e-08 -0.793353
267 8.9e-08 -0.83147
268 8.93333e-08 0.258819
269 8.96667e-08 0.997859
270 9e-08 0.382683
271 9.03333e-08 -0.75184
272 9.06667e-08 -0.866025
273 9.1e-08 0.19509
274 9.13333e-08 0.991445
275 9.16667e-08 0.442289
276 9.2e-08 -0.707107
277 9.23333e-08 -0.896873
278 9.26667e-08 0.130526
279 9.3e-08 0.980785
280 9.33333e-08 0.5
281 9.36667e-08 -0.659346
282 9.4e-08 -0.92388
283 9.43333e-08 0.0654031
284 9.46667e-08 0.965926
285 9.5e-08 0.55557
286 9.53333e-08 -0.608761
287 9.56667e-08 -0.94693
288 9.6e-08 2.12477e-12
289 9.63333e-08 0.94693
290 9.66667e-08 0.608761
291 9.7e-08 -0.55557
292 9.73333e-08 -0.965926
293 9.76667e-08 -0.0654031
294 9.8e-08 0.92388
295 9.83333e-08 0.659346
296 9.86667e-08 -0.5
297 9.9e-08 -0.980785
298 9.93333e-08 -0.130526
299 9.96667e-08 0.896873
300 1e-07 0.707107
301 1.00333e-07 -0.442289
302 1.00667e-07 -0.991445
303 1.01e-07 -0.19509
304 1.01333e-07 0.866025
305 1.01667e-07 0.75184
306 1.02e-07 -0.382683
307 1.02333e-07 -0.997859
308 1.02667e-07 -0.258819
309 1.03e-07 0.83147
310 1.03333e-07 0.793353
311 1.03667e-07 -0.321439
312 1.04e-07 -1
313 1.04333e-07 -0.321439
314 1.04667e-07 0.793353
315 1.05e-07 0.83147
316 1.05333e-07 -0.258819
317 1.05667e-07 -0.997859
318 1.06e-07 -0.382683
319 1.06333e-07 0.75184
320 1.06667e-07 0.866025
321 1.07e-07 -0.19509
322 1.07333e-07 -0.991445
323 1.07667e-07 -0.442289
324 1.08e-07 0.707107
325 1.08333e-07 0.896873
326 1.08667e-07 -0.130526
327 1.09e-07 -0.980785
328 1.09333e-07 -0.5
329 1.09667e-07 0.659346
330 1.1e-07 0.92388
331 1.10333e-07 -0.0654031
332 1.10667e-07 -0.965926
333 1.11e-07 -0.55557
334 1.11333e-07 0.608761
335 1.11667e-07 0.94693
336 1.12e-07 -2.65891e-12
337 1.12333e-07 -0.94693
338 1.12667e-07 -0.608761
339 1.13e-07 0.55557
340 1.13333e-07 0.965926
341 1.13667e-07 0.0654031
342 1.14e-07 -0.92388
343 1.14333e-07 -0.659346
344 1.14667e-07 0.5
345 1.15e-07 0.980785
346 1.15333e-07 0.130526
347 1.15667e-07 -0.896873
348 1.16e-07 -0.707107
349 1.16333e-07 0.442289
350 1.16667e-07 0.991445
351 1.17e-07 0.19509
352 1.17333e-07 -0.866025
353 1.17667e-07 -0.75184
354 1.18e-07 0.382683
355 1.18333e-07 0.997859
356 1.18667e-07 0.258819
357 1.19e-07 -0.83147
358 1.19333e-07 -0.793353
359 1.19667e-07 0.321439
360 1.2e-07 1
361 1.20333e-07 0.321439
362 1.20667e-07 -0.793353
363 1.21e-07 -0.83147
364 1.21333e-07 0.258819
365 1.21667e-07 0.997859
366 1.22e-07 0.382683
367 1.22333e-07 -0.75184
368 1.22667e-07 -0.866025
369 1.23e-07 0.19509
370 1.23333e-07 0.991445
371 1.23667e-07 0.442289
372 1.24e-07 -0.707107
373 1.24333e-07 -0.896873
374 1.24667e-07 0.130526
375 1.25e-07 0.980785
376 1.25333e-07 0.5
377 1.25667e-07 -0.659346
378 1.26e-07 -0.92388
379 1.26333e-07 0.0654031
380 1.26667e-07 0.965926
381 1.27e-07 0.55557
382 1.27333e-07 -0.608761
383 1.27667e-07 -0.94693
384 1.28e-07 1.88564e-12
385 1.28333e-07 0.94693
386 1.28667e-07 0.608761
387 1.29e-07 -0.55557
388 1.29333e-07 -0.965926
389 1.29667e-07 -0.0654031
390 1.3e-07 0.92388
391 1.30333e-07 0.659346
392 1.30667e-07 -0.5
393 1.31e-07 -0.980785
394 1.31333e-07 -0.130526
395 1.31667e-07 0.896873
396 1.32e-07 0.707107
397 1.32333e-07 -0.442289
398 1.32667e-07 -0.991445
399 1.33e-07 -0.19509
400 1.33333e-07 0.866025
401 1.33667e-07 0.75184
402 1.34e-07 -0.382683
403 1.34333e-07 -0.997859
404 1.34667e-07 -0.258819
405 1.35e-07 0.83147
406 1.35333e-07 0.793353
407 1.35667e-07 -0.321439
408 1.36e-07 -1
409 1.36333e-07 -0.321439
410 1.36667e-07 0.793353
411 1.37e-07 0.83147
412 1.37333e-07 -0.258819
413 1.37667e-07 -0.997859
414 1.38e-07 -0.382683
415 1.38333e-07 0.75184
416 1.38667e-07 0.866025
417 1.39e-07 -0.19509
418 1.39333e-07 -0.991445
419 1.39667e-07 -0.442289
420 1.4e-07 0.707107
421 1.40333e-07 0.896873
422 1.40667e-07 -0.130526
423 1.41e-07 -0.980785
424 1.41333e-07 -0.5
425 1.41667e-07 0.659346
426 1.42e-07 0.92388
427 1.42333e-07 -0.0654031
428 1.42667e-07 -0.965926
429 1.43e-07 -0.55557
430 1.43333e-07 0.608761
431 1.43667e-07 0.94693
432 1.44e-07 -8.91934e-14
433 1.44333e-07 -0.94693
434 1.44667e-07 -0.608761
435 1.45e-07 0.55557
436 1.45333e-07 0.965926
437 1.45667e-07 0.0654031
438 1.46e-07 -0.92388
439 1.46333e-07 -0.659346
440 1.46667e-07 0.5
441 1.47e-07 0.980785
442 1.47333e-07 0.130526
443 1.47667e-07 -0.896873
444 1.48e-07 -0.707107
445 1.48333e-07 0.442289
446 1.48667e-07 0.991445
447 1.49e-07 0.19509
448 1.49333e-07 -0.866025
449 1.49667e-07 -0.75184
450 1.5e-07 0.382683
451 1.50333e-07 0.997859
452 1.50667e-07 0.258819
453 1.51e-07 -0.83147
454 1.51333e-07 -0.793353
455 1.51667e-07 0.321439
456 1.52e-07 1
457 1.52333e-07 0.321439
458 1.52667e-07 -0.793353
459 1.53e-07 -0.83147
460 1.53333e-07 0.258819
461 1.53667e-07 0.997859
462 1.54e-07 0.382683
463 1.54333e-07 -0.75184
464 1.54667e-07 -0.866025
465 1.55e-07 0.19509
466 1.55333e-07 0.991445
467 1.55667e-07 0.442289
468 1.56e-07 -0.707107
469 1.56333e-07 -0.896873
470 1.56667e-07 0.130526
471 1.57e-07 0.980785
472 1.57333e-07 0.5
473 1.57667e-07 -0.659346
474 1.58e-07 -0.92388
475 1.58333e-07 0.0654031
476 1.58667e-07 0.965926
477 1.59e-07 0.55557
478 1.59333e-07 -0.608761
479 1.59667e-07 -0.94693
480 1.6e-07 -1.82094e-12
481 1.60333e-07 0.94693
482 1.60667e-07 0.608761
483 1.61e-07 -0.55557
484 1.61333e-07 -0.965926
485 1.61667e-07 -0.0654031
486 1.62e-07 0.92388
487 1.62333e-07 0.659346
488 1.62667e-07 -0.5
489 1.63e-07 -0.980785
490 1.63333e-07 -0.130526
491 1.63667e-07 0.896873
492 1.64e-07 0.707107
493 1.64333e-07 -0.442289
494 1.64667e-07 -0.991445
495 1.65e-07 -0.19509
496 1.65333e-07 0.866025
497 1.65667e-07 0.75184
498 1.66e-07 -0.382683
499 1.66333e-07 -0.997859
500 1.66667e-07 -0.258819
501 1.67e-07 0.83147
502 1.67333e-07 0.793353
503 1.67667e-07 -0.321439
504 1.68e-07 -1
505 1.68333e-07 -0.321439
506 1.68667e-07 0.793353
507 1.69e-07 0.83147
508 1.69333e-07 -0.258819
509 1.69667e-07 -0.997859
510 1.7e-07 -0.382683
511 1.70333e-07 0.75184
512 1.70667e-07 0.866025
513 1.71e-07 -0.19509
514 1.71333e-07 -0.991445
515 1.71667e-07 -0.442289
516 1.72e-07 0.707107
517 1.72333e-07 0.896873
518 1.72667e-07 -0.130526
519 1.73e-07 -0.980785
520 1.73333e-07 -0.5
521 1.73667e-07 0.659346
522 1.74e-07 0.92388
523 1.74333e-07 -0.0654031
524 1.74667e-07 -0.965926
525 1.75e-07 -0.55557
526 1.75333e-07 0.608761
527 1.75667e-07 0.94693
528 1.76e-07 3.61739e-12
529 1.76333e-07 -0.94693
530 1.76667e-07 -0.608761
531 1.77e-07 0.55557
532 1.77333e-07 0.965926
533 1.77667e-07 0.0654031
534 1.78e-07 -0.92388
535 1.78333e-07 -0.659346
536 1.78667e-07 0.5
537 1.79e-07 0.980785
538 1.79333e-07 0.130526
539 1.79667e-07 -0.896873
540 1.8e-07 -0.707107
541 1.80333e-07 0.442289
542 1.80667e-07 0.991445
543 1.81e-07 0.19509
544 1.81333e-07 -0.866025
545 1.81667e-07 -0.75184
546 1.82e-07 0.382683
547 1.82333e-07 0.997859
548 1.82667e-07 0.258819
549 1.83e-07 -0.83147
550 1.83333e-07 -0.793353
551 1.83667e-07 0.321439
552 1.84e-07 1
553 1.84333e-07 0.321439
554 1.84667e-07 -0.793353
555 1.85e-07 -0.83147
556 1.85333e-07 0.258819
557 1.85667e-07 0.997859
558 1.86e-07 0.382683
559 1.86333e-07 -0.75184
560 1.86667e-07 -0.866025
561 1.87e-07 0.19509
562 1.87333e-07 0.991445
563 1.87667e-07 0.442289
564 1.88e-07 -0.707107
565 1.88333e-07 -0.896873
566 1.88667e-07 0.130526
567 1.89e-07 0.980785
568 1.89333e-07 0.5
569 1.89667e-07 -0.659346
570 1.9e-07 -0.92388
571 1.90333e-07 0.0654031
572 1.90667e-07 0.965926
573 1.91e-07 0.55557
574 1.91333e-07 -0.608761
575 1.91667e-07 -0.94693
576 1.92e-07 -5.41383e-12
577 1.92333e-07 0.94693
578 1.92667e-07 0.608761
579 1.93e-07 -0.55557
580 1.93333e-07 -0.965926
581 1.93667e-07 -0.0654031
582 1.94e-07 0.92388
583 1.94333e-07 0.659346
584 1.94667e-07 -0.5
585 1.95e-07 -0.980785
586 1.95333e-07 -0.130526
587 1.95667e-07 0.896873
588 1.96e-07 0.707107
589 1.96333e-07 -0.442289
590 1.96667e-07 -0.991445
591 1.97e-07 -0.19509
592 1.97333e-07 0.866025
593 1.97667e-07 0.75184
594 1.98e-07 -0.382683
595 1.98333e-07 -0.997859
596 1.98667e-07 -0.258819
597 1.99e-07 0.83147
598 1.99333e-07 0.793353
599 1.99667e-07 -0.321439
600 2e-07 -1
601 2.00333e-07 -0.321439
602 2.00667e-07 0.793353
603 2.01e-07 0.83147
604 2.01333e-07 -0.258819
605 2.01667e-07 -0.997859
606 2.02e-07 -0.382683
607 2.02333e-07 0.75184
608 2.02667e-07 0.866025
609 2.03e-07 -0.19509
610 2.03333e-07 -0.991445
611 2.03667e-07 -0.442289
612 2.04e-07 0.707107
613 2.04333e-07 0.896873
614 2.04667e-07 -0.130526
615 2.05e-07 -0.980785
616 2.05333e-07 -0.5
617 2.05667e-07 0.659346
618 2.06e-07 0.92388
619 2.06333e-07 -0.0654031
620 2.06667e-07 -0.965926
621 2.07e-07 -0.55557
622 2.07333e-07 0.608761
623 2.07667e-07 0.94693
624 2.08e-07 7.32397e-12
625 2.08333e-07 -0.94693
626 2.08667e-07 -0.608761
627 2.09e-07 0.55557
628 2.09333e-07 0.965926
629 2.09667e-07 0.0654031
630 2.1e-07 -0.92388
631 2.10333e-07 -0.659346
632 2.10667e-07 0.5
633 2.11e-07 0.980785
634 2.11333e-07 0.130526
635 2.11667e-07 -0.896873
636 2.12e-07 -0.707107
637 2.12333e-07 0.442289
638 2.12667e-07 0.991445
639 2.13e-07 0.19509
640 2.13333e-07 -0.866025
641 2.13667e-07 -0.75184
642 2.14e-07 0.382683
643 2.14333e-07 0.997859
644 2.14667e-07 0.258819
645 2.15e-07 -0.83147
646 2.15333e-07 -0.793353
647 2.15667e-07 0.321439
648 2.16e-07 1
649 2.16333e-07 0.321439
650 2.16667e-07 -0.793353
651 2.17e-07 -0.83147
652 2.17333e-07 0.258819
653 2.17667e-07 0.997859
654 2.18e-07 0.382683
655 2.18333e-07 -0.75184
656 2.18667e-07 -0.866025
657 2.19e-07 0.19509
658 2.19333e-07 0.991445
659 2.19667e-07 0.442289
660 2.2e-07 -0.707107
661 2.20333e-07 -0.896873
662 2.20667e-07 0.130526
663 2.21e-07 0.980785
664 2.21333e-07 0.5
665 2.21667e-07 -0.659346
666 2.22e-07 -0.92388
667 2.22333e-07 0.0654031
668 2.22667e-07 0.965926
669 2.23e-07 0.55557
670 2.23333e-07 -0.608761
671 2.23667e-07 -0.94693
672 2.24e-07 -9.12042e-12
673 2.24333e-07 0.94693
674 2.24667e-07 0.608761
675 2.25e-07 -0.55557
676 2.25333e-07 -0.965926
677 2.25667e-07 -0.0654031
678 2.26e-07 0.92388
679 2.26333e-07 0.659346
680 2.26667e-07 -0.5
681 2.27e-07 -0.980785
682 2.27333e-07 -0.130526
683 2.27667e-07 0.896873
684 2.28e-07 0.707107
685 2.28333e-07 -0.442289
686 2.28667e-07 -0.991445
687 2.29e-07 -0.19509
688 2.29333e-07 0.866025
689 2.29667e-07 0.75184
690 2.3e-07 -0.382683
691 2.30333e-07 -0.997859
692 2.30667e-07 -0.258819
693 2.31e-07 0.83147
694 2.31333e-07 0.793353
695 2.31667e-07 -0.321439
696 2.32e-07 -1
697 2.32333e-07 -0.321439
698 2.32667e-07 0.793353
699 2.33e-07 0.83147
700 2.33333e-07 -0.258819
701 2.33667e-07 -0.997859
702 2.34e-07 -0.382683
703 2.34333e-07 0.75184
704 2.34667e-07 0.866025
705 2.35e-07 -0.19509
706 2.35333e-07 -0.991445
707 2.35667e-07 -0.442289
708 2.36e-07 0.707107
709 2.36333e-07 0.896873
710 2.36667e-07 -0.130526
711 2.37e-07 -0.980785
712 2.37333e-07 -0.5
713 2.37667e-07 0.659346
714 2.38e-07 0.92388
715 2.38333e-07 -0.0654031
716 2.38667e-07 -0.965926
717 2.39e-07 -0.55557
718 2.39333e-07 0.608761
719 2.39667e-07 0.94693
720 2.4e-07 1.09169e-11
721 2.40333e-07 -0.94693
722 2.40667e-07 -0.608761
723 2.41e-07 0.55557
724 2.41333e-07 0.965926
725 2.41667e-07 0.0654031
726 2.42e-07 -0.92388
727 2.42333e-07 -0.659346
728 2.42667e-07 0.5
729 2.43e-07 0.980785
730 2.43333e-07 0.130526
731 2.43667e-07 -0.896873
732 2.44e-07 -0.707107
733 2.44333e-07 0.442289
734 2.44667e-07 0.991445
735 2.45e-07 0.19509
736 2.45333e-07 -0.866025
737 2.45667e-07 -0.75184
738 2.46e-07 0.382683
739 2.46333e-07 0.997859
740 2.46667e-07 0.258819
741 2.47e-07 -0.83147
742 2.47333e-07 -0.793353
743 2.47667e-07 0.321439
744 2.48e-07 1
745 2.48333e-07 0.321439
746 2.48667e-07 -0.793353
747 2.49e-07 -0.83147
748 2.49333e-07 0.258819
749 2.49667e-07 0.997859
750 2.5e-07 0.382683
751 2.50333e-07 -0.75184
752 2.50667e-07 -0.866025
753 2.51e-07 0.19509
754 2.51333e-07 0.991445
755 2.51667e-07 0.442289
756 2.52e-07 -0.707107
757 2.52333e-07 -0.896873
758 2.52667e-07 0.130526
759 2.53e-07 0.980785
760 2.53333e-07 0.5
761 2.53667e-07 -0.659346
762 2.54e-07 -0.92388
763 2.54333e-07 0.0654031
764 2.54667e-07 0.965926
765 2.55e-07 0.55557
766 2.55333e-07 -0.608761
767 2.55667e-07 -0.94693
768 2.56e-07 -1.2827e-11
769 2.56333e-07 0.94693
770 2.56667e-07 0.608761
771 2.57e-07 -0.55557
772 2.57333e-07 -0.965926
773 2.57667e-07 -0.0654031
774 2.58e-07 0.92388
775 2.58333e-07 0.659346
776 2.58667e-07 -0.5
777 2.59e-07 -0.980785
778 2.59333e-07 -0.130526
779 2.59667e-07 0.896873
780 2.6e-07 0.707107
781 2.60333e-07 -0.442289
782 2.60667e-07 -0.991445
783 2.61e-07 -0.19509
784 2.61333e-07 0.866025
785 2.61667e-07 0.75184
786 2.62e-07 -0.382683
787 2.62333e-07 -0.997859
788 2.62667e-07 -0.258819
789 2.63e-07 0.83147
790 2.63333e-07 0.793353
791 2.63667e-07 -0.321439
792 2.64e-07 -1
793 2.64333e-07 -0.321439
794 2.64667e-07 0.793353
795 2.65e-07 0.83147
796 2.65333e-07 -0.258819
797 2.65667e-07 -0.997859
798 2.66e-07 -0.382683
799 2.66333e-07 0.75184
800 2.66667e-07 0.866025
801 2.67e-07 -0.19509
802 2.67333e-07 -0.991445
803 2.67667e-07 -0.442289
804 2.68e-07 0.707107
805 2.68333e-07 0.896873
806 2.68667e-07 -0.130526
807 2.69e-07 -0.980785
808 2.69333e-07 -0.5
809 2.69667e-07 0.659346
810 2.7e-07 0.92388
811 2.70333e-07 -0.0654031
812 2.70667e-07 -0.965926
813 2.71e-07 -0.55557
814 2.71333e-07 0.608761
815 2.71667e-07 0.94693
816 2.72e-07 1.46234e-11
817 2.72333e-07 -0.94693
818 2.72667e-07 -0.608761
819 2.73e-07 0.55557
820 2.73333e-07 0.965926
821 2.73667e-07 0.0654031
822 2.74e-07 -0.92388
823 2.74333e-07 -0.659346
824 2.74667e-07 0.5
825 2.75e-07 0.980785
826 2.75333e-07 0.130526
827 2.75667e-07 -0.896873
828 2.76e-07 -0.707107
829 2.76333e-07 0.442289
830 2.76667e-07 0.991445
831 2.77e-07 0.19509
832 2.77333e-07 -0.866025
833 2.77667e-07 -0.75184
834 2.78e-07 0.382683
835 2.78333e-07 0.997859
836 2.78667e-07 0.258819
837 2.79e-07 -0.83147
838 2.79333e-07 -0.793353
839 2.79667e-07 0.321439
840 2.8e-07 1
841 2.80333e-07 0.321439
842 2.80667e-07 -0.793353
843 2.81e-07 -0.83147
844 2.81333e-07 0.258819
845 2.81667e-07 0.997859
846 2.82e-07 0.382683
847 2.82333e-07 -0.75184
848 2.82667e-07 -0.866025
849 2.83e-07 0.19509
850 2.83333e-07 0.991445
851 2.83667e-07 0.442289
852 2.84e-07 -0.707107
853 2.84333e-07 -0.896873
854 2.84667e-07 0.130526
855 2.85e-07 0.980785
856 2.85333e-07 0.5
857 2.85667e-07 -0.659346
858 2.86e-07 -0.92388
859 2.86333e-07 0.0654031
860 2.86667e-07 0.965926
861 2.87e-07 0.55557
862 2.87333e-07 -0.608761
863 2.87667e-07 -0.94693
864 2.88e-07 -1.64199e-11
865 2.88333e-07 0.94693
866 2.88667e-07 0.608761
867 2.89e-07 -0.55557
868 2.89333e-07 -0.965926
869 2.89667e-07 -0.0654031
870 2.9e-07 0.92388
871 2.90333e-07 0.659346
872 2.90667e-07 -0.5
873 2.91e-07 -0.980785
874 2.91333e-07 -0.130526
875 2.91667e-07 0.896873
876 2.92e-07 0.707107
877 2.92333e-07 -0.442289
878 2.92667e-07 -0.991445
879 2.93e-07 -0.19509
880 2.93333e-07 0.866025
881 2.93667e-07 0.75184
882 2.94e-07 -0.382683
883 2.94333e-07 -0.997859
884 2.94667e-07 -0.258819
885 2.95e-07 0.83147
886 2.95333e-07 0.793353
887 2.95667e-07 -0.321439
888 2.96e-07 -1
889 2.96333e-07 -0.321439
890 2.96667e-07 0.793353
891 2.97e-07 0.83147
892 2.97333e-07 -0.258819
893 2.97667e-07 -0.997859
894 2.98e-07 -0.382683
895 2.98333e-07 0.75184
896 2.98667e-07 0.866025
897 2.99e-07 -0.19509
898 2.99333e-07 -0.991445
899 2.99667e-07 -0.442289
900 3e-07 0.707107
901 3.00333e-07 0.896873
902 3.00667e-07 -0.130526
903 3.01e-07 -0.980785
904 3.01333e-07 -0.5
905 3.01667e-07 0.659346
906 3.02e-07 0.92388
907 3.02333e-07 -0.0654031
908 3.02667e-07 -0.965926
909 3.03e-07 -0.55557
910 3.03333e-07 0.608761
911 3.03667e-07 0.94693
912 3.04e-07 1.833e-11
913 3.04333e-07 -0.94693
914 3.04667e-07 -0.608761
915 3.05e-07 0.55557
916 3.05333e-07 0.965926
917 3.05667e-07 0.0654031
918 3.06e-07 -0.92388
919 3.06333e-07 -0.659346
920 3.06667e-07 0.5
921 3.07e-07 0.980785
922 3.07333e-07 0.130526
923 3.07667e-07 -0.896873
924 3.08e-07 -0.707107
925 3.08333e-07 0.442289
926 3.08667e-07 0.991445
927 3.09e-07 0.19509
928 3.09333e-07 -0.866025
929 3.09667e-07 -0.75184
930 3.1e-07 0.382683
931 3.10333e-07 0.997859
932 3.10667e-07 0.258819
933 3.11e-07 -0.83147
934 3.11333e-07 -0.793353
935 3.11667e-07 0.321439
936 3.12e-07 1
937 3.12333e-07 0.321439
938 3.12667e-07 -0.793353
939 3.13e-07 -0.83147
940 3.13333e-07 0.258819
941 3.13667e-07 0.997859
942 3.14e-07 0.382683
943 3.14333e-07 -0.75184
944 3.14667e-07 -0.866025
945 3.15e-07 0.19509
946 3.15333e-07 0.991445
947 3.15667e-07 0.442289
948 3.16e-07 -0.707107
949 3.16333e-07 -0.896873
950 3.16667e-07 0.130526
951 3.17e-07 0.980785
952 3.17333e-07 0.5
953 3.17667e-07 -0.659346
954 3.18e-07 -0.92388
955 3.18333e-07 0.0654031
956 3.18667e-07 0.965926
957 3.19e-07 0.55557
958 3.19333e-07 -0.608761
959 3.19667e-07 -0.94693
960 3.2e-07 -2.02402e-11
961 3.20333e-07 0.94693
962 3.20667e-07 0.608761
963 3.21e-07 -0.55557
964 3.21333e-07 -0.965926
965 3.21667e-07 -0.0654031
966 3.22e-07 0.92388
967 3.22333e-07 0.659346
968 3.22667e-07 -0.5
969 3.23e-07 -0.980785
970 3.23333e-07 -0.130526
971 3.23667e-07 0.896873
972 3.24e-07 0.707107
973 3.24333e-07 -0.442289
974 3.24667e-07 -0.991445
975 3.25e-07 -0.19509
976 3.25333e-07 0.866025
977 3.25667e-07 0.75184
978 3.26e-07 -0.382683
979 3.26333e-07 -0.997859
980 3.26667e-07 -0.258819
981 3.27e-07 0.83147
982 3.27333e-07 0.793353
983 3.27667e-07 -0.321439
984 3.28e-07 -1
985 3.28333e-07 -0.321439
986 3.28667e-07 0.793353
987 3.29e-07 0.83147
988 3.29333e-07 -0.258819
989 3.29667e-07 -0.997859
990 3.3e-07 -0.382683
991 3.30333e-07 0.75184
992 3.30667e-07 0.866025
993 3.31e-07 -0.19509
994 3.31333e-07 -0.991445
995 3.31667e-07 -0.442289
996 3.32e-07 0.707107
997 3.32333e-07 0.896873
998 3.32667e-07 -0.130526
999 3.33e-07 -0.980785
1000 3.33333e-07 -0.5
1001 3.33667e-07 0.659346
1002 3.34e-07 0.92388
1003 3.34333e-07 -0.0654031
1004 3.34667e-07 -0.965926
1005 3.35e-07 -0.55557
1006 3.35333e-07 0.608761
1007 3.35667e-07 0.94693
1008 3.36e-07 2.19229e-11
1009 3.36333e-07 -0.94693
1010 3.36667e-07 -0.608761
1011 3.37e-07 0.55557
1012 3.37333e-07 0.965926
1013 3.37667e-07 0.0654031
1014 3.38e-07 -0.92388
1015 3.38333e-07 -0.659346
1016 3.38667e-07 0.5
1017 3.39e-07 0.980785
1018 3.39333e-07 0.130526
1019 3.39667e-07 -0.896873
1020 3.4e-07 -0.707107
1021 3.40333e-07 0.442289
1022 3.40667e-07 0.991445
1023 3.41e-07 0.19509
1024 3.41333e-07 -0.866025
1025 3.41667e-07 -0.75184
1026 3.42e-07 0.382683
1027 3.42333e-07 0.997859
1028 3.42667e-07 0.258819
1029 3.43e-07 -0.83147
1030 3.43333e-07 -0.793353
1031 3.43667e-07 0.321439
1032 3.44e-07 1
1033 3.44333e-07 0.321439
1034 3.44667e-07 -0.793353
1035 3.45e-07 -0.83147
1036 3.45333e-07 0.258819
1037 3.45667e-07 0.997859
1038 3.46e-07 0.382683
1039 3.46333e-07 -0.75184
1040 3.46667e-07 -0.866025
1041 3.47e-07 0.19509
1042 3.47333e-07 0.991445
1043 3.47667e-07 0.442289
1044 3.48e-07 -0.707107
1045 3.48333e-07 -0.896873
1046 3.48667e-07 0.130526
1047 3.49e-07 0.980785
1048 3.49333e-07 0.5
1049 3.49667e-07 -0.659346
1050 3.5e-07 -0.92388
1051 3.50333e-07 0.0654031
1052 3.50667e-07 0.965926
1053 3.51e-07 0.55557
1054 3.51333e-07 -0.608761
1055 3.51667e-07 -0.94693
1056 3.52e-07 -2.38331e-11
1057 3.52333e-07 0.94693
1058 3.52667e-07 0.608761
1059 3.53e-07 -0.55557
1060 3.53333e-07 -0.965926
1061 3.53667e-07 -0.0654031
1062 3.54e-07 0.92388
1063 3.54333e-07 0.659346
1064 3.54667e-07 -0.5
1065 3.55e-07 -0.980785
1066 3.55333e-07 -0.130526
1067 3.55667e-07 0.896873
1068 3.56e-07 0.707107
1069 3.56333e-07 -0.442289
1070 3.56667e-07 -0.991445
1071 3.57e-07 -0.19509
1072 3.57333e-07 0.866025
1073 3.57667e-07 0.75184
1074 3.58e-07 -0.382683
1075 3.58333e-07 -0.997859
1076 3.58667e-07 -0.258819
1077 3.59e-07 0.83147
1078 3.59333e-07 0.793353
1079 3.59667e-07 -0.321439
1080 3.6e-07 -1
1081 3.60333e-07 -0.321439
1082 3.60667e-07 0.793353
1083 3.61e-07 0.83147
1084 3.61333e-07 -0.258819
1085 3.61667e-07 -0.997859
1086 3.62e-07 -0.382683
1087 3.62333e-07 0.75184
1088 3.62667e-07 0.866025
1089 3.63e-07 -0.19509
1090 3.63333e-07 -0.991445
1091 3.63667e-07 -0.442289
1092 3.64e-07 0.707107
1093 3.64333e-07 0.896873
1094 3.64667e-07 -0.130526
1095 3.65e-07 -0.980785
1096 3.65333e-07 -0.5
1097 3.65667e-07 0.659346
1098 3.66e-07 0.92388
1099 3.66333e-07 -0.0654031
1100 3.66667e-07 -0.965926
1101 3.67e-07 -0.55557
1102 3.67333e-07 0.608761
1103 3.67667e-07 0.94693
1104 3.68e-07 2.57432e-11
1105 3.68333e-07 -0.94693
1106 3.68667e-07 -0.608761
1107 3.69e-07 0.55557
1108 3.69333e-07 0.965926
1109 3.69667e-07 0.0654031
1110 3.7e-07 -0.92388
1111 3.70333e-07 -0.659346
1112 3.70667e-07 0.5
1113 3.71e-07 0.980785
1114 3.71333e-07 0.130526
1115 3.71667e-07 -0.896873
1116 3.72e-07 -0.707107
1117 3.72333e-07 0.442289
1118 3.72667e-07 0.991445
1119 3.73e-07 0.19509
1120 3.73333e-07 -0.866025
1121 3.73667e-07 -0.75184
1122 3.74e-07 0.382683
1123 3.74333e-07 0.997859
1124 3.74667e-07 0.258819
1125 3.75e-07 -0.83147
1126 3.75333e-07 -0.793353
1127 3.75667e-07 0.321439
1128 3.76e-07 1
1129 3.76333e-07 0.321439
1130 3.76667e-07 -0.793353
1131 3.77e-07 -0.83147
1132 3.77333e-07 0.258819
1133 3.77667e-07 0.997859
1134 3.78e-07 0.382683
1135 3.78333e-07 -0.75184
1136 3.78667e-07 -0.866025
1137 3.79e-07 0.19509
1138 3.79333e-07 0.991445
1139 3.79667e-07 0.442289
1140 3.8e-07 -0.707107
1141 3.80333e-07 -0.896873
1142 3.80667e-07 0.130526
1143 3.81e-07 0.980785
1144 3.81333e-07 0.5
1145 3.81667e-07 -0.659346
1146 3.82e-07 -0.92388
1147 3.82333e-07 0.0654031
1148 3.82667e-07 0.965926
1149 3.83e-07 0.55557
1150 3.83333e-07 -0.608761
1151 3.83667e-07 -0.94693
1152 3.84e-07 -2.74259e-11
1153 3.84333e-07 0.94693
1154 3.84667e-07 0.608761
1155 3.85e-07 -0.55557
1156 3.85333e-07 -0.965926
1157 3.85667e-07 -0.0654031
1158 3.86e-07 0.92388
1159 3.86333e-07 0.659346
1160 3.86667e-07 -0.5
1161 3.87e-07 -0.980785
1162 3.87333e-07 -0.130526
1163 3.87667e-07 0.896873
1164 3.88e-07 0.707107
1165 3.88333e-07 -0.442289
1166 3.88667e-07 -0.991445
1167 3.89e-07 -0.19509
1168 3.89333e-07 0.866025
1169 3.89667e-07 0.75184
1170 3.9e-07 -0.382683
1171 3.90333e-07 -0.997859
1172 3.90667e-07 -0.258819
1173 3.91e-07 0.83147
1174 3.91333e-07 0.793353
1175 3.91667e-07 -0.321439
1176 3.92e-07 -1
1177 3.92333e-07 -0.321439
1178 3.92667e-07 0.793353
1179 3.93e-07 0.83147
1180 3.93333e-07 -0.258819
1181 3.93667e-07 -0.997859
1182 3.94e-07 -0.382683
1183 3.94333e-07 0.75184
1184 3.94667e-07 0.866025
1185 3.95e-07 -0.19509
1186 3.95333e-07 -0.991445
1187 3.95667e-07 -0.442289
1188 3.96e-07 0.707107
1189 3.96333e-07 0.896873
1190 3.96667e-07 -0.130526
1191 3.97e-07 -0.980785
1192 3.97333e-07 -0.5
1193 3.97667e-07 0.659346
1194 3.98e-07 0.92388
1195 3.98333e-07 -0.0654031
1196 3.98667e-07 -0.965926
1197 3.99e-07 -0.55557
1198 3.99333e-07 0.608761
1199 3.99667e-07 0.94693
1200 4e-07 2.93361e-11
1201 4.00333e-07 -0.94693
1202 4.00667e-07 -0.608761
1203 4.01e-07 0.55557
1204 4.01333e-07 0.965926
1205 4.01667e-07 0.0654031
1206 4.02e-07 -0.92388
1207 4.02333e-07 -0.659346
1208 4.02667e-07 0.5
1209 4.03e-07 0.980785
1210 4.03333e-07 0.130526
1211 4.03667e-07 -0.896873
1212 4.04e-07 -0.707107
1213 4.04333e-07 0.442289
1214 4.04667e-07 0.991445
1215 4.05e-07 0.19509
1216 4.05333e-07 -0.866025
1217 4.05667e-07 -0.75184
1218 4.06e-07 0.382683
1219 4.06333e-07 0.997859
1220 4.06667e-07 0.258819
1221 4.07e-07 -0.83147
1222 4.07333e-07 -0.793353
1223 4.07667e-07 0.321439
1224 4.08e-07 1
1225 4.08333e-07 0.321439
1226 4.08667e-07 -0.793353
1227 4.09e-07 -0.83147
1228 4.09333e-07 0.258819
1229 4.09667e-07 0.997859
1230 4.1e-07 0.382683
1231 4.10333e-07 -0.75184
1232 4.10667e-07 -0.866025
1233 4.11e-07 0.19509
1234 4.11333e-07 0.991445
1235 4.11667e-07 0.442289
1236 4.12e-07 -0.707107
1237 4.12333e-07 -0.896873
1238 4.12667e-07 0.130526
1239 4.13e-07 0.980785
1240 4.13333e-07 0.5
1241 4.13667e-07 -0.659346
1242 4.14e-07 -0.92388
1243 4.14333e-07 0.0654031
1244 4.14667e-07 0.965926
1245 4.15e-07 0.55557
1246 4.15333e-07 -0.608761
1247 4.15667e-07 -0.94693
1248 4.16e-07 -3.12462e-11
1249 4.16333e-07 0.94693
1250 4.16667e-07 0.608761
1251 4.17e-07 -0.55557
1252 4.17333e-07 -0.965926
1253 4.17667e-07 -0.0654031
1254 4.18e-07 0.92388
1255 4.18333e-07 0.659346
1256 4.18667e-07 -0.5
1257 4.19e-07 -0.980785
1258 4.19333e-07 -0.130526
1259 4.19667e-07 0.896873
1260 4.2e-07 0.707107
1261 4.20333e-07 -0.442289
1262 4.20667e-07 -0.991445
1263 4.21e-07 -0.19509
1264 4.21333e-07 0.866025
1265 4.21667e-07 0.75184
1266 4.22e-07 -0.382683
1267 4.22333e-07 -0.997859
1268 4.22667e-07 -0.258819
1269 4.23e-07 0.83147
1270 4.23333e-07 0.793353
1271 4.23667e-07 -0.321439
1272 4.24e-07 -1
1273 4.24333e-07 -0.321439
1274 4.24667e-07 0.793353
1275 4.25e-07 0.83147
1276 4.25333e-07 -0.258819
1277 4.25667e-07 -0.997859
1278 4.26e-07 -0.382683
1279 4.26333e-07 0.75184
1280 4.26667e-07 0.866025
1281 4.27e-07 -0.19509
1282 4.27333e-07 -0.991445
1283 4.27667e-07 -0.442289
1284 4.28e-07 0.707107
1285 4.28333e-07 0.896873
1286 4.28667e-07 -0.130526
1287 4.29e-07 -0.980785
1288 4.29333e-07 -0.5
1289 4.29667e-07 0.659346
1290 4.3e-07 0.92388
1291 4.30333e-07 -0.0654031
1292 4.30667e-07 -0.965926
1293 4.31e-07 -0.55557
1294 4.31333e-07 0.608761
1295 4.31667e-07 0.94693
1296 4.32e-07 3.2929e-11
1297 4.32333e-07 -0.94693
1298 4.32667e-07 -0.608761
1299 4.33e-07 0.55557
1300 4.33333e-07 0.965926
1301 4.33667e-07 0.0654031
1302 4.34e-07 -0.92388
1303 4.34333e-07 -0.659346
1304 4.34667e-07 0.5
1305 4.35e-07 0.980785
1306 4.35333e-07 0.130526
1307 4.35667e-07 -0.896873
1308 4.36e-07 -0.707107
1309 4.36333e-07 0.442289
1310 4.36667e-07 0.991445
1311 4.37e-07 0.19509
1312 4.37333e-07 -0.866025
1313 4.37667e-07 -0.75184
1314 4.38e-07 0.382683
1315 4.38333e-07 0.997859
1316 4.38667e-07 0.258819
1317 4.39e-07 -0.83147
1318 4.39333e-07 -0.793353
1319 4.39667e-07 0.321439
1320 4.4e-07 1
1321 4.40333e-07 0.321439
1322 4.40667e-07 -0.793353
1323 4.41e-07 -0.83147
1324 4.41333e-07 0.258819
1325 4.41667e-07 0.997859
1326 4.42e-07 0.382683
1327 4.42333e-07 -0.75184
1328 4.42667e-07 -0.866025
1329 4.43e-07 0.19509
1330 4.43333e-07 0.991445
1331 4.43667e-07 0.442289
1332 4.44e-07 -0.707107
1333 4.44333e-07 -0.896873
1334 4.44667e-07 0.130526
1335 4.45e-07 0.980785
1336 4.45333e-07 0.5
1337 4.45667e-07 -0.659346
1338 4.46e-07 -0.92388
1339 4.46333e-07 0.0654031
1340 4.46667e-07 0.965926
1341 4.47e-07 0.55557
1342 4.47333e-07 -0.608761
1343 4.47667e-07 -0.94693
1344 4.48e-07 -3.48391e-11
1345 4.48333e-07 0.94693
1346 4.48667e-07 0.608761
1347 4.49e-07 -0.55557
1348 4.49333e-07 -0.965926
1349 4.49667e-07 -0.0654031
1350 4.5e-07 0.92388
1351 4.50333e-07 0.659346
1352 4.50667e-07 -0.5
1353 4.51e-07 -0.980785
1354 4.51333e-07 -0.130526
1355 4.51667e-07 0.896873
1356 4.52e-07 0.707107
1357 4.52333e-07 -0.442289
1358 4.52667e-07 -0.991445
1359 4.53e-07 -0.19509
1360 4.53333e-07 0.866025
1361 4.53667e-07 0.75184
1362 4.54e-07 -0.382683
1363 4.54333e-07 -0.997859
1364 4.54667e-07 -0.258819
1365 4.55e-07 0.83147
1366 4.55333e-07 0.793353
1367 4.55667e-07 -0.321439
1368 4.56e-07 -1
1369 4.56333e-07 -0.321439
1370 4.56667e-07 0.793353
1371 4.57e-07 0.83147
1372 4.57333e-07 -0.258819
1373 4.57667e-07 -0.997859
1374 4.58e-07 -0.382683
1375 4.58333e-07 0.75184
1376 4.58667e-07 0.866025
1377 4.59e-07 -0.19509
1378 4.59333e-07 -0.991445
1379 4.59667e-07 -0.442289
1380 4.6e-07 0.707107
1381 4.60333e-07 0.896873
1382 4.60667e-07 -0.130526
1383 4.61e-07 -0.980785
1384 4.61333e-07 -0.5
1385 4.61667e-07 0.659346
1386 4.62e-07 0.92388
1387 4.62333e-07 -0.0654031
1388 4.62667e-07 -0.965926
1389 4.63e-07 -0.55557
1390 4.63333e-07 0.608761
1391 4.63667e-07 0.94693
1392 4.64e-07 3.67492e-11
1393 4.64333e-07 -0.94693
1394 4.64667e-07 -0.608761
1395 4.65e-07 0.55557
1396 4.65333e-07 0.965926
1397 4.65667e-07 0.0654031
1398 4.66e-07 -0.92388
1399 4.66333e-07 -0.659346
1400 4.66667e-07 0.5
1401 4.67e-07 0.980785
1402 4.67333e-07 0.130526
1403 4.67667e-07 -0.896873
1404 4.68e-07 -0.707107
1405 4.68333e-07 0.442289
1406 4.68667e-07 0.991445
1407 4.69e-07 0.19509
1408 4.69333e-07 -0.866025
1409 4.69667e-07 -0.75184
1410 4.7e-07 0.382683
1411 4.70333e-07 0.997859
1412 4.70667e-07 0.258819
1413 4.71e-07 -0.83147
1414 4.71333e-07 -0.793353
1415 4.71667e-07 0.321439
1416 4.72e-07 1
1417 4.72333e-07 0.321439
1418 4.72667e-07 -0.793353
1419 4.73e-07 -0.83147
1420 4.73333e-07 0.258819
1421 4.73667e-07 0.997859
1422 4.74e-07 0.382683
1423 4.74333e-07 -0.75184
1424 4.74667e-07 -0.866025
1425 4.75e-07 0.19509
1426 4.75333e-07 0.991445
1427 4.75667e-07 0.442289
1428 4.76e-07 -0.707107
1429 4.76333e-07 -0.896873
1430 4.76667e-07 0.130526
1431 4.77e-07 0.980785
1432 4.77333e-07 0.5
1433 4.77667e-07 -0.659346
1434 4.78e-07 -0.92388
1435 4.78333e-07 0.0654031
1436 4.78667e-07 0.965926
1437 4.79e-07 0.55557
1438 4.79333e-07 -0.608761
1439 4.79667e-07 -0.94693
1440 4.8e-07 -3.8432e-11
1441 4.80333e-07 0.94693
1442 4.80667e-07 0.608761
1443 4.81e-07 -0.55557
1444 4.81333e-07 -0.965926
1445 4.81667e-07 -0.0654031
1446 4.82e-07 0.92388
1447 4.82333e-07 0.659346
1448 4.82667e-07 -0.5
1449 4.83e-07 -0.980785
1450 4.83333e-07 -0.130526
1451 4.83667e-07 0.896873
1452 4.84e-07 0.707107
1453 4.84333e-07 -0.442289
1454 4.84667e-07 -0.991445
1455 4.85e-07 -0.19509
1456 4.85333e-07 0.866025
1457 4.85667e-07 0.75184
1458 4.86e-07 -0.382683
1459 4.86333e-07 -0.997859
1460 4.86667e-07 -0.258819
1461 4.87e-07 0.83147
1462 4.87333e-07 0.793353
1463 4.87667e-07 -0.321439
1464 4.88e-07 -1
1465 4.88333e-07 -0.321439
1466 4.88667e-07 0.793353
1467 4.89e-07 0.83147
1468 4.89333e-07 -0.258819
1469 4.89667e-07 -0.997859
1470 4.9e-07 -0.382683
1471 4.90333e-07 0.75184
1472 4.90667e-07 0.866025
1473 4.91e-07 -0.19509
1474 4.91333e-07 -0.991445
1475 4.91667e-07 -0.442289
1476 4.92e-07 0.707107
1477 4.92333e-07 0.896873
1478 4.92667e-07 -0.130526
1479 4.93e-07 -0.980785
1480 4.93333e-07 -0.5
1481 4.93667e-07 0.659346
1482 4.94e-07 0.92388
1483 4.94333e-07 -0.0654031
1484 4.94667e-07 -0.965926
1485 4.95e-07 -0.55557
1486 4.95333e-07 0.608761
1487 4.95667e-07 0.94693
1488 4.96e-07 4.03421e-11
1489 4.96333e-07 -0.94693
1490 4.96667e-07 -0.608761
1491 4.97e-07 0.55557
1492 4.97333e-07 0.965926
1493 4.97667e-07 0.0654031
1494 4.98e-07 -0.92388
1495 4.98333e-07 -0.659346
1496 4.98667e-07 0.5
1497 4.99e-07 0.980785
1498 4.99333e-07 0.130526
1499 4.99667e-07 -0.896873
1500 5e-07 -0.707107
1501 5.00333e-07 0.442289
1502 5.00667e-07 0.991445
1503 5.01e-07 0.19509
1504 5.01333e-07 -0.866025
1505 5.01667e-07 -0.75184
1506 5.02e-07 0.382683
1507 5.02333e-07 0.997859
1508 5.02667e-07 0.258819
1509 5.03e-07 -0.83147
1510 5.03333e-07 -0.793353
1511 5.03667e-07 0.321439
1512 5.04e-07 1
1513 5.04333e-07 0.321439
1514 5.04667e-07 -0.793353
1515 5.05e-07 -0.83147
1516 5.05333e-07 0.258819
1517 5.05667e-07 0.997859
1518 5.06e-07 0.382683
1519 5.06333e-07 -0.75184
1520 5.06667e-07 -0.866025
1521 5.07e-07 0.19509
1522 5.07333e-07 0.991445
1523 5.07667e-07 0.442289
1524 5.08e-07 -0.707107
1525 5.08333e-07 -0.896873
1526 5.08667e-07 0.130526
1527 5.09e-07 0.980785
1528 5.09333e-07 0.5
1529 5.09667e-07 -0.659346
1530 5.1e-07 -0.92388
1531 5.10333e-07 0.0654031
1532 5.10667e-07 0.965926
1533 5.11e-07 0.55557
1534 5.11333e-07 -0.608761
1535 5.11667e-07 -0.94693
1536 5.12e-07 -4.22523e-11
1537 5.12333e-07 0.94693
1538 5.12667e-07 0.608761
1539 5.13e-07 -0.55557
1540 5.13333e-07 -0.965926
1541 5.13667e-07 -0.0654031
1542 5.14e-07 0.92388
1543 5.14333e-07 0.659346
1544 5.14667e-07 -0.5
1545 5.15e-07 -0.980785
1546 5.15333e-07 -0.130526
1547 5.15667e-07 0.896873
1548 5.16e-07 0.707107
1549 5.16333e-07 -0.442289
1550 5.16667e-07 -0.991445
1551 5.17e-07 -0.19509
1552 5.17333e-07 0.866025
1553 5.17667e-07 0.75184
1554 5.18e-07 -0.382683
1555 5.18333e-07 -0.997859
1556 5.18667e-07 -0.258819
1557 5.19e-07 0.83147
1558 5.19333e-07 0.793353
1559 5.19667e-07 -0.321439
1560 5.2e-07 -1
1561 5.20333e-07 -0.321439
1562 5.20667e-07 0.793353
1563 5.21e-07 0.83147
1564 5.21333e-07 -0.258819
1565 5.21667e-07 -0.997859
1566 5.22e-07 -0.382683
1567 5.22333e-07 0.75184
1568 5.22667e-07 0.866025
1569 5.23e-07 -0.19509
1570 5.23333e-07 -0.991445
1571 5.23667e-07 -0.442289
1572 5.24e-07 0.707107
1573 5.24333e-07 0.896873
1574 5.24667e-07 -0.130526
1575 5.25e-07 -0.980785
1576 5.25333e-07 -0.5
1577 5.25667e-07 0.659346
1578 5.26e-07 0.92388
1579 5.26333e-07 -0.0654031
1580 5.26667e-07 -0.965926
1581 5.27e-07 -0.55557
1582 5.27333e-07 0.608761
1583 5.27667e-07 0.94693
1584 5.28e-07 4.3935e-11
1585 5.28333e-07 -0.94693
1586 5.28667e-07 -0.608761
1587 5.29e-07 0.55557
1588 5.29333e-07 0.965926
1589 5.29667e-07 0.0654031
1590 5.3e-07 -0.92388
1591 5.30333e-07 -0.659346
1592 5.30667e-07 0.5
1593 5.31e-07 0.980785
1594 5.31333e-07 0.130526
1595 5.31667e-07 -0.896873
1596 5.32e-07 -0.707107
1597 5.32333e-07 0.442289
1598 5.32667e-07 0.991445
1599 5.33e-07 0.19509
1600 5.33333e-07 -0.866025
1601 5.33667e-07 -0.75184
1602 5.34e-07 0.382683
1603 5.34333e-07 0.997859
1604 5.34667e-07 0.258819
1605 5.35e-07 -0.83147
1606 5.35333e-07 -0.793353
1607 5.35667e-07 0.321439
1608 5.36e-07 1
1609 5.36333e-07 0.321439
1610 5.36667e-07 -0.793353
1611 5.37e-07 -0.83147
1612 5.37333e-07 0.258819
1613 5.37667e-07 0.997859
1614 5.38e-07 0.382683
1615 5.38333e-07 -0.75184
1616 5.38667e-07 -0.866025
1617 5.39e-07 0.19509
1618 5.39333e-07 0.991445
1619 5.39667e-07 0.442289
1620 5.4e-07 -0.707107
1621 5.40333e-07 -0.896873
1622 5.40667e-07 0.130526
1623 5.41e-07 0.980785
1624 5.41333e-07 0.5
1625 5.41667e-07 -0.659346
1626 5.42e-07 -0.92388
1627 5.42333e-07 0.0654031
1628 5.42667e-07 0.965926
1629 5.43e-07 0.55557
1630 5.43333e-07 -0.608761
1631 5.43667e-07 -0.94693
1632 5.44e-07 -4.58452e-11
1633 5.44333e-07 0.94693
1634 5.44667e-07 0.608761
1635 5.45e-07 -0.55557
1636 5.45333e-07 -0.965926
1637 5.45667e-07 -0.0654031
1638 5.46e-07 0.92388
1639 5.46333e-07 0.659346
1640 5.46667e-07 -0.5
1641 5.47e-07 -0.980785
1642 5.47333e-07 -0.130526
1643 5.47667e-07 0.896873
1644 5.48e-07 0.707107
1645 5.48333e-07 -0.442289
1646 5.48667e-07 -0.991445
1647 5.49e-07 -0.19509
1648 5.49333e-07 0.866025
1649 5.49667e-07 0.75184
1650 5.5e-07 -0.382683
1651 5.50333e-07 -0.997859
1652 5.50667e-07 -0.258819
1653 5.51e-07 0.83147
1654 5.51333e-07 0.793353
1655 5.51667e-07 -0.321439
1656 5.52e-07 -1
1657 5.52333e-07 -0.321439
1658 5.52667e-07 0.793353
1659 5.53e-07 0.83147
1660 5.53333e-07 -0.258819
1661 5.53667e-07 -0.997859
1662 5.54e-07 -0.382683
1663 5.54333e-07 0.75184
1664 5.54667e-07 0.866025
1665 5.55e-07 -0.19509
1666 5.55333e-07 -0.991445
1667 5.55667e-07 -0.442289
1668 5.56e-07 0.707107
1669 5.56333e-07 0.896873
1670 5.56667e-07 -0.130526
1671 5.57e-07 -0.980785
1672 5.57333e-07 -0.5
1673 5.57667e-07 0.659346
1674 5.58e-07 0.92388
1675 5.58333e-07 -0.0654031
1676 5.58667e-07 -0.965926
1677 5.59e-07 -0.55557
1678 5.59333e-07 0.608761
1679 5.59667e-07 0.94693
1680 5.6e-07 4.77553e-11
1681 5.60333e-07 -0.94693
1682 5.60667e-07 -0.608761
1683 5.61e-07 0.55557
1684 5.61333e-07 0.965926
1685 5.61667e-07 0.0654031
1686 5.62e-07 -0.92388
1687 5.62333e-07 -0.659346
1688 5.62667e-07 0.5
1689 5.63e-07 0.980785
1690 5.63333e-07 0.130526
1691 5.63667e-07 -0.896873
1692 5.64e-07 -0.707107
1693 5.64333e-07 0.442289
1694 5.64667e-07 0.991445
1695 5.65e-07 0.19509
1696 5.65333e-07 -0.866025
1697 5.65667e-07 -0.75184
1698 5.66e-07 0.382683
1699 5.66333e-07 0.997859
1700 5.66667e-07 0.258819
1701 5.67e-07 -0.83147
1702 5.67333e-07 -0.793353
1703 5.67667e-07 0.321439
1704 5.68e-07 1
1705 5.68333e-07 0.321439
1706 5.68667e-07 -0.793353
1707 5.69e-07 -0.83147
1708 5.69333e-07 0.258819
1709 5.69667e-07 0.997859
1710 5.7e-07 0.382683
1711 5.70333e-07 -0.75184
1712 5.70667e-07 -0.866025
1713 5.71e-07 0.19509
1714 5.71333e-07 0.991445
1715 5.71667e-07 0.442289
1716 5.72e-07 -0.707107
1717 5.72333e-07 -0.896873
1718 5.72667e-07 0.130526
1719 5.73e-07 0.980785
1720 5.73333e-07 0.5
1721 5.73667e-07 -0.659346
1722 5.74e-07 -0.92388
1723 5.74333e-07 0.0654031
1724 5.74667e-07 0.965926
1725 5.75e-07 0.55557
1726 5.75333e-07 -0.608761
1727 5.75667e-07 -0.94693
1728 5.76e-07 -4.96654e-11
1729 5.76333e-07 0.94693
1730 5.76667e-07 0.608761
1731 5.77e-07 -0.55557
1732 5.77333e-07 -0.965926
1733 5.77667e-07 -0.0654031
1734 5.78e-07 0.92388
1735 5.78333e-07 0.659346
1736 5.78667e-07 -0.5
1737 5.79e-07 -0.980785
1738 5.79333e-07 -0.130526
1739 5.79667e-07 0.896873
1740 5.8e-07 0.707107
1741 5.80333e-07 -0.442289
1742 5.80667e-07 -0.991445
1743 5.81e-07 -0.19509
1744 5.81333e-07 0.866025
1745 5.81667e-07 0.75184
1746 5.82e-07 -0.382683
1747 5.82333e-07 -0.997859
1748 5.82667e-07 -0.258819
1749 5.83e-07 0.83147
1750 5.83333e-07 0.793353
1751 5.83667e-07 -0.321439
1752 5.84e-07 -1
1753 5.84333e-07 -0.321439
1754 5.84667e-07 0.793353
1755 5.85e-07 0.83147
1756 5.85333e-07 -0.258819
1757 5.85667e-07 -0.997859
1758 5.86e-07 -0.382683
1759 5.86333e-07 0.75184
1760 5.86667e-07 0.866025
1761 5.87e-07 -0.19509
1762 5.87333e-07 -0.991445
1763 5.87667e-07 -0.442289
1764 5.88e-07 0.707107
1765 5.88333e-07 0.896873
1766 5.88667e-07 -0.130526
1767 5.89e-07 -0.980785
1768 5.89333e-07 -0.5
1769 5.89667e-07 0.659346
1770 5.9e-07 0.92388
1771 5.90333e-07 -0.0654031
1772 5.90667e-07 -0.965926
1773 5.91e-07 -0.55557
1774 5.91333e-07 0.608761
1775 5.91667e-07 0.94693
1776 5.92e-07 5.15756e-11
1777 5.92333e-07 -0.94693
1778 5.92667e-07 -0.608761
1779 5.93e-07 0.55557
1780 5.93333e-07 0.965926
1781 5.93667e-07 0.0654031
1782 5.94e-07 -0.92388
1783 5.94333e-07 -0.659346
1784 5.94667e-07 0.5
1785 5.95e-07 0.980785
1786 5.95333e-07 0.130526
1787 5.95667e-07 -0.896873
1788 5.96e-07 -0.707107
1789 5.96333e-07 0.442289
1790 5.96667e-07 0.991445
1791 5.97e-07 0.19509
1792 5.97333e-07 -0.866025
1793 5.97667e-07 -0.75184
1794 5.98e-07 0.382683
1795 5.98333e-07 0.997859
1796 5.98667e-07 0.258819
1797 5.99e-07 -0.83147
1798 5.99333e-07 -0.793353
1799 5.99667e-07 0.321439
1800 6e-07 1
1801 6.00333e-07 0.321439
1802 6.00667e-07 -0.793353
1803 6.01e-07 -0.83147
1804 6.01333e-07 0.258819
1805 6.01667e-07 0.997859
1806 6.02e-07 0.382683
1807 6.02333e-07 -0.75184
1808 6.02667e-07 -0.866025
1809 6.03e-07 0.19509
1810 6.03333e-07 0.991445
1811 6.03667e-07 0.442289
1812 6.04e-07 -0.707107
1813 6.04333e-07 -0.896873
1814 6.04667e-07 0.130526
1815 6.05e-07 0.980785
1816 6.05333e-07 0.5
1817 6.05667e-07 -0.659346
1818 6.06e-07 -0.92388
1819 6.06333e-07 0.0654031
1820 6.06667e-07 0.965926
1821 6.07e-07 0.55557
1822 6.07333e-07 -0.608761
1823 6.07667e-07 -0.94693
1824 6.08e-07 -5.3031e-11
1825 6.08333e-07 0.94693
1826 6.08667e-07 0.608761
1827 6.09e-07 -0.55557
1828 6.09333e-07 -0.965926
1829 6.09667e-07 -0.0654031
1830 6.1e-07 0.92388
1831 6.10333e-07 0.659346
1832 6.10667e-07 -0.5
1833 6.11e-07 -0.980785
1834 6.11333e-07 -0.130526
1835 6.11667e-07 0.896873
1836 6.12e-07 0.707107
1837 6.12333e-07 -0.442289
1838 6.12667e-07 -0.991445
1839 6.13e-07 -0.19509
1840 6.13333e-07 0.866025
1841 6.13667e-07 0.75184
1842 6.14e-07 -0.382683
1843 6.14333e-07 -0.997859
1844 6.14667e-07 -0.258819
1845 6.15e-07 0.83147
1846 6.15333e-07 0.793353
1847 6.15667e-07 -0.321439
1848 6.16e-07 -1
1849 6.16333e-07 -0.321439
1850 6.16667e-07 0.793353
1851 6.17e-07 0.83147
1852 6.17333e-07 -0.258819
1853 6.17667e-07 -0.997859
1854 6.18e-07 -0.382683
1855 6.18333e-07 0.75184
1856 6.18667e-07 0.866025
1857 6.19e-07 -0.19509
1858 6.19333e-07 -0.991445
1859 6.19667e-07 -0.442289
1860 6.2e-07 0.707107
1861 6.20333e-07 0.896873
1862 6.20667e-07 -0.130526
1863 6.21e-07 -0.980785
1864 6.21333e-07 -0.5
1865 6.21667e-07 0.659346
1866 6.22e-07 0.92388
1867 6.22333e-07 -0.0654031
1868 6.22667e-07 -0.965926
1869 6.23e-07 -0.55557
1870 6.23333e-07 0.608761
1871 6.23667e-07 0.94693
1872 6.24e-07 5.49411e-11
1873 6.24333e-07 -0.94693
1874 6.24667e-07 -0.608761
1875 6.25e-07 0.55557
1876 6.25333e-07 0.965926
1877 6.25667e-07 0.0654031
1878 6.26e-07 -0.92388
1879 6.26333e-07 -0.659346
1880 6.26667e-07 0.5
1881 6.27e-07 0.980785
1882 6.27333e-07 0.130526
1883 6.27667e-07 -0.896873
1884 6.28e-07 -0.707107
1885 6.28333e-07 0.442289
1886 6.28667e-07 0.991445
1887 6.29e-07 0.19509
1888 6.29333e-07 -0.866025
1889 6.29667e-07 -0.75184
1890 6.3e-07 0.382683
1891 6.30333e-07 0.997859
1892 6.30667e-07 0.258819
1893 6.31e-07 -0.83147
1894 6.31333e-07 -0.793353
1895 6.31667e-07 0.321439
1896 6.32e-07 1
1897 6.32333e-07 0.321439
1898 6.32667e-07 -0.793353
1899 6.33e-07 -0.83147
1900 6.33333e-07 0.258819
1901 6.33667e-07 0.997859
1902 6.34e-07 0.382683
1903 6.34333e-07 -0.75184
1904 6.34667e-07 -0.866025
1905 6.35e-07 0.19509
1906 6.35333e-07 0.991445
1907 6.35667e-07 0.442289
1908 6.36e-07 -0.707107
1909 6.36333e-07 -0.896873
1910 6.36667e-07 0.130526
1911 6.37e-07 0.980785
1912 6.37333e-07 0.5
1913 6.37667e-07 -0.659346
1914 6.38e-07 -0.92388
1915 6.38333e-07 0.0654031
1916 6.38667e-07 0.965926
1917 6.39e-07 0.55557
1918 6.39333e-07 -0.608761
1919 6.39667e-07 -0.94693
1920 6.4e-07 -5.68512e-11
1921 6.40333e-07 0.94693
1922 6.40667e-07 0.608761
1923 6.41e-07 -0.55557
1924 6.41333e-07 -0.965926
1925 6.41667e-07 -0.0654031
1926 6.42e-07 0.92388
1927 6.42333e-07 0.659346
1928 6.42667e-07 -0.5
1929 6.43e-07 -0.980785
1930 6.43333e-07 -0.130526
1931 6.43667e-07 0.896873
1932 6.44e-07 0.707107
1933 6.44333e-07 -0.442289
1934 6.44667e-07 -0.991445
1935 6.45e-07 -0.19509
1936 6.45333e-07 0.866025
1937 6.45667e-07 0.75184
1938 6.46e-07 -0.382683
1939 6.46333e-07 -0.997859
1940 6.46667e-07 -0.258819
1941 6.47e-07 0.83147
1942 6.47333e-07 0.793353
1943 6.47667e-07 -0.321439
1944 6.48e-07 -1
1945 6.48333e-07 -0.321439
1946 6.48667e-07 0.793353
1947 6.49e-07 0.83147
1948 6.49333e-07 -0.258819
1949 6.49667e-07 -0.997859
1950 6.5e-07 -0.382683
1951 6.50333e-07 0.75184
1952 6.50667e-07 0.866025
1953 6.51e-07 -0.19509
1954 6.51333e-07 -0.991445
1955 6.51667e-07 -0.442289
1956 6.52e-07 0.707107
1957 6.52333e-07 0.896873
1958 6.52667e-07 -0.130526
1959 6.53e-07 -0.980785
1960 6.53333e-07 -0.5
1961 6.53667e-07 0.659346
1962 6.54e-07 0.92388
1963 6.54333e-07 -0.0654031
1964 6.54667e-07 -0.965926
1965 6.55e-07 -0.55557
1966 6.55333e-07 0.608761
1967 6.55667e-07 0.94693
1968 6.56e-07 5.87614e-11
1969 6.56333e-07 -0.94693
1970 6.56667e-07 -0.608761
1971 6.57e-07 0.55557
1972 6.57333e-07 0.965926
1973 6.57667e-07 0.0654031
1974 6.58e-07 -0.92388
1975 6.58333e-07 -0.659346
1976 6.58667e-07 0.5
1977 6.59e-07 0.980785
1978 6.59333e-07 0.130526
1979 6.59667e-07 -0.896873
1980 6.6e-07 -0.707107
1981 6.60333e-07 0.442289
1982 6.60667e-07 0.991445
1983 6.61e-07 0.19509
1984 6.61333e-07 -0.866025
1985 6.61667e-07 -0.75184
1986 6.62e-07 0.382683
1987 6.62333e-07 0.997859
1988 6.62667e-07 0.258819
1989 6.63e-07 -0.83147
1990 6.63333e-07 -0.793353
1991 6.63667e-07 0.321439
1992 6.64e-07 1
1993 6.64333e-07 0.321439
1994 6.64667e-07 -0.793353
1995 6.65e-07 -0.83147
1996 6.65333e-07 0.258819
1997 6.65667e-07 0.997859
1998 6.66e-07 0.382683
1999 6.66333e-07 -0.75184
2000 6.66667e-07 -0.866025
2001 6.67e-07 0.19509
2002 6.67333e-07 0.991445
2003 6.67667e-07 0.442289
2004 6.68e-07 -0.707107
2005 6.68333e-07 -0.896873
2006 6.68667e-07 0.130526
2007 6.69e-07 0.980785
2008 6.69333e-07 0.5
2009 6.69667e-07 -0.659346
2010 6.7e-07 -0.92388
2011 6.70333e-07 0.0654031
2012 6.70667e-07 0.965926
2013 6.71e-07 0.55557
2014 6.71333e-07 -0.608761
2015 6.71667e-07 -0.94693
