0 0 0
1 2.66667e-09 0.866025
2 5.33333e-09 0.866025
3 8e-09 5.6655e-16
4 1.06667e-08 -0.866025
5 1.33333e-08 -0.866025
6 1.6e-08 6.43257e-16
7 1.86667e-08 0.866025
8 2.13333e-08 0.866025
9 2.4e-08 -1.40897e-15
10 2.66667e-08 -0.866025
11 2.93333e-08 -0.866025
12 3.2e-08 1.28651e-15
13 3.46667e-08 0.866025
14 3.73333e-08 0.866025
15 4e-08 2.38866e-15
16 4.26667e-08 -0.866025
17 4.53333e-08 -0.866025
18 4.8e-08 -4.28748e-15
19 5.06667e-08 0.866025
20 5.33333e-08 0.866025
21 5.6e-08 7.96265e-15
22 5.86667e-08 -0.866025
23 6.13333e-08 -0.866025
24 6.4e-08 -8.08511e-15
25 6.66667e-08 0.866025
26 6.93333e-08 0.866025
27 7.2e-08 1.17603e-14
28 7.46667e-08 -0.866025
29 7.73333e-08 -0.866025
30 8e-08 -1.54355e-14
31 8.26667e-08 0.866025
32 8.53333e-08 0.866025
33 8.8e-08 1.91106e-14
34 9.06667e-08 -0.866025
35 9.33333e-08 -0.866025
36 9.6e-08 -2.27858e-14
37 9.86667e-08 0.866025
38 1.01333e-07 0.866025
39 1.04e-07 2.6461e-14
40 1.06667e-07 -0.866025
41 1.09333e-07 -0.866025
42 1.12e-07 -3.01362e-14
43 1.14667e-07 0.866025
44 1.17333e-07 0.866025
45 1.2e-07 2.67059e-14
46 1.22667e-07 -0.866025
47 1.25333e-07 -0.866025
48 1.28e-07 -3.03811e-14
49 1.30667e-07 0.866025
50 1.33333e-07 0.866025
51 1.36e-07 3.40563e-14
52 1.38667e-07 -0.866025
53 1.41333e-07 -0.866025
54 1.44e-07 -3.77314e-14
55 1.46667e-07 0.866025
56 1.49333e-07 0.866025
57 1.52e-07 3.43012e-14
58 1.54667e-07 -0.866025
59 1.57333e-07 -0.866025
60 1.6e-07 -3.79763e-14
61 1.62667e-07 0.866025
62 1.65333e-07 0.866025
63 1.68e-07 4.16515e-14
64 1.70667e-07 -0.866025
65 1.73333e-07 -0.866025
66 1.76e-07 -5.24321e-14
67 1.78667e-07 0.866025
68 1.81333e-07 0.866025
69 1.84e-07 4.90019e-14
70 1.86667e-07 -0.866025
71 1.89333e-07 -0.866025
72 1.92e-07 -5.97825e-14
73 1.94667e-07 0.866025
74 1.97333e-07 0.866025
75 2e-07 5.63522e-14
76 2.02667e-07 -0.866025
77 2.05333e-07 -0.866025
78 2.08e-07 -5.2922e-14
79 2.10667e-07 0.866025
80 2.13333e-07 0.866025
81 2.16e-07 6.37026e-14
82 2.18667e-07 -0.866025
83 2.21333e-07 -0.866025
84 2.24e-07 -6.02723e-14
85 2.26667e-07 0.866025
86 2.29333e-07 0.866025
87 2.32e-07 7.10529e-14
88 2.34667e-07 -0.866025
89 2.37333e-07 -0.866025
90 2.4e-07 -6.76227e-14
91 2.42667e-07 0.866025
92 2.45333e-07 0.866025
93 2.48e-07 4.99816e-14
94 2.50667e-07 -0.866025
95 2.53333e-07 -0.866025
96 2.56e-07 -1.81296e-14
97 2.58667e-07 0.866025
98 2.61333e-07 0.866025
99 2.64e-07 -1.37224e-14
100 2.66667e-07 -0.866025
101 2.69333e-07 -0.866025
102 2.72e-07 4.55743e-14
103 2.74667e-07 0.866025
104 2.77333e-07 0.866025
105 2.8e-07 -6.32154e-14
106 2.82667e-07 -0.866025
107 2.85333e-07 -0.866025
108 2.88e-07 9.50674e-14
109 2.90667e-07 0.866025
110 2.93333e-07 0.866025
111 2.96e-07 -1.26919e-13
112 2.98667e-07 -0.866025
113 3.01333e-07 -0.866025
114 3.04e-07 1.58771e-13
115 3.06667e-07 0.866025
116 3.09333e-07 0.866025
117 3.12e-07 -1.76412e-13
118 3.14667e-07 -0.866025
119 3.17333e-07 -0.866025
120 3.2e-07 2.08264e-13
121 3.22667e-07 0.866025
122 3.25333e-07 0.866025
123 3.28e-07 -2.40116e-13
124 3.30667e-07 -0.866025
125 3.33333e-07 -0.866025
126 3.36e-07 2.57757e-13
127 3.38667e-07 0.866025
128 3.41333e-07 0.866025
129 3.44e-07 -3.0382e-13
130 3.46667e-07 -0.866025
131 3.49333e-07 -0.866025
132 3.52e-07 3.21461e-13
133 3.54667e-07 0.866025
134 3.57333e-07 0.866025
135 3.6e-07 -3.39102e-13
136 3.62667e-07 -0.866025
137 3.65333e-07 -0.866025
138 3.68e-07 3.85165e-13
139 3.70667e-07 0.866025
140 3.73333e-07 0.866025
141 3.76e-07 -4.02806e-13
142 3.78667e-07 -0.866025
143 3.81333e-07 -0.866025
144 3.84e-07 4.20448e-13
145 3.86667e-07 0.866025
146 3.89333e-07 0.866025
147 3.92e-07 -4.6651e-13
148 3.94667e-07 -0.866025
149 3.97333e-07 -0.866025
150 4e-07 4.84151e-13
151 4.02667e-07 0.866025
152 4.05333e-07 0.866025
153 4.08e-07 -5.30214e-13
154 4.10667e-07 -0.866025
155 4.13333e-07 -0.866025
156 4.16e-07 5.47855e-13
157 4.18667e-07 0.866025
158 4.21333e-07 0.866025
159 4.24e-07 -5.65496e-13
160 4.26667e-07 -0.866025
161 4.29333e-07 -0.866025
162 4.32e-07 6.11559e-13
163 4.34667e-07 0.866025
164 4.37333e-07 0.866025
165 4.4e-07 -6.292e-13
166 4.42667e-07 -0.866025
167 4.45333e-07 -0.866025
168 4.48e-07 6.46842e-13
169 4.50667e-07 0.866025
170 4.53333e-07 0.866025
171 4.56e-07 -6.92904e-13
172 4.58667e-07 -0.866025
173 4.61333e-07 -0.866025
174 4.64e-07 7.10545e-13
175 4.66667e-07 0.866025
176 4.69333e-07 0.866025
177 4.72e-07 -7.56608e-13
178 4.74667e-07 -0.866025
179 4.77333e-07 -0.866025
180 4.8e-07 7.74249e-13
181 4.82667e-07 0.866025
182 4.85333e-07 0.866025
183 4.88e-07 -7.9189e-13
184 4.90667e-07 -0.866025
185 4.93333e-07 -0.866025
186 4.96e-07 8.37953e-13
187 4.98667e-07 0.866025
188 5.01333e-07 0.866025
189 5.04e-07 -8.55594e-13
190 5.06667e-07 -0.866025
191 5.09333e-07 -0.866025
192 5.12e-07 8.73236e-13
193 5.14667e-07 0.866025
194 5.17333e-07 0.866025
195 5.2e-07 -9.19298e-13
196 5.22667e-07 -0.866025
197 5.25333e-07 -0.866025
198 5.28e-07 9.36939e-13
199 5.30667e-07 0.866025
200 5.33333e-07 0.866025
201 5.36e-07 -9.54581e-13
202 5.38667e-07 -0.866025
203 5.41333e-07 -0.866025
204 5.44e-07 1.00064e-12
205 5.46667e-07 0.866025
206 5.49333e-07 0.866025
207 5.52e-07 -1.01828e-12
208 5.54667e-07 -0.866025
209 5.57333e-07 -0.866025
210 5.6e-07 1.06435e-12
211 5.62667e-07 0.866025
212 5.65333e-07 0.866025
213 5.68e-07 -1.08199e-12
214 5.70667e-07 -0.866025
215 5.73333e-07 -0.866025
216 5.76e-07 1.09963e-12
217 5.78667e-07 0.866025
218 5.81333e-07 0.866025
219 5.84e-07 -1.14569e-12
220 5.86667e-07 -0.866025
221 5.89333e-07 -0.866025
222 5.92e-07 1.16333e-12
223 5.94667e-07 0.866025
224 5.97333e-07 0.866025
225 6e-07 -1.18097e-12
226 6.02667e-07 -0.866025
227 6.05333e-07 -0.866025
228 6.08e-07 1.22704e-12
229 6.10667e-07 0.866025
230 6.13333e-07 0.866025
231 6.16e-07 -1.24468e-12
232 6.18667e-07 -0.866025
233 6.21333e-07 -0.866025
234 6.24e-07 1.29074e-12
235 6.26667e-07 0.866025
236 6.29333e-07 0.866025
237 6.32e-07 -1.30838e-12
238 6.34667e-07 -0.866025
239 6.37333e-07 -0.866025
240 6.4e-07 1.32602e-12
241 6.42667e-07 0.866025
242 6.45333e-07 0.866025
243 6.48e-07 -1.37209e-12
244 6.50667e-07 -0.866025
245 6.53333e-07 -0.866025
246 6.56e-07 1.38973e-12
247 6.58667e-07 0.866025
248 6.61333e-07 0.866025
249 6.64e-07 -1.43579e-12
250 6.66667e-07 -0.866025
251 6.69333e-07 -0.866025
