0 0 0
1 3.33333e-10 0.793353
2 6.66667e-10 -0.965926
3 1e-09 0.382683
4 1.33333e-09 0.5
5 1.66667e-09 -0.991445
6 2e-09 0.707107
7 2.33333e-09 0.130526
8 2.66667e-09 -0.866025
9 3e-09 0.92388
10 3.33333e-09 -0.258819
11 3.66667e-09 -0.608761
12 4e-09 1
13 4.33333e-09 -0.608761
14 4.66667e-09 -0.258819
15 5e-09 0.92388
16 5.33333e-09 -0.866025
17 5.66667e-09 0.130526
18 6e-09 0.707107
19 6.33333e-09 -0.991445
20 6.66667e-09 0.5
21 7e-09 0.382683
22 7.33333e-09 -0.965926
23 7.66667e-09 0.793353
24 8e-09 1.98454e-14
25 8.33333e-09 -0.793353
26 8.66667e-09 0.965926
27 9e-09 -0.382683
28 9.33333e-09 -0.5
29 9.66667e-09 0.991445
30 1e-08 -0.707107
31 1.03333e-08 -0.130526
32 1.06667e-08 0.866025
33 1.1e-08 -0.92388
34 1.13333e-08 0.258819
35 1.16667e-08 0.608761
36 1.2e-08 -1
37 1.23333e-08 0.608761
38 1.26667e-08 0.258819
39 1.3e-08 -0.92388
40 1.33333e-08 0.866025
41 1.36667e-08 -0.130526
42 1.4e-08 -0.707107
43 1.43333e-08 0.991445
44 1.46667e-08 -0.5
45 1.5e-08 -0.382683
46 1.53333e-08 0.965926
47 1.56667e-08 -0.793353
48 1.6e-08 -6.81125e-14
49 1.63333e-08 0.793353
50 1.66667e-08 -0.965926
51 1.7e-08 0.382683
52 1.73333e-08 0.5
53 1.76667e-08 -0.991445
54 1.8e-08 0.707107
55 1.83333e-08 0.130526
56 1.86667e-08 -0.866025
57 1.9e-08 0.92388
58 1.93333e-08 -0.258819
59 1.96667e-08 -0.608761
60 2e-08 1
61 2.03333e-08 -0.608761
62 2.06667e-08 -0.258819
63 2.1e-08 0.92388
64 2.13333e-08 -0.866025
65 2.16667e-08 0.130526
66 2.2e-08 0.707107
67 2.23333e-08 -0.991445
68 2.26667e-08 0.5
69 2.3e-08 0.382683
70 2.33333e-08 -0.965926
71 2.36667e-08 0.793353
72 2.4e-08 1.23485e-13
73 2.43333e-08 -0.793353
74 2.46667e-08 0.965926
75 2.5e-08 -0.382683
76 2.53333e-08 -0.5
77 2.56667e-08 0.991445
78 2.6e-08 -0.707107
79 2.63333e-08 -0.130526
80 2.66667e-08 0.866025
81 2.7e-08 -0.92388
82 2.73333e-08 0.258819
83 2.76667e-08 0.608761
84 2.8e-08 -1
85 2.83333e-08 0.608761
86 2.86667e-08 0.258819
87 2.9e-08 -0.92388
88 2.93333e-08 0.866025
89 2.96667e-08 -0.130526
90 3e-08 -0.707107
91 3.03333e-08 0.991445
92 3.06667e-08 -0.5
93 3.1e-08 -0.382683
94 3.13333e-08 0.965926
95 3.16667e-08 -0.793353
96 3.2e-08 -5.09599e-14
97 3.23333e-08 0.793353
98 3.26667e-08 -0.965926
99 3.3e-08 0.382683
100 3.33333e-08 0.5
101 3.36667e-08 -0.991445
102 3.4e-08 0.707107
103 3.43333e-08 0.130526
104 3.46667e-08 -0.866025
105 3.5e-08 0.92388
106 3.53333e-08 -0.258819
107 3.56667e-08 -0.608761
108 3.6e-08 1
109 3.63333e-08 -0.608761
110 3.66667e-08 -0.258819
111 3.7e-08 0.92388
112 3.73333e-08 -0.866025
113 3.76667e-08 0.130526
114 3.8e-08 0.707107
115 3.83333e-08 -0.991445
116 3.86667e-08 0.5
117 3.9e-08 0.382683
118 3.93333e-08 -0.965926
119 3.96667e-08 0.793353
120 4e-08 -4.47891e-13
121 4.03333e-08 -0.793353
122 4.06667e-08 0.965926
123 4.1e-08 -0.382683
124 4.13333e-08 -0.5
125 4.16667e-08 0.991445
126 4.2e-08 -0.707107
127 4.23333e-08 -0.130526
128 4.26667e-08 0.866025
129 4.3e-08 -0.92388
130 4.33333e-08 0.258819
131 4.36667e-08 0.608761
132 4.4e-08 -1
133 4.43333e-08 0.608761
134 4.46667e-08 0.258819
135 4.5e-08 -0.92388
136 4.53333e-08 0.866025
137 4.56667e-08 -0.130526
138 4.6e-08 -0.707107
139 4.63333e-08 0.991445
140 4.66667e-08 -0.5
141 4.7e-08 -0.382683
142 4.73333e-08 0.965926
143 4.76667e-08 -0.793353
144 4.8e-08 8.89898e-13
145 4.83333e-08 0.793353
146 4.86667e-08 -0.965926
147 4.9e-08 0.382683
148 4.93333e-08 0.5
149 4.96667e-08 -0.991445
150 5e-08 0.707107
151 5.03333e-08 0.130526
152 5.06667e-08 -0.866025
153 5.1e-08 0.92388
154 5.13333e-08 -0.258819
155 5.16667e-08 -0.608761
156 5.2e-08 1
157 5.23333e-08 -0.608761
158 5.26667e-08 -0.258819
159 5.3e-08 0.92388
160 5.33333e-08 -0.866025
161 5.36667e-08 0.130526
162 5.4e-08 0.707107
163 5.43333e-08 -0.991445
164 5.46667e-08 0.5
165 5.5e-08 0.382683
166 5.53333e-08 -0.965926
167 5.56667e-08 0.793353
168 5.6e-08 -1.38875e-12
169 5.63333e-08 -0.793353
170 5.66667e-08 0.965926
171 5.7e-08 -0.382683
172 5.73333e-08 -0.5
173 5.76667e-08 0.991445
174 5.8e-08 -0.707107
175 5.83333e-08 -0.130526
176 5.86667e-08 0.866025
177 5.9e-08 -0.92388
178 5.93333e-08 0.258819
179 5.96667e-08 0.608761
180 6e-08 -1
181 6.03333e-08 0.608761
182 6.06667e-08 0.258819
183 6.1e-08 -0.92388
184 6.13333e-08 0.866025
185 6.16667e-08 -0.130526
186 6.2e-08 -0.707107
187 6.23333e-08 0.991445
188 6.26667e-08 -0.5
189 6.3e-08 -0.382683
190 6.33333e-08 0.965926
191 6.36667e-08 -0.793353
192 6.4e-08 1.83076e-12
193 6.43333e-08 0.793353
194 6.46667e-08 -0.965926
195 6.5e-08 0.382683
196 6.53333e-08 0.5
197 6.56667e-08 -0.991445
198 6.6e-08 0.707107
199 6.63333e-08 0.130526
200 6.66667e-08 -0.866025
201 6.7e-08 0.92388
202 6.73333e-08 -0.258819
203 6.76667e-08 -0.608761
204 6.8e-08 1
205 6.83333e-08 -0.608761
206 6.86667e-08 -0.258819
207 6.9e-08 0.92388
208 6.93333e-08 -0.866025
209 6.96667e-08 0.130526
210 7e-08 0.707107
211 7.03333e-08 -0.991445
212 7.06667e-08 0.5
213 7.1e-08 0.382683
214 7.13333e-08 -0.965926
215 7.16667e-08 0.793353
216 7.2e-08 -2.32961e-12
217 7.23333e-08 -0.793353
218 7.26667e-08 0.965926
219 7.3e-08 -0.382683
220 7.33333e-08 -0.5
221 7.36667e-08 0.991445
222 7.4e-08 -0.707107
223 7.43333e-08 -0.130526
224 7.46667e-08 0.866025
225 7.5e-08 -0.92388
226 7.53333e-08 0.258819
227 7.56667e-08 0.608761
228 7.6e-08 -1
229 7.63333e-08 0.608761
230 7.66667e-08 0.258819
231 7.7e-08 -0.92388
232 7.73333e-08 0.866025
233 7.76667e-08 -0.130526
234 7.8e-08 -0.707107
235 7.83333e-08 0.991445
236 7.86667e-08 -0.5
237 7.9e-08 -0.382683
238 7.93333e-08 0.965926
239 7.96667e-08 -0.793353
240 8e-08 2.82846e-12
241 8.03333e-08 0.793353
242 8.06667e-08 -0.965926
243 8.1e-08 0.382683
244 8.13333e-08 0.5
245 8.16667e-08 -0.991445
246 8.2e-08 0.707107
247 8.23333e-08 0.130526
248 8.26667e-08 -0.866025
249 8.3e-08 0.92388
250 8.33333e-08 -0.258819
251 8.36667e-08 -0.608761
252 8.4e-08 1
253 8.43333e-08 -0.608761
254 8.46667e-08 -0.258819
255 8.5e-08 0.92388
256 8.53333e-08 -0.866025
257 8.56667e-08 0.130526
258 8.6e-08 0.707107
259 8.63333e-08 -0.991445
260 8.66667e-08 0.5
261 8.7e-08 0.382683
262 8.73333e-08 -0.965926
263 8.76667e-08 0.793353
264 8.8e-08 -3.32731e-12
265 8.83333e-08 -0.793353
266 8.86667e-08 0.965926
267 8.9e-08 -0.382683
268 8.93333e-08 -0.5
269 8.96667e-08 0.991445
270 9e-08 -0.707107
271 9.03333e-08 -0.130526
272 9.06667e-08 0.866025
273 9.1e-08 -0.92388
274 9.13333e-08 0.258819
275 9.16667e-08 0.608761
276 9.2e-08 -1
277 9.23333e-08 0.608761
278 9.26667e-08 0.258819
279 9.3e-08 -0.92388
280 9.33333e-08 0.866025
281 9.36667e-08 -0.130526
282 9.4e-08 -0.707107
283 9.43333e-08 0.991445
284 9.46667e-08 -0.5
285 9.5e-08 -0.382683
286 9.53333e-08 0.965926
287 9.56667e-08 -0.793353
288 9.6e-08 3.71247e-12
289 9.63333e-08 0.793353
290 9.66667e-08 -0.965926
291 9.7e-08 0.382683
292 9.73333e-08 0.5
293 9.76667e-08 -0.991445
294 9.8e-08 0.707107
295 9.83333e-08 0.130526
296 9.86667e-08 -0.866025
297 9.9e-08 0.92388
298 9.93333e-08 -0.258819
299 9.96667e-08 -0.608761
300 1e-07 1
301 1.00333e-07 -0.608761
302 1.00667e-07 -0.258819
303 1.01e-07 0.92388
304 1.01333e-07 -0.866025
305 1.01667e-07 0.130526
306 1.02e-07 0.707107
307 1.02333e-07 -0.991445
308 1.02667e-07 0.5
309 1.03e-07 0.382683
310 1.03333e-07 -0.965926
311 1.03667e-07 0.793353
312 1.04e-07 -4.21132e-12
313 1.04333e-07 -0.793353
314 1.04667e-07 0.965926
315 1.05e-07 -0.382683
316 1.05333e-07 -0.5
317 1.05667e-07 0.991445
318 1.06e-07 -0.707107
319 1.06333e-07 -0.130526
320 1.06667e-07 0.866025
321 1.07e-07 -0.92388
322 1.07333e-07 0.258819
323 1.07667e-07 0.608761
324 1.08e-07 -1
325 1.08333e-07 0.608761
326 1.08667e-07 0.258819
327 1.09e-07 -0.92388
328 1.09333e-07 0.866025
329 1.09667e-07 -0.130526
330 1.1e-07 -0.707107
331 1.10333e-07 0.991445
332 1.10667e-07 -0.5
333 1.11e-07 -0.382683
334 1.11333e-07 0.965926
335 1.11667e-07 -0.793353
336 1.12e-07 4.71017e-12
337 1.12333e-07 0.793353
338 1.12667e-07 -0.965926
339 1.13e-07 0.382683
340 1.13333e-07 0.5
341 1.13667e-07 -0.991445
342 1.14e-07 0.707107
343 1.14333e-07 0.130526
344 1.14667e-07 -0.866025
345 1.15e-07 0.92388
346 1.15333e-07 -0.258819
347 1.15667e-07 -0.608761
348 1.16e-07 1
349 1.16333e-07 -0.608761
350 1.16667e-07 -0.258819
351 1.17e-07 0.92388
352 1.17333e-07 -0.866025
353 1.17667e-07 0.130526
354 1.18e-07 0.707107
355 1.18333e-07 -0.991445
356 1.18667e-07 0.5
357 1.19e-07 0.382683
358 1.19333e-07 -0.965926
359 1.19667e-07 0.793353
360 1.2e-07 -4.98165e-12
361 1.20333e-07 -0.793353
362 1.20667e-07 0.965926
363 1.21e-07 -0.382683
364 1.21333e-07 -0.5
365 1.21667e-07 0.991445
366 1.22e-07 -0.707107
367 1.22333e-07 -0.130526
368 1.22667e-07 0.866025
369 1.23e-07 -0.92388
370 1.23333e-07 0.258819
371 1.23667e-07 0.608761
372 1.24e-07 -1
373 1.24333e-07 0.608761
374 1.24667e-07 0.258819
375 1.25e-07 -0.92388
376 1.25333e-07 0.866025
377 1.25667e-07 -0.130526
378 1.26e-07 -0.707107
379 1.26333e-07 0.991445
380 1.26667e-07 -0.5
381 1.27e-07 -0.382683
382 1.27333e-07 0.965926
383 1.27667e-07 -0.793353
384 1.28e-07 3.32045e-12
385 1.28333e-07 0.793353
386 1.28667e-07 -0.965926
387 1.29e-07 0.382683
388 1.29333e-07 0.5
389 1.29667e-07 -0.991445
390 1.3e-07 0.707107
391 1.30333e-07 0.130526
392 1.30667e-07 -0.866025
393 1.31e-07 0.92388
394 1.31333e-07 -0.258819
395 1.31667e-07 -0.608761
396 1.32e-07 1
397 1.32333e-07 -0.608761
398 1.32667e-07 -0.258819
399 1.33e-07 0.92388
400 1.33333e-07 -0.866025
401 1.33667e-07 0.130526
402 1.34e-07 0.707107
403 1.34333e-07 -0.991445
404 1.34667e-07 0.5
405 1.35e-07 0.382683
406 1.35333e-07 -0.965926
407 1.35667e-07 0.793353
408 1.36e-07 -1.65925e-12
409 1.36333e-07 -0.793353
410 1.36667e-07 0.965926
411 1.37e-07 -0.382683
412 1.37333e-07 -0.5
413 1.37667e-07 0.991445
414 1.38e-07 -0.707107
415 1.38333e-07 -0.130526
416 1.38667e-07 0.866025
417 1.39e-07 -0.92388
418 1.39333e-07 0.258819
419 1.39667e-07 0.608761
420 1.4e-07 -1
421 1.40333e-07 0.608761
422 1.40667e-07 0.258819
423 1.41e-07 -0.92388
424 1.41333e-07 0.866025
425 1.41667e-07 -0.130526
426 1.42e-07 -0.707107
427 1.42333e-07 0.991445
428 1.42667e-07 -0.5
429 1.43e-07 -0.382683
430 1.43333e-07 0.965926
431 1.43667e-07 -0.793353
432 1.44e-07 1.11741e-13
433 1.44333e-07 0.793353
434 1.44667e-07 -0.965926
435 1.45e-07 0.382683
436 1.45333e-07 0.5
437 1.45667e-07 -0.991445
438 1.46e-07 0.707107
439 1.46333e-07 0.130526
440 1.46667e-07 -0.866025
441 1.47e-07 0.92388
442 1.47333e-07 -0.258819
443 1.47667e-07 -0.608761
444 1.48e-07 1
445 1.48333e-07 -0.608761
446 1.48667e-07 -0.258819
447 1.49e-07 0.92388
448 1.49333e-07 -0.866025
449 1.49667e-07 0.130526
450 1.5e-07 0.707107
451 1.50333e-07 -0.991445
452 1.50667e-07 0.5
453 1.51e-07 0.382683
454 1.51333e-07 -0.965926
455 1.51667e-07 0.793353
456 1.52e-07 1.54946e-12
457 1.52333e-07 -0.793353
458 1.52667e-07 0.965926
459 1.53e-07 -0.382683
460 1.53333e-07 -0.5
461 1.53667e-07 0.991445
462 1.54e-07 -0.707107
463 1.54333e-07 -0.130526
464 1.54667e-07 0.866025
465 1.55e-07 -0.92388
466 1.55333e-07 0.258819
467 1.55667e-07 0.608761
468 1.56e-07 -1
469 1.56333e-07 0.608761
470 1.56667e-07 0.258819
471 1.57e-07 -0.92388
472 1.57333e-07 0.866025
473 1.57667e-07 -0.130526
474 1.58e-07 -0.707107
475 1.58333e-07 0.991445
476 1.58667e-07 -0.5
477 1.59e-07 -0.382683
478 1.59333e-07 0.965926
479 1.59667e-07 -0.793353
480 1.6e-07 -3.21066e-12
481 1.60333e-07 0.793353
482 1.60667e-07 -0.965926
483 1.61e-07 0.382683
484 1.61333e-07 0.5
485 1.61667e-07 -0.991445
486 1.62e-07 0.707107
487 1.62333e-07 0.130526
488 1.62667e-07 -0.866025
489 1.63e-07 0.92388
490 1.63333e-07 -0.258819
491 1.63667e-07 -0.608761
492 1.64e-07 1
493 1.64333e-07 -0.608761
494 1.64667e-07 -0.258819
495 1.65e-07 0.92388
496 1.65333e-07 -0.866025
497 1.65667e-07 0.130526
498 1.66e-07 0.707107
499 1.66333e-07 -0.991445
500 1.66667e-07 0.5
501 1.67e-07 0.382683
502 1.67333e-07 -0.965926
503 1.67667e-07 0.793353
504 1.68e-07 4.87186e-12
505 1.68333e-07 -0.793353
506 1.68667e-07 0.965926
507 1.69e-07 -0.382683
508 1.69333e-07 -0.5
509 1.69667e-07 0.991445
510 1.7e-07 -0.707107
511 1.70333e-07 -0.130526
512 1.70667e-07 0.866025
513 1.71e-07 -0.92388
514 1.71333e-07 0.258819
515 1.71667e-07 0.608761
516 1.72e-07 -1
517 1.72333e-07 0.608761
518 1.72667e-07 0.258819
519 1.73e-07 -0.92388
520 1.73333e-07 0.866025
521 1.73667e-07 -0.130526
522 1.74e-07 -0.707107
523 1.74333e-07 0.991445
524 1.74667e-07 -0.5
525 1.75e-07 -0.382683
526 1.75333e-07 0.965926
527 1.75667e-07 -0.793353
528 1.76e-07 -6.53306e-12
529 1.76333e-07 0.793353
530 1.76667e-07 -0.965926
531 1.77e-07 0.382683
532 1.77333e-07 0.5
533 1.77667e-07 -0.991445
534 1.78e-07 0.707107
535 1.78333e-07 0.130526
536 1.78667e-07 -0.866025
537 1.79e-07 0.92388
538 1.79333e-07 -0.258819
539 1.79667e-07 -0.608761
540 1.8e-07 1
541 1.80333e-07 -0.608761
542 1.80667e-07 -0.258819
543 1.81e-07 0.92388
544 1.81333e-07 -0.866025
545 1.81667e-07 0.130526
546 1.82e-07 0.707107
547 1.82333e-07 -0.991445
548 1.82667e-07 0.5
549 1.83e-07 0.382683
550 1.83333e-07 -0.965926
551 1.83667e-07 0.793353
552 1.84e-07 8.19425e-12
553 1.84333e-07 -0.793353
554 1.84667e-07 0.965926
555 1.85e-07 -0.382683
556 1.85333e-07 -0.5
557 1.85667e-07 0.991445
558 1.86e-07 -0.707107
559 1.86333e-07 -0.130526
560 1.86667e-07 0.866025
561 1.87e-07 -0.92388
562 1.87333e-07 0.258819
563 1.87667e-07 0.608761
564 1.88e-07 -1
565 1.88333e-07 0.608761
566 1.88667e-07 0.258819
567 1.89e-07 -0.92388
568 1.89333e-07 0.866025
569 1.89667e-07 -0.130526
570 1.9e-07 -0.707107
571 1.90333e-07 0.991445
572 1.90667e-07 -0.5
573 1.91e-07 -0.382683
574 1.91333e-07 0.965926
575 1.91667e-07 -0.793353
576 1.92e-07 -9.85545e-12
577 1.92333e-07 0.793353
578 1.92667e-07 -0.965926
579 1.93e-07 0.382683
580 1.93333e-07 0.5
581 1.93667e-07 -0.991445
582 1.94e-07 0.707107
583 1.94333e-07 0.130526
584 1.94667e-07 -0.866025
585 1.95e-07 0.92388
586 1.95333e-07 -0.258819
587 1.95667e-07 -0.608761
588 1.96e-07 1
589 1.96333e-07 -0.608761
590 1.96667e-07 -0.258819
591 1.97e-07 0.92388
592 1.97333e-07 -0.866025
593 1.97667e-07 0.130526
594 1.98e-07 0.707107
595 1.98333e-07 -0.991445
596 1.98667e-07 0.5
597 1.99e-07 0.382683
598 1.99333e-07 -0.965926
599 1.99667e-07 0.793353
600 2e-07 1.15167e-11
601 2.00333e-07 -0.793353
602 2.00667e-07 0.965926
603 2.01e-07 -0.382683
604 2.01333e-07 -0.5
605 2.01667e-07 0.991445
606 2.02e-07 -0.707107
607 2.02333e-07 -0.130526
608 2.02667e-07 0.866025
609 2.03e-07 -0.92388
610 2.03333e-07 0.258819
611 2.03667e-07 0.608761
612 2.04e-07 -1
613 2.04333e-07 0.608761
614 2.04667e-07 0.258819
615 2.05e-07 -0.92388
616 2.05333e-07 0.866025
617 2.05667e-07 -0.130526
618 2.06e-07 -0.707107
619 2.06333e-07 0.991445
620 2.06667e-07 -0.5
621 2.07e-07 -0.382683
622 2.07333e-07 0.965926
623 2.07667e-07 -0.793353
624 2.08e-07 -1.31779e-11
625 2.08333e-07 0.793353
626 2.08667e-07 -0.965926
627 2.09e-07 0.382683
628 2.09333e-07 0.5
629 2.09667e-07 -0.991445
630 2.1e-07 0.707107
631 2.10333e-07 0.130526
632 2.10667e-07 -0.866025
633 2.11e-07 0.92388
634 2.11333e-07 -0.258819
635 2.11667e-07 -0.608761
636 2.12e-07 1
637 2.12333e-07 -0.608761
638 2.12667e-07 -0.258819
639 2.13e-07 0.92388
640 2.13333e-07 -0.866025
641 2.13667e-07 0.130526
642 2.14e-07 0.707107
643 2.14333e-07 -0.991445
644 2.14667e-07 0.5
645 2.15e-07 0.382683
646 2.15333e-07 -0.965926
647 2.15667e-07 0.793353
648 2.16e-07 1.48391e-11
649 2.16333e-07 -0.793353
650 2.16667e-07 0.965926
651 2.17e-07 -0.382683
652 2.17333e-07 -0.5
653 2.17667e-07 0.991445
654 2.18e-07 -0.707107
655 2.18333e-07 -0.130526
656 2.18667e-07 0.866025
657 2.19e-07 -0.92388
658 2.19333e-07 0.258819
659 2.19667e-07 0.608761
660 2.2e-07 -1
661 2.20333e-07 0.608761
662 2.20667e-07 0.258819
663 2.21e-07 -0.92388
664 2.21333e-07 0.866025
665 2.21667e-07 -0.130526
666 2.22e-07 -0.707107
667 2.22333e-07 0.991445
668 2.22667e-07 -0.5
669 2.23e-07 -0.382683
670 2.23333e-07 0.965926
671 2.23667e-07 -0.793353
672 2.24e-07 -1.65003e-11
673 2.24333e-07 0.793353
674 2.24667e-07 -0.965926
675 2.25e-07 0.382683
676 2.25333e-07 0.5
677 2.25667e-07 -0.991445
678 2.26e-07 0.707107
679 2.26333e-07 0.130526
680 2.26667e-07 -0.866025
681 2.27e-07 0.92388
682 2.27333e-07 -0.258819
683 2.27667e-07 -0.608761
684 2.28e-07 1
685 2.28333e-07 -0.608761
686 2.28667e-07 -0.258819
687 2.29e-07 0.92388
688 2.29333e-07 -0.866025
689 2.29667e-07 0.130526
690 2.3e-07 0.707107
691 2.30333e-07 -0.991445
692 2.30667e-07 0.5
693 2.31e-07 0.382683
694 2.31333e-07 -0.965926
695 2.31667e-07 0.793353
696 2.32e-07 1.79341e-11
697 2.32333e-07 -0.793353
698 2.32667e-07 0.965926
699 2.33e-07 -0.382683
700 2.33333e-07 -0.5
701 2.33667e-07 0.991445
702 2.34e-07 -0.707107
703 2.34333e-07 -0.130526
704 2.34667e-07 0.866025
705 2.35e-07 -0.92388
706 2.35333e-07 0.258819
707 2.35667e-07 0.608761
708 2.36e-07 -1
709 2.36333e-07 0.608761
710 2.36667e-07 0.258819
711 2.37e-07 -0.92388
712 2.37333e-07 0.866025
713 2.37667e-07 -0.130526
714 2.38e-07 -0.707107
715 2.38333e-07 0.991445
716 2.38667e-07 -0.5
717 2.39e-07 -0.382683
718 2.39333e-07 0.965926
719 2.39667e-07 -0.793353
720 2.4e-07 -1.95953e-11
721 2.40333e-07 0.793353
722 2.40667e-07 -0.965926
723 2.41e-07 0.382683
724 2.41333e-07 0.5
725 2.41667e-07 -0.991445
726 2.42e-07 0.707107
727 2.42333e-07 0.130526
728 2.42667e-07 -0.866025
729 2.43e-07 0.92388
730 2.43333e-07 -0.258819
731 2.43667e-07 -0.608761
732 2.44e-07 1
733 2.44333e-07 -0.608761
734 2.44667e-07 -0.258819
735 2.45e-07 0.92388
736 2.45333e-07 -0.866025
737 2.45667e-07 0.130526
738 2.46e-07 0.707107
739 2.46333e-07 -0.991445
740 2.46667e-07 0.5
741 2.47e-07 0.382683
742 2.47333e-07 -0.965926
743 2.47667e-07 0.793353
744 2.48e-07 2.12565e-11
745 2.48333e-07 -0.793353
746 2.48667e-07 0.965926
747 2.49e-07 -0.382683
748 2.49333e-07 -0.5
749 2.49667e-07 0.991445
750 2.5e-07 -0.707107
751 2.50333e-07 -0.130526
752 2.50667e-07 0.866025
753 2.51e-07 -0.92388
754 2.51333e-07 0.258819
755 2.51667e-07 0.608761
756 2.52e-07 -1
757 2.52333e-07 0.608761
758 2.52667e-07 0.258819
759 2.53e-07 -0.92388
760 2.53333e-07 0.866025
761 2.53667e-07 -0.130526
762 2.54e-07 -0.707107
763 2.54333e-07 0.991445
764 2.54667e-07 -0.5
765 2.55e-07 -0.382683
766 2.55333e-07 0.965926
767 2.55667e-07 -0.793353
768 2.56e-07 -2.29177e-11
769 2.56333e-07 0.793353
770 2.56667e-07 -0.965926
771 2.57e-07 0.382683
772 2.57333e-07 0.5
773 2.57667e-07 -0.991445
774 2.58e-07 0.707107
775 2.58333e-07 0.130526
776 2.58667e-07 -0.866025
777 2.59e-07 0.92388
778 2.59333e-07 -0.258819
779 2.59667e-07 -0.608761
780 2.6e-07 1
781 2.60333e-07 -0.608761
782 2.60667e-07 -0.258819
783 2.61e-07 0.92388
784 2.61333e-07 -0.866025
785 2.61667e-07 0.130526
786 2.62e-07 0.707107
787 2.62333e-07 -0.991445
788 2.62667e-07 0.5
789 2.63e-07 0.382683
790 2.63333e-07 -0.965926
791 2.63667e-07 0.793353
792 2.64e-07 2.45789e-11
793 2.64333e-07 -0.793353
794 2.64667e-07 0.965926
795 2.65e-07 -0.382683
796 2.65333e-07 -0.5
797 2.65667e-07 0.991445
798 2.66e-07 -0.707107
799 2.66333e-07 -0.130526
800 2.66667e-07 0.866025
801 2.67e-07 -0.92388
802 2.67333e-07 0.258819
803 2.67667e-07 0.608761
804 2.68e-07 -1
805 2.68333e-07 0.608761
806 2.68667e-07 0.258819
807 2.69e-07 -0.92388
808 2.69333e-07 0.866025
809 2.69667e-07 -0.130526
810 2.7e-07 -0.707107
811 2.70333e-07 0.991445
812 2.70667e-07 -0.5
813 2.71e-07 -0.382683
814 2.71333e-07 0.965926
815 2.71667e-07 -0.793353
816 2.72e-07 -2.62401e-11
817 2.72333e-07 0.793353
818 2.72667e-07 -0.965926
819 2.73e-07 0.382683
820 2.73333e-07 0.5
821 2.73667e-07 -0.991445
822 2.74e-07 0.707107
823 2.74333e-07 0.130526
824 2.74667e-07 -0.866025
825 2.75e-07 0.92388
826 2.75333e-07 -0.258819
827 2.75667e-07 -0.608761
828 2.76e-07 1
829 2.76333e-07 -0.608761
830 2.76667e-07 -0.258819
831 2.77e-07 0.92388
832 2.77333e-07 -0.866025
833 2.77667e-07 0.130526
834 2.78e-07 0.707107
835 2.78333e-07 -0.991445
836 2.78667e-07 0.5
837 2.79e-07 0.382683
838 2.79333e-07 -0.965926
839 2.79667e-07 0.793353
840 2.8e-07 2.79013e-11
841 2.80333e-07 -0.793353
842 2.80667e-07 0.965926
843 2.81e-07 -0.382683
844 2.81333e-07 -0.5
845 2.81667e-07 0.991445
846 2.82e-07 -0.707107
847 2.82333e-07 -0.130526
848 2.82667e-07 0.866025
849 2.83e-07 -0.92388
850 2.83333e-07 0.258819
851 2.83667e-07 0.608761
852 2.84e-07 -1
853 2.84333e-07 0.608761
854 2.84667e-07 0.258819
855 2.85e-07 -0.92388
856 2.85333e-07 0.866025
857 2.85667e-07 -0.130526
858 2.86e-07 -0.707107
859 2.86333e-07 0.991445
860 2.86667e-07 -0.5
861 2.87e-07 -0.382683
862 2.87333e-07 0.965926
863 2.87667e-07 -0.793353
864 2.88e-07 -2.95625e-11
865 2.88333e-07 0.793353
866 2.88667e-07 -0.965926
867 2.89e-07 0.382683
868 2.89333e-07 0.5
869 2.89667e-07 -0.991445
870 2.9e-07 0.707107
871 2.90333e-07 0.130526
872 2.90667e-07 -0.866025
873 2.91e-07 0.92388
874 2.91333e-07 -0.258819
875 2.91667e-07 -0.608761
876 2.92e-07 1
877 2.92333e-07 -0.608761
878 2.92667e-07 -0.258819
879 2.93e-07 0.92388
880 2.93333e-07 -0.866025
881 2.93667e-07 0.130526
882 2.94e-07 0.707107
883 2.94333e-07 -0.991445
884 2.94667e-07 0.5
885 2.95e-07 0.382683
886 2.95333e-07 -0.965926
887 2.95667e-07 0.793353
888 2.96e-07 3.12237e-11
889 2.96333e-07 -0.793353
890 2.96667e-07 0.965926
891 2.97e-07 -0.382683
892 2.97333e-07 -0.5
893 2.97667e-07 0.991445
894 2.98e-07 -0.707107
895 2.98333e-07 -0.130526
896 2.98667e-07 0.866025
897 2.99e-07 -0.92388
898 2.99333e-07 0.258819
899 2.99667e-07 0.608761
900 3e-07 -1
901 3.00333e-07 0.608761
902 3.00667e-07 0.258819
903 3.01e-07 -0.92388
904 3.01333e-07 0.866025
905 3.01667e-07 -0.130526
906 3.02e-07 -0.707107
907 3.02333e-07 0.991445
908 3.02667e-07 -0.5
909 3.03e-07 -0.382683
910 3.03333e-07 0.965926
911 3.03667e-07 -0.793353
912 3.04e-07 -3.28849e-11
913 3.04333e-07 0.793353
914 3.04667e-07 -0.965926
915 3.05e-07 0.382683
916 3.05333e-07 0.5
917 3.05667e-07 -0.991445
918 3.06e-07 0.707107
919 3.06333e-07 0.130526
920 3.06667e-07 -0.866025
921 3.07e-07 0.92388
922 3.07333e-07 -0.258819
923 3.07667e-07 -0.608761
924 3.08e-07 1
925 3.08333e-07 -0.608761
926 3.08667e-07 -0.258819
927 3.09e-07 0.92388
928 3.09333e-07 -0.866025
929 3.09667e-07 0.130526
930 3.1e-07 0.707107
931 3.10333e-07 -0.991445
932 3.10667e-07 0.5
933 3.11e-07 0.382683
934 3.11333e-07 -0.965926
935 3.11667e-07 0.793353
936 3.12e-07 3.43187e-11
937 3.12333e-07 -0.793353
938 3.12667e-07 0.965926
939 3.13e-07 -0.382683
940 3.13333e-07 -0.5
941 3.13667e-07 0.991445
942 3.14e-07 -0.707107
943 3.14333e-07 -0.130526
944 3.14667e-07 0.866025
945 3.15e-07 -0.92388
946 3.15333e-07 0.258819
947 3.15667e-07 0.608761
948 3.16e-07 -1
949 3.16333e-07 0.608761
950 3.16667e-07 0.258819
951 3.17e-07 -0.92388
952 3.17333e-07 0.866025
953 3.17667e-07 -0.130526
954 3.18e-07 -0.707107
955 3.18333e-07 0.991445
956 3.18667e-07 -0.5
957 3.19e-07 -0.382683
958 3.19333e-07 0.965926
959 3.19667e-07 -0.793353
960 3.2e-07 -3.59799e-11
961 3.20333e-07 0.793353
962 3.20667e-07 -0.965926
963 3.21e-07 0.382683
964 3.21333e-07 0.5
965 3.21667e-07 -0.991445
966 3.22e-07 0.707107
967 3.22333e-07 0.130526
968 3.22667e-07 -0.866025
969 3.23e-07 0.92388
970 3.23333e-07 -0.258819
971 3.23667e-07 -0.608761
972 3.24e-07 1
973 3.24333e-07 -0.608761
974 3.24667e-07 -0.258819
975 3.25e-07 0.92388
976 3.25333e-07 -0.866025
977 3.25667e-07 0.130526
978 3.26e-07 0.707107
979 3.26333e-07 -0.991445
980 3.26667e-07 0.5
981 3.27e-07 0.382683
982 3.27333e-07 -0.965926
983 3.27667e-07 0.793353
984 3.28e-07 3.76411e-11
985 3.28333e-07 -0.793353
986 3.28667e-07 0.965926
987 3.29e-07 -0.382683
988 3.29333e-07 -0.5
989 3.29667e-07 0.991445
990 3.3e-07 -0.707107
991 3.30333e-07 -0.130526
992 3.30667e-07 0.866025
993 3.31e-07 -0.92388
994 3.31333e-07 0.258819
995 3.31667e-07 0.608761
996 3.32e-07 -1
997 3.32333e-07 0.608761
998 3.32667e-07 0.258819
999 3.33e-07 -0.92388
1000 3.33333e-07 0.866025
1001 3.33667e-07 -0.130526
1002 3.34e-07 -0.707107
1003 3.34333e-07 0.991445
1004 3.34667e-07 -0.5
1005 3.35e-07 -0.382683
1006 3.35333e-07 0.965926
1007 3.35667e-07 -0.793353
1008 3.36e-07 -3.93023e-11
1009 3.36333e-07 0.793353
1010 3.36667e-07 -0.965926
1011 3.37e-07 0.382683
1012 3.37333e-07 0.5
1013 3.37667e-07 -0.991445
1014 3.38e-07 0.707107
1015 3.38333e-07 0.130526
1016 3.38667e-07 -0.866025
1017 3.39e-07 0.92388
1018 3.39333e-07 -0.258819
1019 3.39667e-07 -0.608761
1020 3.4e-07 1
1021 3.40333e-07 -0.608761
1022 3.40667e-07 -0.258819
1023 3.41e-07 0.92388
1024 3.41333e-07 -0.866025
1025 3.41667e-07 0.130526
1026 3.42e-07 0.707107
1027 3.42333e-07 -0.991445
1028 3.42667e-07 0.5
1029 3.43e-07 0.382683
1030 3.43333e-07 -0.965926
1031 3.43667e-07 0.793353
1032 3.44e-07 4.09635e-11
1033 3.44333e-07 -0.793353
1034 3.44667e-07 0.965926
1035 3.45e-07 -0.382683
1036 3.45333e-07 -0.5
1037 3.45667e-07 0.991445
1038 3.46e-07 -0.707107
1039 3.46333e-07 -0.130526
1040 3.46667e-07 0.866025
1041 3.47e-07 -0.92388
1042 3.47333e-07 0.258819
1043 3.47667e-07 0.608761
1044 3.48e-07 -1
1045 3.48333e-07 0.608761
1046 3.48667e-07 0.258819
1047 3.49e-07 -0.92388
1048 3.49333e-07 0.866025
1049 3.49667e-07 -0.130526
1050 3.5e-07 -0.707107
1051 3.50333e-07 0.991445
1052 3.50667e-07 -0.5
1053 3.51e-07 -0.382683
1054 3.51333e-07 0.965926
1055 3.51667e-07 -0.793353
1056 3.52e-07 -4.26247e-11
1057 3.52333e-07 0.793353
1058 3.52667e-07 -0.965926
1059 3.53e-07 0.382683
1060 3.53333e-07 0.5
1061 3.53667e-07 -0.991445
1062 3.54e-07 0.707107
1063 3.54333e-07 0.130526
1064 3.54667e-07 -0.866025
1065 3.55e-07 0.92388
1066 3.55333e-07 -0.258819
1067 3.55667e-07 -0.608761
1068 3.56e-07 1
1069 3.56333e-07 -0.608761
1070 3.56667e-07 -0.258819
1071 3.57e-07 0.92388
1072 3.57333e-07 -0.866025
1073 3.57667e-07 0.130526
1074 3.58e-07 0.707107
1075 3.58333e-07 -0.991445
1076 3.58667e-07 0.5
1077 3.59e-07 0.382683
1078 3.59333e-07 -0.965926
1079 3.59667e-07 0.793353
1080 3.6e-07 4.42859e-11
1081 3.60333e-07 -0.793353
1082 3.60667e-07 0.965926
1083 3.61e-07 -0.382683
1084 3.61333e-07 -0.5
1085 3.61667e-07 0.991445
1086 3.62e-07 -0.707107
1087 3.62333e-07 -0.130526
1088 3.62667e-07 0.866025
1089 3.63e-07 -0.92388
1090 3.63333e-07 0.258819
1091 3.63667e-07 0.608761
1092 3.64e-07 -1
1093 3.64333e-07 0.608761
1094 3.64667e-07 0.258819
1095 3.65e-07 -0.92388
1096 3.65333e-07 0.866025
1097 3.65667e-07 -0.130526
1098 3.66e-07 -0.707107
1099 3.66333e-07 0.991445
1100 3.66667e-07 -0.5
1101 3.67e-07 -0.382683
1102 3.67333e-07 0.965926
1103 3.67667e-07 -0.793353
1104 3.68e-07 -4.59471e-11
1105 3.68333e-07 0.793353
1106 3.68667e-07 -0.965926
1107 3.69e-07 0.382683
1108 3.69333e-07 0.5
1109 3.69667e-07 -0.991445
1110 3.7e-07 0.707107
1111 3.70333e-07 0.130526
1112 3.70667e-07 -0.866025
1113 3.71e-07 0.92388
1114 3.71333e-07 -0.258819
1115 3.71667e-07 -0.608761
1116 3.72e-07 1
1117 3.72333e-07 -0.608761
1118 3.72667e-07 -0.258819
1119 3.73e-07 0.92388
1120 3.73333e-07 -0.866025
1121 3.73667e-07 0.130526
1122 3.74e-07 0.707107
1123 3.74333e-07 -0.991445
1124 3.74667e-07 0.5
1125 3.75e-07 0.382683
1126 3.75333e-07 -0.965926
1127 3.75667e-07 0.793353
1128 3.76e-07 4.76083e-11
1129 3.76333e-07 -0.793353
1130 3.76667e-07 0.965926
1131 3.77e-07 -0.382683
1132 3.77333e-07 -0.5
1133 3.77667e-07 0.991445
1134 3.78e-07 -0.707107
1135 3.78333e-07 -0.130526
1136 3.78667e-07 0.866025
1137 3.79e-07 -0.92388
1138 3.79333e-07 0.258819
1139 3.79667e-07 0.608761
1140 3.8e-07 -1
1141 3.80333e-07 0.608761
1142 3.80667e-07 0.258819
1143 3.81e-07 -0.92388
1144 3.81333e-07 0.866025
1145 3.81667e-07 -0.130526
1146 3.82e-07 -0.707107
1147 3.82333e-07 0.991445
1148 3.82667e-07 -0.5
1149 3.83e-07 -0.382683
1150 3.83333e-07 0.965926
1151 3.83667e-07 -0.793353
1152 3.84e-07 -4.92695e-11
1153 3.84333e-07 0.793353
1154 3.84667e-07 -0.965926
1155 3.85e-07 0.382683
1156 3.85333e-07 0.5
1157 3.85667e-07 -0.991445
1158 3.86e-07 0.707107
1159 3.86333e-07 0.130526
1160 3.86667e-07 -0.866025
1161 3.87e-07 0.92388
1162 3.87333e-07 -0.258819
1163 3.87667e-07 -0.608761
1164 3.88e-07 1
1165 3.88333e-07 -0.608761
1166 3.88667e-07 -0.258819
1167 3.89e-07 0.92388
1168 3.89333e-07 -0.866025
1169 3.89667e-07 0.130526
1170 3.9e-07 0.707107
1171 3.90333e-07 -0.991445
1172 3.90667e-07 0.5
1173 3.91e-07 0.382683
1174 3.91333e-07 -0.965926
1175 3.91667e-07 0.793353
1176 3.92e-07 5.09307e-11
1177 3.92333e-07 -0.793353
1178 3.92667e-07 0.965926
1179 3.93e-07 -0.382683
1180 3.93333e-07 -0.5
1181 3.93667e-07 0.991445
1182 3.94e-07 -0.707107
1183 3.94333e-07 -0.130526
1184 3.94667e-07 0.866025
1185 3.95e-07 -0.92388
1186 3.95333e-07 0.258819
1187 3.95667e-07 0.608761
1188 3.96e-07 -1
1189 3.96333e-07 0.608761
1190 3.96667e-07 0.258819
1191 3.97e-07 -0.92388
1192 3.97333e-07 0.866025
1193 3.97667e-07 -0.130526
1194 3.98e-07 -0.707107
1195 3.98333e-07 0.991445
1196 3.98667e-07 -0.5
1197 3.99e-07 -0.382683
1198 3.99333e-07 0.965926
1199 3.99667e-07 -0.793353
1200 4e-07 -5.25919e-11
1201 4.00333e-07 0.793353
1202 4.00667e-07 -0.965926
1203 4.01e-07 0.382683
1204 4.01333e-07 0.5
1205 4.01667e-07 -0.991445
1206 4.02e-07 0.707107
1207 4.02333e-07 0.130526
1208 4.02667e-07 -0.866025
1209 4.03e-07 0.92388
1210 4.03333e-07 -0.258819
1211 4.03667e-07 -0.608761
1212 4.04e-07 1
1213 4.04333e-07 -0.608761
1214 4.04667e-07 -0.258819
1215 4.05e-07 0.92388
1216 4.05333e-07 -0.866025
1217 4.05667e-07 0.130526
1218 4.06e-07 0.707107
1219 4.06333e-07 -0.991445
1220 4.06667e-07 0.5
1221 4.07e-07 0.382683
1222 4.07333e-07 -0.965926
1223 4.07667e-07 0.793353
1224 4.08e-07 5.42531e-11
1225 4.08333e-07 -0.793353
1226 4.08667e-07 0.965926
1227 4.09e-07 -0.382683
1228 4.09333e-07 -0.5
1229 4.09667e-07 0.991445
1230 4.1e-07 -0.707107
1231 4.10333e-07 -0.130526
1232 4.10667e-07 0.866025
1233 4.11e-07 -0.92388
1234 4.11333e-07 0.258819
1235 4.11667e-07 0.608761
1236 4.12e-07 -1
1237 4.12333e-07 0.608761
1238 4.12667e-07 0.258819
1239 4.13e-07 -0.92388
1240 4.13333e-07 0.866025
1241 4.13667e-07 -0.130526
1242 4.14e-07 -0.707107
1243 4.14333e-07 0.991445
1244 4.14667e-07 -0.5
1245 4.15e-07 -0.382683
1246 4.15333e-07 0.965926
1247 4.15667e-07 -0.793353
1248 4.16e-07 -5.59143e-11
1249 4.16333e-07 0.793353
1250 4.16667e-07 -0.965926
1251 4.17e-07 0.382683
1252 4.17333e-07 0.5
1253 4.17667e-07 -0.991445
1254 4.18e-07 0.707107
1255 4.18333e-07 0.130526
1256 4.18667e-07 -0.866025
1257 4.19e-07 0.92388
1258 4.19333e-07 -0.258819
1259 4.19667e-07 -0.608761
1260 4.2e-07 1
1261 4.20333e-07 -0.608761
1262 4.20667e-07 -0.258819
1263 4.21e-07 0.92388
1264 4.21333e-07 -0.866025
1265 4.21667e-07 0.130526
1266 4.22e-07 0.707107
1267 4.22333e-07 -0.991445
1268 4.22667e-07 0.5
1269 4.23e-07 0.382683
1270 4.23333e-07 -0.965926
1271 4.23667e-07 0.793353
1272 4.24e-07 5.75755e-11
1273 4.24333e-07 -0.793353
1274 4.24667e-07 0.965926
1275 4.25e-07 -0.382683
1276 4.25333e-07 -0.5
1277 4.25667e-07 0.991445
1278 4.26e-07 -0.707107
1279 4.26333e-07 -0.130526
1280 4.26667e-07 0.866025
1281 4.27e-07 -0.92388
1282 4.27333e-07 0.258819
1283 4.27667e-07 0.608761
1284 4.28e-07 -1
1285 4.28333e-07 0.608761
1286 4.28667e-07 0.258819
1287 4.29e-07 -0.92388
1288 4.29333e-07 0.866025
1289 4.29667e-07 -0.130526
1290 4.3e-07 -0.707107
1291 4.30333e-07 0.991445
1292 4.30667e-07 -0.5
1293 4.31e-07 -0.382683
1294 4.31333e-07 0.965926
1295 4.31667e-07 -0.793353
1296 4.32e-07 -5.92367e-11
1297 4.32333e-07 0.793353
1298 4.32667e-07 -0.965926
1299 4.33e-07 0.382683
1300 4.33333e-07 0.5
1301 4.33667e-07 -0.991445
1302 4.34e-07 0.707107
1303 4.34333e-07 0.130526
1304 4.34667e-07 -0.866025
1305 4.35e-07 0.92388
1306 4.35333e-07 -0.258819
1307 4.35667e-07 -0.608761
1308 4.36e-07 1
1309 4.36333e-07 -0.608761
1310 4.36667e-07 -0.258819
1311 4.37e-07 0.92388
1312 4.37333e-07 -0.866025
1313 4.37667e-07 0.130526
1314 4.38e-07 0.707107
1315 4.38333e-07 -0.991445
1316 4.38667e-07 0.5
1317 4.39e-07 0.382683
1318 4.39333e-07 -0.965926
1319 4.39667e-07 0.793353
1320 4.4e-07 6.08979e-11
1321 4.40333e-07 -0.793353
1322 4.40667e-07 0.965926
1323 4.41e-07 -0.382683
1324 4.41333e-07 -0.5
1325 4.41667e-07 0.991445
1326 4.42e-07 -0.707107
1327 4.42333e-07 -0.130526
1328 4.42667e-07 0.866025
1329 4.43e-07 -0.92388
1330 4.43333e-07 0.258819
1331 4.43667e-07 0.608761
1332 4.44e-07 -1
1333 4.44333e-07 0.608761
1334 4.44667e-07 0.258819
1335 4.45e-07 -0.92388
1336 4.45333e-07 0.866025
1337 4.45667e-07 -0.130526
1338 4.46e-07 -0.707107
1339 4.46333e-07 0.991445
1340 4.46667e-07 -0.5
1341 4.47e-07 -0.382683
1342 4.47333e-07 0.965926
1343 4.47667e-07 -0.793353
1344 4.48e-07 -6.25591e-11
1345 4.48333e-07 0.793353
1346 4.48667e-07 -0.965926
1347 4.49e-07 0.382683
1348 4.49333e-07 0.5
1349 4.49667e-07 -0.991445
1350 4.5e-07 0.707107
1351 4.50333e-07 0.130526
1352 4.50667e-07 -0.866025
1353 4.51e-07 0.92388
1354 4.51333e-07 -0.258819
1355 4.51667e-07 -0.608761
1356 4.52e-07 1
1357 4.52333e-07 -0.608761
1358 4.52667e-07 -0.258819
1359 4.53e-07 0.92388
1360 4.53333e-07 -0.866025
1361 4.53667e-07 0.130526
1362 4.54e-07 0.707107
1363 4.54333e-07 -0.991445
1364 4.54667e-07 0.5
1365 4.55e-07 0.382683
1366 4.55333e-07 -0.965926
1367 4.55667e-07 0.793353
1368 4.56e-07 6.42203e-11
1369 4.56333e-07 -0.793353
1370 4.56667e-07 0.965926
1371 4.57e-07 -0.382683
1372 4.57333e-07 -0.5
1373 4.57667e-07 0.991445
1374 4.58e-07 -0.707107
1375 4.58333e-07 -0.130526
1376 4.58667e-07 0.866025
1377 4.59e-07 -0.92388
1378 4.59333e-07 0.258819
1379 4.59667e-07 0.608761
1380 4.6e-07 -1
1381 4.60333e-07 0.608761
1382 4.60667e-07 0.258819
1383 4.61e-07 -0.92388
1384 4.61333e-07 0.866025
1385 4.61667e-07 -0.130526
1386 4.62e-07 -0.707107
1387 4.62333e-07 0.991445
1388 4.62667e-07 -0.5
1389 4.63e-07 -0.382683
1390 4.63333e-07 0.965926
1391 4.63667e-07 -0.793353
1392 4.64e-07 -6.58815e-11
1393 4.64333e-07 0.793353
1394 4.64667e-07 -0.965926
1395 4.65e-07 0.382683
1396 4.65333e-07 0.5
1397 4.65667e-07 -0.991445
1398 4.66e-07 0.707107
1399 4.66333e-07 0.130526
1400 4.66667e-07 -0.866025
1401 4.67e-07 0.92388
1402 4.67333e-07 -0.258819
1403 4.67667e-07 -0.608761
1404 4.68e-07 1
1405 4.68333e-07 -0.608761
1406 4.68667e-07 -0.258819
1407 4.69e-07 0.92388
1408 4.69333e-07 -0.866025
1409 4.69667e-07 0.130526
1410 4.7e-07 0.707107
1411 4.70333e-07 -0.991445
1412 4.70667e-07 0.5
1413 4.71e-07 0.382683
1414 4.71333e-07 -0.965926
1415 4.71667e-07 0.793353
1416 4.72e-07 6.75427e-11
1417 4.72333e-07 -0.793353
1418 4.72667e-07 0.965926
1419 4.73e-07 -0.382683
1420 4.73333e-07 -0.5
1421 4.73667e-07 0.991445
1422 4.74e-07 -0.707107
1423 4.74333e-07 -0.130526
1424 4.74667e-07 0.866025
1425 4.75e-07 -0.92388
1426 4.75333e-07 0.258819
1427 4.75667e-07 0.608761
1428 4.76e-07 -1
1429 4.76333e-07 0.608761
1430 4.76667e-07 0.258819
1431 4.77e-07 -0.92388
1432 4.77333e-07 0.866025
1433 4.77667e-07 -0.130526
1434 4.78e-07 -0.707107
1435 4.78333e-07 0.991445
1436 4.78667e-07 -0.5
1437 4.79e-07 -0.382683
1438 4.79333e-07 0.965926
1439 4.79667e-07 -0.793353
1440 4.8e-07 -6.92039e-11
1441 4.80333e-07 0.793353
1442 4.80667e-07 -0.965926
1443 4.81e-07 0.382683
1444 4.81333e-07 0.5
1445 4.81667e-07 -0.991445
1446 4.82e-07 0.707107
1447 4.82333e-07 0.130526
1448 4.82667e-07 -0.866025
1449 4.83e-07 0.92388
1450 4.83333e-07 -0.258819
1451 4.83667e-07 -0.608761
1452 4.84e-07 1
1453 4.84333e-07 -0.608761
1454 4.84667e-07 -0.258819
1455 4.85e-07 0.92388
1456 4.85333e-07 -0.866025
1457 4.85667e-07 0.130526
1458 4.86e-07 0.707107
1459 4.86333e-07 -0.991445
1460 4.86667e-07 0.5
1461 4.87e-07 0.382683
1462 4.87333e-07 -0.965926
1463 4.87667e-07 0.793353
1464 4.88e-07 7.08651e-11
1465 4.88333e-07 -0.793353
1466 4.88667e-07 0.965926
1467 4.89e-07 -0.382683
1468 4.89333e-07 -0.5
1469 4.89667e-07 0.991445
1470 4.9e-07 -0.707107
1471 4.90333e-07 -0.130526
1472 4.90667e-07 0.866025
1473 4.91e-07 -0.92388
1474 4.91333e-07 0.258819
1475 4.91667e-07 0.608761
1476 4.92e-07 -1
1477 4.92333e-07 0.608761
1478 4.92667e-07 0.258819
1479 4.93e-07 -0.92388
1480 4.93333e-07 0.866025
1481 4.93667e-07 -0.130526
1482 4.94e-07 -0.707107
1483 4.94333e-07 0.991445
1484 4.94667e-07 -0.5
1485 4.95e-07 -0.382683
1486 4.95333e-07 0.965926
1487 4.95667e-07 -0.793353
1488 4.96e-07 -7.25263e-11
1489 4.96333e-07 0.793353
1490 4.96667e-07 -0.965926
1491 4.97e-07 0.382683
1492 4.97333e-07 0.5
1493 4.97667e-07 -0.991445
1494 4.98e-07 0.707107
1495 4.98333e-07 0.130526
1496 4.98667e-07 -0.866025
1497 4.99e-07 0.92388
1498 4.99333e-07 -0.258819
1499 4.99667e-07 -0.608761
1500 5e-07 1
1501 5.00333e-07 -0.608761
1502 5.00667e-07 -0.258819
1503 5.01e-07 0.92388
1504 5.01333e-07 -0.866025
1505 5.01667e-07 0.130526
1506 5.02e-07 0.707107
1507 5.02333e-07 -0.991445
1508 5.02667e-07 0.5
1509 5.03e-07 0.382683
1510 5.03333e-07 -0.965926
1511 5.03667e-07 0.793353
1512 5.04e-07 7.41875e-11
1513 5.04333e-07 -0.793353
1514 5.04667e-07 0.965926
1515 5.05e-07 -0.382683
1516 5.05333e-07 -0.5
1517 5.05667e-07 0.991445
1518 5.06e-07 -0.707107
1519 5.06333e-07 -0.130526
1520 5.06667e-07 0.866025
1521 5.07e-07 -0.92388
1522 5.07333e-07 0.258819
1523 5.07667e-07 0.608761
1524 5.08e-07 -1
1525 5.08333e-07 0.608761
1526 5.08667e-07 0.258819
1527 5.09e-07 -0.92388
1528 5.09333e-07 0.866025
1529 5.09667e-07 -0.130526
1530 5.1e-07 -0.707107
1531 5.10333e-07 0.991445
1532 5.10667e-07 -0.5
1533 5.11e-07 -0.382683
1534 5.11333e-07 0.965926
1535 5.11667e-07 -0.793353
1536 5.12e-07 -7.58487e-11
1537 5.12333e-07 0.793353
1538 5.12667e-07 -0.965926
1539 5.13e-07 0.382683
1540 5.13333e-07 0.5
1541 5.13667e-07 -0.991445
1542 5.14e-07 0.707107
1543 5.14333e-07 0.130526
1544 5.14667e-07 -0.866025
1545 5.15e-07 0.92388
1546 5.15333e-07 -0.258819
1547 5.15667e-07 -0.608761
1548 5.16e-07 1
1549 5.16333e-07 -0.608761
1550 5.16667e-07 -0.258819
1551 5.17e-07 0.92388
1552 5.17333e-07 -0.866025
1553 5.17667e-07 0.130526
1554 5.18e-07 0.707107
1555 5.18333e-07 -0.991445
1556 5.18667e-07 0.5
1557 5.19e-07 0.382683
1558 5.19333e-07 -0.965926
1559 5.19667e-07 0.793353
1560 5.2e-07 7.75099e-11
1561 5.20333e-07 -0.793353
1562 5.20667e-07 0.965926
1563 5.21e-07 -0.382683
1564 5.21333e-07 -0.5
1565 5.21667e-07 0.991445
1566 5.22e-07 -0.707107
1567 5.22333e-07 -0.130526
1568 5.22667e-07 0.866025
1569 5.23e-07 -0.92388
1570 5.23333e-07 0.258819
1571 5.23667e-07 0.608761
1572 5.24e-07 -1
1573 5.24333e-07 0.608761
1574 5.24667e-07 0.258819
1575 5.25e-07 -0.92388
1576 5.25333e-07 0.866025
1577 5.25667e-07 -0.130526
1578 5.26e-07 -0.707107
1579 5.26333e-07 0.991445
1580 5.26667e-07 -0.5
1581 5.27e-07 -0.382683
1582 5.27333e-07 0.965926
1583 5.27667e-07 -0.793353
1584 5.28e-07 -7.87163e-11
1585 5.28333e-07 0.793353
1586 5.28667e-07 -0.965926
1587 5.29e-07 0.382683
1588 5.29333e-07 0.5
1589 5.29667e-07 -0.991445
1590 5.3e-07 0.707107
1591 5.30333e-07 0.130526
1592 5.30667e-07 -0.866025
1593 5.31e-07 0.92388
1594 5.31333e-07 -0.258819
1595 5.31667e-07 -0.608761
1596 5.32e-07 1
1597 5.32333e-07 -0.608761
1598 5.32667e-07 -0.258819
1599 5.33e-07 0.92388
1600 5.33333e-07 -0.866025
1601 5.33667e-07 0.130526
1602 5.34e-07 0.707107
1603 5.34333e-07 -0.991445
1604 5.34667e-07 0.5
1605 5.35e-07 0.382683
1606 5.35333e-07 -0.965926
1607 5.35667e-07 0.793353
1608 5.36e-07 8.03775e-11
1609 5.36333e-07 -0.793353
1610 5.36667e-07 0.965926
1611 5.37e-07 -0.382683
1612 5.37333e-07 -0.5
1613 5.37667e-07 0.991445
1614 5.38e-07 -0.707107
1615 5.38333e-07 -0.130526
1616 5.38667e-07 0.866025
1617 5.39e-07 -0.92388
1618 5.39333e-07 0.258819
1619 5.39667e-07 0.608761
1620 5.4e-07 -1
1621 5.40333e-07 0.608761
1622 5.40667e-07 0.258819
1623 5.41e-07 -0.92388
1624 5.41333e-07 0.866025
1625 5.41667e-07 -0.130526
1626 5.42e-07 -0.707107
1627 5.42333e-07 0.991445
1628 5.42667e-07 -0.5
1629 5.43e-07 -0.382683
1630 5.43333e-07 0.965926
1631 5.43667e-07 -0.793353
1632 5.44e-07 -8.20387e-11
1633 5.44333e-07 0.793353
1634 5.44667e-07 -0.965926
1635 5.45e-07 0.382683
1636 5.45333e-07 0.5
1637 5.45667e-07 -0.991445
1638 5.46e-07 0.707107
1639 5.46333e-07 0.130526
1640 5.46667e-07 -0.866025
1641 5.47e-07 0.92388
1642 5.47333e-07 -0.258819
1643 5.47667e-07 -0.608761
1644 5.48e-07 1
1645 5.48333e-07 -0.608761
1646 5.48667e-07 -0.258819
1647 5.49e-07 0.92388
1648 5.49333e-07 -0.866025
1649 5.49667e-07 0.130526
1650 5.5e-07 0.707107
1651 5.50333e-07 -0.991445
1652 5.50667e-07 0.5
1653 5.51e-07 0.382683
1654 5.51333e-07 -0.965926
1655 5.51667e-07 0.793353
1656 5.52e-07 8.36999e-11
1657 5.52333e-07 -0.793353
1658 5.52667e-07 0.965926
1659 5.53e-07 -0.382683
1660 5.53333e-07 -0.5
1661 5.53667e-07 0.991445
1662 5.54e-07 -0.707107
1663 5.54333e-07 -0.130526
1664 5.54667e-07 0.866025
1665 5.55e-07 -0.92388
1666 5.55333e-07 0.258819
1667 5.55667e-07 0.608761
1668 5.56e-07 -1
1669 5.56333e-07 0.608761
1670 5.56667e-07 0.258819
1671 5.57e-07 -0.92388
1672 5.57333e-07 0.866025
1673 5.57667e-07 -0.130526
1674 5.58e-07 -0.707107
1675 5.58333e-07 0.991445
1676 5.58667e-07 -0.5
1677 5.59e-07 -0.382683
1678 5.59333e-07 0.965926
1679 5.59667e-07 -0.793353
1680 5.6e-07 -8.53611e-11
1681 5.60333e-07 0.793353
1682 5.60667e-07 -0.965926
1683 5.61e-07 0.382683
1684 5.61333e-07 0.5
1685 5.61667e-07 -0.991445
1686 5.62e-07 0.707107
1687 5.62333e-07 0.130526
1688 5.62667e-07 -0.866025
1689 5.63e-07 0.92388
1690 5.63333e-07 -0.258819
1691 5.63667e-07 -0.608761
1692 5.64e-07 1
1693 5.64333e-07 -0.608761
1694 5.64667e-07 -0.258819
1695 5.65e-07 0.92388
1696 5.65333e-07 -0.866025
1697 5.65667e-07 0.130526
1698 5.66e-07 0.707107
1699 5.66333e-07 -0.991445
1700 5.66667e-07 0.5
1701 5.67e-07 0.382683
1702 5.67333e-07 -0.965926
1703 5.67667e-07 0.793353
1704 5.68e-07 8.70223e-11
1705 5.68333e-07 -0.793353
1706 5.68667e-07 0.965926
1707 5.69e-07 -0.382683
1708 5.69333e-07 -0.5
1709 5.69667e-07 0.991445
1710 5.7e-07 -0.707107
1711 5.70333e-07 -0.130526
1712 5.70667e-07 0.866025
1713 5.71e-07 -0.92388
1714 5.71333e-07 0.258819
1715 5.71667e-07 0.608761
1716 5.72e-07 -1
1717 5.72333e-07 0.608761
1718 5.72667e-07 0.258819
1719 5.73e-07 -0.92388
1720 5.73333e-07 0.866025
1721 5.73667e-07 -0.130526
1722 5.74e-07 -0.707107
1723 5.74333e-07 0.991445
1724 5.74667e-07 -0.5
1725 5.75e-07 -0.382683
1726 5.75333e-07 0.965926
1727 5.75667e-07 -0.793353
1728 5.76e-07 -8.86835e-11
1729 5.76333e-07 0.793353
1730 5.76667e-07 -0.965926
1731 5.77e-07 0.382683
1732 5.77333e-07 0.5
1733 5.77667e-07 -0.991445
1734 5.78e-07 0.707107
1735 5.78333e-07 0.130526
1736 5.78667e-07 -0.866025
1737 5.79e-07 0.92388
1738 5.79333e-07 -0.258819
1739 5.79667e-07 -0.608761
1740 5.8e-07 1
1741 5.80333e-07 -0.608761
1742 5.80667e-07 -0.258819
1743 5.81e-07 0.92388
1744 5.81333e-07 -0.866025
1745 5.81667e-07 0.130526
1746 5.82e-07 0.707107
1747 5.82333e-07 -0.991445
1748 5.82667e-07 0.5
1749 5.83e-07 0.382683
1750 5.83333e-07 -0.965926
1751 5.83667e-07 0.793353
1752 5.84e-07 9.03447e-11
1753 5.84333e-07 -0.793353
1754 5.84667e-07 0.965926
1755 5.85e-07 -0.382683
1756 5.85333e-07 -0.5
1757 5.85667e-07 0.991445
1758 5.86e-07 -0.707107
1759 5.86333e-07 -0.130526
1760 5.86667e-07 0.866025
1761 5.87e-07 -0.92388
1762 5.87333e-07 0.258819
1763 5.87667e-07 0.608761
1764 5.88e-07 -1
1765 5.88333e-07 0.608761
1766 5.88667e-07 0.258819
1767 5.89e-07 -0.92388
1768 5.89333e-07 0.866025
1769 5.89667e-07 -0.130526
1770 5.9e-07 -0.707107
1771 5.90333e-07 0.991445
1772 5.90667e-07 -0.5
1773 5.91e-07 -0.382683
1774 5.91333e-07 0.965926
1775 5.91667e-07 -0.793353
1776 5.92e-07 -9.20059e-11
1777 5.92333e-07 0.793353
1778 5.92667e-07 -0.965926
1779 5.93e-07 0.382683
1780 5.93333e-07 0.5
1781 5.93667e-07 -0.991445
1782 5.94e-07 0.707107
1783 5.94333e-07 0.130526
1784 5.94667e-07 -0.866025
1785 5.95e-07 0.92388
1786 5.95333e-07 -0.258819
1787 5.95667e-07 -0.608761
1788 5.96e-07 1
1789 5.96333e-07 -0.608761
1790 5.96667e-07 -0.258819
1791 5.97e-07 0.92388
1792 5.97333e-07 -0.866025
1793 5.97667e-07 0.130526
1794 5.98e-07 0.707107
1795 5.98333e-07 -0.991445
1796 5.98667e-07 0.5
1797 5.99e-07 0.382683
1798 5.99333e-07 -0.965926
1799 5.99667e-07 0.793353
1800 6e-07 9.36671e-11
1801 6.00333e-07 -0.793353
1802 6.00667e-07 0.965926
1803 6.01e-07 -0.382683
1804 6.01333e-07 -0.5
1805 6.01667e-07 0.991445
1806 6.02e-07 -0.707107
1807 6.02333e-07 -0.130526
1808 6.02667e-07 0.866025
1809 6.03e-07 -0.92388
1810 6.03333e-07 0.258819
1811 6.03667e-07 0.608761
1812 6.04e-07 -1
1813 6.04333e-07 0.608761
1814 6.04667e-07 0.258819
1815 6.05e-07 -0.92388
1816 6.05333e-07 0.866025
1817 6.05667e-07 -0.130526
1818 6.06e-07 -0.707107
1819 6.06333e-07 0.991445
1820 6.06667e-07 -0.5
1821 6.07e-07 -0.382683
1822 6.07333e-07 0.965926
1823 6.07667e-07 -0.793353
1824 6.08e-07 -9.53283e-11
1825 6.08333e-07 0.793353
1826 6.08667e-07 -0.965926
1827 6.09e-07 0.382683
1828 6.09333e-07 0.5
1829 6.09667e-07 -0.991445
1830 6.1e-07 0.707107
1831 6.10333e-07 0.130526
1832 6.10667e-07 -0.866025
1833 6.11e-07 0.92388
1834 6.11333e-07 -0.258819
1835 6.11667e-07 -0.608761
1836 6.12e-07 1
1837 6.12333e-07 -0.608761
1838 6.12667e-07 -0.258819
1839 6.13e-07 0.92388
1840 6.13333e-07 -0.866025
1841 6.13667e-07 0.130526
1842 6.14e-07 0.707107
1843 6.14333e-07 -0.991445
1844 6.14667e-07 0.5
1845 6.15e-07 0.382683
1846 6.15333e-07 -0.965926
1847 6.15667e-07 0.793353
1848 6.16e-07 9.69895e-11
1849 6.16333e-07 -0.793353
1850 6.16667e-07 0.965926
1851 6.17e-07 -0.382683
1852 6.17333e-07 -0.5
1853 6.17667e-07 0.991445
1854 6.18e-07 -0.707107
1855 6.18333e-07 -0.130526
1856 6.18667e-07 0.866025
1857 6.19e-07 -0.92388
1858 6.19333e-07 0.258819
1859 6.19667e-07 0.608761
1860 6.2e-07 -1
1861 6.20333e-07 0.608761
1862 6.20667e-07 0.258819
1863 6.21e-07 -0.92388
1864 6.21333e-07 0.866025
1865 6.21667e-07 -0.130526
1866 6.22e-07 -0.707107
1867 6.22333e-07 0.991445
1868 6.22667e-07 -0.5
1869 6.23e-07 -0.382683
1870 6.23333e-07 0.965926
1871 6.23667e-07 -0.793353
1872 6.24e-07 -9.86507e-11
1873 6.24333e-07 0.793353
1874 6.24667e-07 -0.965926
1875 6.25e-07 0.382683
1876 6.25333e-07 0.5
1877 6.25667e-07 -0.991445
1878 6.26e-07 0.707107
1879 6.26333e-07 0.130526
1880 6.26667e-07 -0.866025
1881 6.27e-07 0.92388
1882 6.27333e-07 -0.258819
1883 6.27667e-07 -0.608761
1884 6.28e-07 1
1885 6.28333e-07 -0.608761
1886 6.28667e-07 -0.258819
1887 6.29e-07 0.92388
1888 6.29333e-07 -0.866025
1889 6.29667e-07 0.130526
1890 6.3e-07 0.707107
1891 6.30333e-07 -0.991445
1892 6.30667e-07 0.5
1893 6.31e-07 0.382683
1894 6.31333e-07 -0.965926
1895 6.31667e-07 0.793353
1896 6.32e-07 1.00312e-10
1897 6.32333e-07 -0.793353
1898 6.32667e-07 0.965926
1899 6.33e-07 -0.382683
1900 6.33333e-07 -0.5
1901 6.33667e-07 0.991445
1902 6.34e-07 -0.707107
1903 6.34333e-07 -0.130526
1904 6.34667e-07 0.866025
1905 6.35e-07 -0.92388
1906 6.35333e-07 0.258819
1907 6.35667e-07 0.608761
1908 6.36e-07 -1
1909 6.36333e-07 0.608761
1910 6.36667e-07 0.258819
1911 6.37e-07 -0.92388
1912 6.37333e-07 0.866025
1913 6.37667e-07 -0.130526
1914 6.38e-07 -0.707107
1915 6.38333e-07 0.991445
1916 6.38667e-07 -0.5
1917 6.39e-07 -0.382683
1918 6.39333e-07 0.965926
1919 6.39667e-07 -0.793353
1920 6.4e-07 -1.01973e-10
1921 6.40333e-07 0.793353
1922 6.40667e-07 -0.965926
1923 6.41e-07 0.382683
1924 6.41333e-07 0.5
1925 6.41667e-07 -0.991445
1926 6.42e-07 0.707107
1927 6.42333e-07 0.130526
1928 6.42667e-07 -0.866025
1929 6.43e-07 0.92388
1930 6.43333e-07 -0.258819
1931 6.43667e-07 -0.608761
1932 6.44e-07 1
1933 6.44333e-07 -0.608761
1934 6.44667e-07 -0.258819
1935 6.45e-07 0.92388
1936 6.45333e-07 -0.866025
1937 6.45667e-07 0.130526
1938 6.46e-07 0.707107
1939 6.46333e-07 -0.991445
1940 6.46667e-07 0.5
1941 6.47e-07 0.382683
1942 6.47333e-07 -0.965926
1943 6.47667e-07 0.793353
1944 6.48e-07 1.03634e-10
1945 6.48333e-07 -0.793353
1946 6.48667e-07 0.965926
1947 6.49e-07 -0.382683
1948 6.49333e-07 -0.5
1949 6.49667e-07 0.991445
1950 6.5e-07 -0.707107
1951 6.50333e-07 -0.130526
1952 6.50667e-07 0.866025
1953 6.51e-07 -0.92388
1954 6.51333e-07 0.258819
1955 6.51667e-07 0.608761
1956 6.52e-07 -1
1957 6.52333e-07 0.608761
1958 6.52667e-07 0.258819
1959 6.53e-07 -0.92388
1960 6.53333e-07 0.866025
1961 6.53667e-07 -0.130526
1962 6.54e-07 -0.707107
1963 6.54333e-07 0.991445
1964 6.54667e-07 -0.5
1965 6.55e-07 -0.382683
1966 6.55333e-07 0.965926
1967 6.55667e-07 -0.793353
1968 6.56e-07 -1.05296e-10
1969 6.56333e-07 0.793353
1970 6.56667e-07 -0.965926
1971 6.57e-07 0.382683
1972 6.57333e-07 0.5
1973 6.57667e-07 -0.991445
1974 6.58e-07 0.707107
1975 6.58333e-07 0.130526
1976 6.58667e-07 -0.866025
1977 6.59e-07 0.92388
1978 6.59333e-07 -0.258819
1979 6.59667e-07 -0.608761
1980 6.6e-07 1
1981 6.60333e-07 -0.608761
1982 6.60667e-07 -0.258819
1983 6.61e-07 0.92388
1984 6.61333e-07 -0.866025
1985 6.61667e-07 0.130526
1986 6.62e-07 0.707107
1987 6.62333e-07 -0.991445
1988 6.62667e-07 0.5
1989 6.63e-07 0.382683
1990 6.63333e-07 -0.965926
1991 6.63667e-07 0.793353
1992 6.64e-07 1.06957e-10
1993 6.64333e-07 -0.793353
1994 6.64667e-07 0.965926
1995 6.65e-07 -0.382683
1996 6.65333e-07 -0.5
1997 6.65667e-07 0.991445
1998 6.66e-07 -0.707107
1999 6.66333e-07 -0.130526
2000 6.66667e-07 0.866025
2001 6.67e-07 -0.92388
2002 6.67333e-07 0.258819
2003 6.67667e-07 0.608761
2004 6.68e-07 -1
2005 6.68333e-07 0.608761
2006 6.68667e-07 0.258819
2007 6.69e-07 -0.92388
2008 6.69333e-07 0.866025
2009 6.69667e-07 -0.130526
2010 6.7e-07 -0.707107
2011 6.70333e-07 0.991445
2012 6.70667e-07 -0.5
2013 6.71e-07 -0.382683
2014 6.71333e-07 0.965926
2015 6.71667e-07 -0.793353
