0 0 0
1 3.33333e-10 0.997859
2 6.66667e-10 0.130526
3 1e-09 -0.980785
4 1.33333e-09 -0.258819
5 1.66667e-09 0.94693
6 2e-09 0.382683
7 2.33333e-09 -0.896873
8 2.66667e-09 -0.5
9 3e-09 0.83147
10 3.33333e-09 0.608761
11 3.66667e-09 -0.75184
12 4e-09 -0.707107
13 4.33333e-09 0.659346
14 4.66667e-09 0.793353
15 5e-09 -0.55557
16 5.33333e-09 -0.866025
17 5.66667e-09 0.442289
18 6e-09 0.92388
19 6.33333e-09 -0.321439
20 6.66667e-09 -0.965926
21 7e-09 0.19509
22 7.33333e-09 0.991445
23 7.66667e-09 -0.0654031
24 8e-09 -1
25 8.33333e-09 -0.0654031
26 8.66667e-09 0.991445
27 9e-09 0.19509
28 9.33333e-09 -0.965926
29 9.66667e-09 -0.321439
30 1e-08 0.92388
31 1.03333e-08 0.442289
32 1.06667e-08 -0.866025
33 1.1e-08 -0.55557
34 1.13333e-08 0.793353
35 1.16667e-08 0.659346
36 1.2e-08 -0.707107
37 1.23333e-08 -0.75184
38 1.26667e-08 0.608761
39 1.3e-08 0.83147
40 1.33333e-08 -0.5
41 1.36667e-08 -0.896873
42 1.4e-08 0.382683
43 1.43333e-08 0.94693
44 1.46667e-08 -0.258819
45 1.5e-08 -0.980785
46 1.53333e-08 0.130526
47 1.56667e-08 0.997859
48 1.6e-08 3.4791e-14
49 1.63333e-08 -0.997859
50 1.66667e-08 -0.130526
51 1.7e-08 0.980785
52 1.73333e-08 0.258819
53 1.76667e-08 -0.94693
54 1.8e-08 -0.382683
55 1.83333e-08 0.896873
56 1.86667e-08 0.5
57 1.9e-08 -0.83147
58 1.93333e-08 -0.608761
59 1.96667e-08 0.75184
60 2e-08 0.707107
61 2.03333e-08 -0.659346
62 2.06667e-08 -0.793353
63 2.1e-08 0.55557
64 2.13333e-08 0.866025
65 2.16667e-08 -0.442289
66 2.2e-08 -0.92388
67 2.23333e-08 0.321439
68 2.26667e-08 0.965926
69 2.3e-08 -0.19509
70 2.33333e-08 -0.991445
71 2.36667e-08 0.0654031
72 2.4e-08 1
73 2.43333e-08 0.0654031
74 2.46667e-08 -0.991445
75 2.5e-08 -0.19509
76 2.53333e-08 0.965926
77 2.56667e-08 0.321439
78 2.6e-08 -0.92388
79 2.63333e-08 -0.442289
80 2.66667e-08 0.866025
81 2.7e-08 0.55557
82 2.73333e-08 -0.793353
83 2.76667e-08 -0.659346
84 2.8e-08 0.707107
85 2.83333e-08 0.75184
86 2.86667e-08 -0.608761
87 2.9e-08 -0.83147
88 2.93333e-08 0.5
89 2.96667e-08 0.896873
90 3e-08 -0.382683
91 3.03333e-08 -0.94693
92 3.06667e-08 0.258819
93 3.1e-08 0.980785
94 3.13333e-08 -0.130526
95 3.16667e-08 -0.997859
96 3.2e-08 -1.27386e-14
97 3.23333e-08 0.997859
98 3.26667e-08 0.130526
99 3.3e-08 -0.980785
100 3.33333e-08 -0.258819
101 3.36667e-08 0.94693
102 3.4e-08 0.382683
103 3.43333e-08 -0.896873
104 3.46667e-08 -0.5
105 3.5e-08 0.83147
106 3.53333e-08 0.608761
107 3.56667e-08 -0.75184
108 3.6e-08 -0.707107
109 3.63333e-08 0.659346
110 3.66667e-08 0.793353
111 3.7e-08 -0.55557
112 3.73333e-08 -0.866025
113 3.76667e-08 0.442289
114 3.8e-08 0.92388
115 3.83333e-08 -0.321439
116 3.86667e-08 -0.965926
117 3.9e-08 0.19509
118 3.93333e-08 0.991445
119 3.96667e-08 -0.0654031
120 4e-08 -1
121 4.03333e-08 -0.0654031
122 4.06667e-08 0.991445
123 4.1e-08 0.19509
124 4.13333e-08 -0.965926
125 4.16667e-08 -0.321439
126 4.2e-08 0.92388
127 4.23333e-08 0.442289
128 4.26667e-08 -0.866025
129 4.3e-08 -0.55557
130 4.33333e-08 0.793353
131 4.36667e-08 0.659346
132 4.4e-08 -0.707107
133 4.43333e-08 -0.75184
134 4.46667e-08 0.608761
135 4.5e-08 0.83147
136 4.53333e-08 -0.5
137 4.56667e-08 -0.896873
138 4.6e-08 0.382683
139 4.63333e-08 0.94693
140 4.66667e-08 -0.258819
141 4.7e-08 -0.980785
142 4.73333e-08 0.130526
143 4.76667e-08 0.997859
144 4.8e-08 -6.20381e-13
145 4.83333e-08 -0.997859
146 4.86667e-08 -0.130526
147 4.9e-08 0.980785
148 4.93333e-08 0.258819
149 4.96667e-08 -0.94693
150 5e-08 -0.382683
151 5.03333e-08 0.896873
152 5.06667e-08 0.5
153 5.1e-08 -0.83147
154 5.13333e-08 -0.608761
155 5.16667e-08 0.75184
156 5.2e-08 0.707107
157 5.23333e-08 -0.659346
158 5.26667e-08 -0.793353
159 5.3e-08 0.55557
160 5.33333e-08 0.866025
161 5.36667e-08 -0.442289
162 5.4e-08 -0.92388
163 5.43333e-08 0.321439
164 5.46667e-08 0.965926
165 5.5e-08 -0.19509
166 5.53333e-08 -0.991445
167 5.56667e-08 0.0654031
168 5.6e-08 1
169 5.63333e-08 0.0654031
170 5.66667e-08 -0.991445
171 5.7e-08 -0.19509
172 5.73333e-08 0.965926
173 5.76667e-08 0.321439
174 5.8e-08 -0.92388
175 5.83333e-08 -0.442289
176 5.86667e-08 0.866025
177 5.9e-08 0.55557
178 5.93333e-08 -0.793353
179 5.96667e-08 -0.659346
180 6e-08 0.707107
181 6.03333e-08 0.75184
182 6.06667e-08 -0.608761
183 6.1e-08 -0.83147
184 6.13333e-08 0.5
185 6.16667e-08 0.896873
186 6.2e-08 -0.382683
187 6.23333e-08 -0.94693
188 6.26667e-08 0.258819
189 6.3e-08 0.980785
190 6.33333e-08 -0.130526
191 6.36667e-08 -0.997859
192 6.4e-08 1.28192e-12
193 6.43333e-08 0.997859
194 6.46667e-08 0.130526
195 6.5e-08 -0.980785
196 6.53333e-08 -0.258819
197 6.56667e-08 0.94693
198 6.6e-08 0.382683
199 6.63333e-08 -0.896873
200 6.66667e-08 -0.5
201 6.7e-08 0.83147
202 6.73333e-08 0.608761
203 6.76667e-08 -0.75184
204 6.8e-08 -0.707107
205 6.83333e-08 0.659346
206 6.86667e-08 0.793353
207 6.9e-08 -0.55557
208 6.93333e-08 -0.866025
209 6.96667e-08 0.442289
210 7e-08 0.92388
211 7.03333e-08 -0.321439
212 7.06667e-08 -0.965926
213 7.1e-08 0.19509
214 7.13333e-08 0.991445
215 7.16667e-08 -0.0654031
216 7.2e-08 -1
217 7.23333e-08 -0.0654031
218 7.26667e-08 0.991445
219 7.3e-08 0.19509
220 7.33333e-08 -0.965926
221 7.36667e-08 -0.321439
222 7.4e-08 0.92388
223 7.43333e-08 0.442289
224 7.46667e-08 -0.866025
225 7.5e-08 -0.55557
226 7.53333e-08 0.793353
227 7.56667e-08 0.659346
228 7.6e-08 -0.707107
229 7.63333e-08 -0.75184
230 7.66667e-08 0.608761
231 7.7e-08 0.83147
232 7.73333e-08 -0.5
233 7.76667e-08 -0.896873
234 7.8e-08 0.382683
235 7.83333e-08 0.94693
236 7.86667e-08 -0.258819
237 7.9e-08 -0.980785
238 7.93333e-08 0.130526
239 7.96667e-08 0.997859
240 8e-08 -1.94346e-12
241 8.03333e-08 -0.997859
242 8.06667e-08 -0.130526
243 8.1e-08 0.980785
244 8.13333e-08 0.258819
245 8.16667e-08 -0.94693
246 8.2e-08 -0.382683
247 8.23333e-08 0.896873
248 8.26667e-08 0.5
249 8.3e-08 -0.83147
250 8.33333e-08 -0.608761
251 8.36667e-08 0.75184
252 8.4e-08 0.707107
253 8.43333e-08 -0.659346
254 8.46667e-08 -0.793353
255 8.5e-08 0.55557
256 8.53333e-08 0.866025
257 8.56667e-08 -0.442289
258 8.6e-08 -0.92388
259 8.63333e-08 0.321439
260 8.66667e-08 0.965926
261 8.7e-08 -0.19509
262 8.73333e-08 -0.991445
263 8.76667e-08 0.0654031
264 8.8e-08 1
265 8.83333e-08 0.0654031
266 8.86667e-08 -0.991445
267 8.9e-08 -0.19509
268 8.93333e-08 0.965926
269 8.96667e-08 0.321439
270 9e-08 -0.92388
271 9.03333e-08 -0.442289
272 9.06667e-08 0.866025
273 9.1e-08 0.55557
274 9.13333e-08 -0.793353
275 9.16667e-08 -0.659346
276 9.2e-08 0.707107
277 9.23333e-08 0.75184
278 9.26667e-08 -0.608761
279 9.3e-08 -0.83147
280 9.33333e-08 0.5
281 9.36667e-08 0.896873
282 9.4e-08 -0.382683
283 9.43333e-08 -0.94693
284 9.46667e-08 0.258819
285 9.5e-08 0.980785
286 9.53333e-08 -0.130526
287 9.56667e-08 -0.997859
288 9.6e-08 2.605e-12
289 9.63333e-08 0.997859
290 9.66667e-08 0.130526
291 9.7e-08 -0.980785
292 9.73333e-08 -0.258819
293 9.76667e-08 0.94693
294 9.8e-08 0.382683
295 9.83333e-08 -0.896873
296 9.86667e-08 -0.5
297 9.9e-08 0.83147
298 9.93333e-08 0.608761
299 9.96667e-08 -0.75184
300 1e-07 -0.707107
301 1.00333e-07 0.659346
302 1.00667e-07 0.793353
303 1.01e-07 -0.55557
304 1.01333e-07 -0.866025
305 1.01667e-07 0.442289
306 1.02e-07 0.92388
307 1.02333e-07 -0.321439
308 1.02667e-07 -0.965926
309 1.03e-07 0.19509
310 1.03333e-07 0.991445
311 1.03667e-07 -0.0654031
312 1.04e-07 -1
313 1.04333e-07 -0.0654031
314 1.04667e-07 0.991445
315 1.05e-07 0.19509
316 1.05333e-07 -0.965926
317 1.05667e-07 -0.321439
318 1.06e-07 0.92388
319 1.06333e-07 0.442289
320 1.06667e-07 -0.866025
321 1.07e-07 -0.55557
322 1.07333e-07 0.793353
323 1.07667e-07 0.659346
324 1.08e-07 -0.707107
325 1.08333e-07 -0.75184
326 1.08667e-07 0.608761
327 1.09e-07 0.83147
328 1.09333e-07 -0.5
329 1.09667e-07 -0.896873
330 1.1e-07 0.382683
331 1.10333e-07 0.94693
332 1.10667e-07 -0.258819
333 1.11e-07 -0.980785
334 1.11333e-07 0.130526
335 1.11667e-07 0.997859
336 1.12e-07 -3.2097e-12
337 1.12333e-07 -0.997859
338 1.12667e-07 -0.130526
339 1.13e-07 0.980785
340 1.13333e-07 0.258819
341 1.13667e-07 -0.94693
342 1.14e-07 -0.382683
343 1.14333e-07 0.896873
344 1.14667e-07 0.5
345 1.15e-07 -0.83147
346 1.15333e-07 -0.608761
347 1.15667e-07 0.75184
348 1.16e-07 0.707107
349 1.16333e-07 -0.659346
350 1.16667e-07 -0.793353
351 1.17e-07 0.55557
352 1.17333e-07 0.866025
353 1.17667e-07 -0.442289
354 1.18e-07 -0.92388
355 1.18333e-07 0.321439
356 1.18667e-07 0.965926
357 1.19e-07 -0.19509
358 1.19333e-07 -0.991445
359 1.19667e-07 0.0654031
360 1.2e-07 1
361 1.20333e-07 0.0654031
362 1.20667e-07 -0.991445
363 1.21e-07 -0.19509
364 1.21333e-07 0.965926
365 1.21667e-07 0.321439
366 1.22e-07 -0.92388
367 1.22333e-07 -0.442289
368 1.22667e-07 0.866025
369 1.23e-07 0.55557
370 1.23333e-07 -0.793353
371 1.23667e-07 -0.659346
372 1.24e-07 0.707107
373 1.24333e-07 0.75184
374 1.24667e-07 -0.608761
375 1.25e-07 -0.83147
376 1.25333e-07 0.5
377 1.25667e-07 0.896873
378 1.26e-07 -0.382683
379 1.26333e-07 -0.94693
380 1.26667e-07 0.258819
381 1.27e-07 0.980785
382 1.27333e-07 -0.130526
383 1.27667e-07 -0.997859
384 1.28e-07 2.33647e-12
385 1.28333e-07 0.997859
386 1.28667e-07 0.130526
387 1.29e-07 -0.980785
388 1.29333e-07 -0.258819
389 1.29667e-07 0.94693
390 1.3e-07 0.382683
391 1.30333e-07 -0.896873
392 1.30667e-07 -0.5
393 1.31e-07 0.83147
394 1.31333e-07 0.608761
395 1.31667e-07 -0.75184
396 1.32e-07 -0.707107
397 1.32333e-07 0.659346
398 1.32667e-07 0.793353
399 1.33e-07 -0.55557
400 1.33333e-07 -0.866025
401 1.33667e-07 0.442289
402 1.34e-07 0.92388
403 1.34333e-07 -0.321439
404 1.34667e-07 -0.965926
405 1.35e-07 0.19509
406 1.35333e-07 0.991445
407 1.35667e-07 -0.0654031
408 1.36e-07 -1
409 1.36333e-07 -0.0654031
410 1.36667e-07 0.991445
411 1.37e-07 0.19509
412 1.37333e-07 -0.965926
413 1.37667e-07 -0.321439
414 1.38e-07 0.92388
415 1.38333e-07 0.442289
416 1.38667e-07 -0.866025
417 1.39e-07 -0.55557
418 1.39333e-07 0.793353
419 1.39667e-07 0.659346
420 1.4e-07 -0.707107
421 1.40333e-07 -0.75184
422 1.40667e-07 0.608761
423 1.41e-07 0.83147
424 1.41333e-07 -0.5
425 1.41667e-07 -0.896873
426 1.42e-07 0.382683
427 1.42333e-07 0.94693
428 1.42667e-07 -0.258819
429 1.43e-07 -0.980785
430 1.43333e-07 0.130526
431 1.43667e-07 0.997859
432 1.44e-07 -1.55839e-13
433 1.44333e-07 -0.997859
434 1.44667e-07 -0.130526
435 1.45e-07 0.980785
436 1.45333e-07 0.258819
437 1.45667e-07 -0.94693
438 1.46e-07 -0.382683
439 1.46333e-07 0.896873
440 1.46667e-07 0.5
441 1.47e-07 -0.83147
442 1.47333e-07 -0.608761
443 1.47667e-07 0.75184
444 1.48e-07 0.707107
445 1.48333e-07 -0.659346
446 1.48667e-07 -0.793353
447 1.49e-07 0.55557
448 1.49333e-07 0.866025
449 1.49667e-07 -0.442289
450 1.5e-07 -0.92388
451 1.50333e-07 0.321439
452 1.50667e-07 0.965926
453 1.51e-07 -0.19509
454 1.51333e-07 -0.991445
455 1.51667e-07 0.0654031
456 1.52e-07 1
457 1.52333e-07 0.0654031
458 1.52667e-07 -0.991445
459 1.53e-07 -0.19509
460 1.53333e-07 0.965926
461 1.53667e-07 0.321439
462 1.54e-07 -0.92388
463 1.54333e-07 -0.442289
464 1.54667e-07 0.866025
465 1.55e-07 0.55557
466 1.55333e-07 -0.793353
467 1.55667e-07 -0.659346
468 1.56e-07 0.707107
469 1.56333e-07 0.75184
470 1.56667e-07 -0.608761
471 1.57e-07 -0.83147
472 1.57333e-07 0.5
473 1.57667e-07 0.896873
474 1.58e-07 -0.382683
475 1.58333e-07 -0.94693
476 1.58667e-07 0.258819
477 1.59e-07 0.980785
478 1.59333e-07 -0.130526
479 1.59667e-07 -0.997859
480 1.6e-07 -2.13848e-12
481 1.60333e-07 0.997859
482 1.60667e-07 0.130526
483 1.61e-07 -0.980785
484 1.61333e-07 -0.258819
485 1.61667e-07 0.94693
486 1.62e-07 0.382683
487 1.62333e-07 -0.896873
488 1.62667e-07 -0.5
489 1.63e-07 0.83147
490 1.63333e-07 0.608761
491 1.63667e-07 -0.75184
492 1.64e-07 -0.707107
493 1.64333e-07 0.659346
494 1.64667e-07 0.793353
495 1.65e-07 -0.55557
496 1.65333e-07 -0.866025
497 1.65667e-07 0.442289
498 1.66e-07 0.92388
499 1.66333e-07 -0.321439
500 1.66667e-07 -0.965926
501 1.67e-07 0.19509
502 1.67333e-07 0.991445
503 1.67667e-07 -0.0654031
504 1.68e-07 -1
505 1.68333e-07 -0.0654031
506 1.68667e-07 0.991445
507 1.69e-07 0.19509
508 1.69333e-07 -0.965926
509 1.69667e-07 -0.321439
510 1.7e-07 0.92388
511 1.70333e-07 0.442289
512 1.70667e-07 -0.866025
513 1.71e-07 -0.55557
514 1.71333e-07 0.793353
515 1.71667e-07 0.659346
516 1.72e-07 -0.707107
517 1.72333e-07 -0.75184
518 1.72667e-07 0.608761
519 1.73e-07 0.83147
520 1.73333e-07 -0.5
521 1.73667e-07 -0.896873
522 1.74e-07 0.382683
523 1.74333e-07 0.94693
524 1.74667e-07 -0.258819
525 1.75e-07 -0.980785
526 1.75333e-07 0.130526
527 1.75667e-07 0.997859
528 1.76e-07 4.31911e-12
529 1.76333e-07 -0.997859
530 1.76667e-07 -0.130526
531 1.77e-07 0.980785
532 1.77333e-07 0.258819
533 1.77667e-07 -0.94693
534 1.78e-07 -0.382683
535 1.78333e-07 0.896873
536 1.78667e-07 0.5
537 1.79e-07 -0.83147
538 1.79333e-07 -0.608761
539 1.79667e-07 0.75184
540 1.8e-07 0.707107
541 1.80333e-07 -0.659346
542 1.80667e-07 -0.793353
543 1.81e-07 0.55557
544 1.81333e-07 0.866025
545 1.81667e-07 -0.442289
546 1.82e-07 -0.92388
547 1.82333e-07 0.321439
548 1.82667e-07 0.965926
549 1.83e-07 -0.19509
550 1.83333e-07 -0.991445
551 1.83667e-07 0.0654031
552 1.84e-07 1
553 1.84333e-07 0.0654031
554 1.84667e-07 -0.991445
555 1.85e-07 -0.19509
556 1.85333e-07 0.965926
557 1.85667e-07 0.321439
558 1.86e-07 -0.92388
559 1.86333e-07 -0.442289
560 1.86667e-07 0.866025
561 1.87e-07 0.55557
562 1.87333e-07 -0.793353
563 1.87667e-07 -0.659346
564 1.88e-07 0.707107
565 1.88333e-07 0.75184
566 1.88667e-07 -0.608761
567 1.89e-07 -0.83147
568 1.89333e-07 0.5
569 1.89667e-07 0.896873
570 1.9e-07 -0.382683
571 1.90333e-07 -0.94693
572 1.90667e-07 0.258819
573 1.91e-07 0.980785
574 1.91333e-07 -0.130526
575 1.91667e-07 -0.997859
576 1.92e-07 -6.49974e-12
577 1.92333e-07 0.997859
578 1.92667e-07 0.130526
579 1.93e-07 -0.980785
580 1.93333e-07 -0.258819
581 1.93667e-07 0.94693
582 1.94e-07 0.382683
583 1.94333e-07 -0.896873
584 1.94667e-07 -0.5
585 1.95e-07 0.83147
586 1.95333e-07 0.608761
587 1.95667e-07 -0.75184
588 1.96e-07 -0.707107
589 1.96333e-07 0.659346
590 1.96667e-07 0.793353
591 1.97e-07 -0.55557
592 1.97333e-07 -0.866025
593 1.97667e-07 0.442289
594 1.98e-07 0.92388
595 1.98333e-07 -0.321439
596 1.98667e-07 -0.965926
597 1.99e-07 0.19509
598 1.99333e-07 0.991445
599 1.99667e-07 -0.0654031
600 2e-07 -1
601 2.00333e-07 -0.0654031
602 2.00667e-07 0.991445
603 2.01e-07 0.19509
604 2.01333e-07 -0.965926
605 2.01667e-07 -0.321439
606 2.02e-07 0.92388
607 2.02333e-07 0.442289
608 2.02667e-07 -0.866025
609 2.03e-07 -0.55557
610 2.03333e-07 0.793353
611 2.03667e-07 0.659346
612 2.04e-07 -0.707107
613 2.04333e-07 -0.75184
614 2.04667e-07 0.608761
615 2.05e-07 0.83147
616 2.05333e-07 -0.5
617 2.05667e-07 -0.896873
618 2.06e-07 0.382683
619 2.06333e-07 0.94693
620 2.06667e-07 -0.258819
621 2.07e-07 -0.980785
622 2.07333e-07 0.130526
623 2.07667e-07 0.997859
624 2.08e-07 8.79405e-12
625 2.08333e-07 -0.997859
626 2.08667e-07 -0.130526
627 2.09e-07 0.980785
628 2.09333e-07 0.258819
629 2.09667e-07 -0.94693
630 2.1e-07 -0.382683
631 2.10333e-07 0.896873
632 2.10667e-07 0.5
633 2.11e-07 -0.83147
634 2.11333e-07 -0.608761
635 2.11667e-07 0.75184
636 2.12e-07 0.707107
637 2.12333e-07 -0.659346
638 2.12667e-07 -0.793353
639 2.13e-07 0.55557
640 2.13333e-07 0.866025
641 2.13667e-07 -0.442289
642 2.14e-07 -0.92388
643 2.14333e-07 0.321439
644 2.14667e-07 0.965926
645 2.15e-07 -0.19509
646 2.15333e-07 -0.991445
647 2.15667e-07 0.0654031
648 2.16e-07 1
649 2.16333e-07 0.0654031
650 2.16667e-07 -0.991445
651 2.17e-07 -0.19509
652 2.17333e-07 0.965926
653 2.17667e-07 0.321439
654 2.18e-07 -0.92388
655 2.18333e-07 -0.442289
656 2.18667e-07 0.866025
657 2.19e-07 0.55557
658 2.19333e-07 -0.793353
659 2.19667e-07 -0.659346
660 2.2e-07 0.707107
661 2.20333e-07 0.75184
662 2.20667e-07 -0.608761
663 2.21e-07 -0.83147
664 2.21333e-07 0.5
665 2.21667e-07 0.896873
666 2.22e-07 -0.382683
667 2.22333e-07 -0.94693
668 2.22667e-07 0.258819
669 2.23e-07 0.980785
670 2.23333e-07 -0.130526
671 2.23667e-07 -0.997859
672 2.24e-07 -1.09747e-11
673 2.24333e-07 0.997859
674 2.24667e-07 0.130526
675 2.25e-07 -0.980785
676 2.25333e-07 -0.258819
677 2.25667e-07 0.94693
678 2.26e-07 0.382683
679 2.26333e-07 -0.896873
680 2.26667e-07 -0.5
681 2.27e-07 0.83147
682 2.27333e-07 0.608761
683 2.27667e-07 -0.75184
684 2.28e-07 -0.707107
685 2.28333e-07 0.659346
686 2.28667e-07 0.793353
687 2.29e-07 -0.55557
688 2.29333e-07 -0.866025
689 2.29667e-07 0.442289
690 2.3e-07 0.92388
691 2.30333e-07 -0.321439
692 2.30667e-07 -0.965926
693 2.31e-07 0.19509
694 2.31333e-07 0.991445
695 2.31667e-07 -0.0654031
696 2.32e-07 -1
697 2.32333e-07 -0.0654031
698 2.32667e-07 0.991445
699 2.33e-07 0.19509
700 2.33333e-07 -0.965926
701 2.33667e-07 -0.321439
702 2.34e-07 0.92388
703 2.34333e-07 0.442289
704 2.34667e-07 -0.866025
705 2.35e-07 -0.55557
706 2.35333e-07 0.793353
707 2.35667e-07 0.659346
708 2.36e-07 -0.707107
709 2.36333e-07 -0.75184
710 2.36667e-07 0.608761
711 2.37e-07 0.83147
712 2.37333e-07 -0.5
713 2.37667e-07 -0.896873
714 2.38e-07 0.382683
715 2.38333e-07 0.94693
716 2.38667e-07 -0.258819
717 2.39e-07 -0.980785
718 2.39333e-07 0.130526
719 2.39667e-07 0.997859
720 2.4e-07 1.31553e-11
721 2.40333e-07 -0.997859
722 2.40667e-07 -0.130526
723 2.41e-07 0.980785
724 2.41333e-07 0.258819
725 2.41667e-07 -0.94693
726 2.42e-07 -0.382683
727 2.42333e-07 0.896873
728 2.42667e-07 0.5
729 2.43e-07 -0.83147
730 2.43333e-07 -0.608761
731 2.43667e-07 0.75184
732 2.44e-07 0.707107
733 2.44333e-07 -0.659346
734 2.44667e-07 -0.793353
735 2.45e-07 0.55557
736 2.45333e-07 0.866025
737 2.45667e-07 -0.442289
738 2.46e-07 -0.92388
739 2.46333e-07 0.321439
740 2.46667e-07 0.965926
741 2.47e-07 -0.19509
742 2.47333e-07 -0.991445
743 2.47667e-07 0.0654031
744 2.48e-07 1
745 2.48333e-07 0.0654031
746 2.48667e-07 -0.991445
747 2.49e-07 -0.19509
748 2.49333e-07 0.965926
749 2.49667e-07 0.321439
750 2.5e-07 -0.92388
751 2.50333e-07 -0.442289
752 2.50667e-07 0.866025
753 2.51e-07 0.55557
754 2.51333e-07 -0.793353
755 2.51667e-07 -0.659346
756 2.52e-07 0.707107
757 2.52333e-07 0.75184
758 2.52667e-07 -0.608761
759 2.53e-07 -0.83147
760 2.53333e-07 0.5
761 2.53667e-07 0.896873
762 2.54e-07 -0.382683
763 2.54333e-07 -0.94693
764 2.54667e-07 0.258819
765 2.55e-07 0.980785
766 2.55333e-07 -0.130526
767 2.55667e-07 -0.997859
768 2.56e-07 -1.53359e-11
769 2.56333e-07 0.997859
770 2.56667e-07 0.130526
771 2.57e-07 -0.980785
772 2.57333e-07 -0.258819
773 2.57667e-07 0.94693
774 2.58e-07 0.382683
775 2.58333e-07 -0.896873
776 2.58667e-07 -0.5
777 2.59e-07 0.83147
778 2.59333e-07 0.608761
779 2.59667e-07 -0.75184
780 2.6e-07 -0.707107
781 2.60333e-07 0.659346
782 2.60667e-07 0.793353
783 2.61e-07 -0.55557
784 2.61333e-07 -0.866025
785 2.61667e-07 0.442289
786 2.62e-07 0.92388
787 2.62333e-07 -0.321439
788 2.62667e-07 -0.965926
789 2.63e-07 0.19509
790 2.63333e-07 0.991445
791 2.63667e-07 -0.0654031
792 2.64e-07 -1
793 2.64333e-07 -0.0654031
794 2.64667e-07 0.991445
795 2.65e-07 0.19509
796 2.65333e-07 -0.965926
797 2.65667e-07 -0.321439
798 2.66e-07 0.92388
799 2.66333e-07 0.442289
800 2.66667e-07 -0.866025
801 2.67e-07 -0.55557
802 2.67333e-07 0.793353
803 2.67667e-07 0.659346
804 2.68e-07 -0.707107
805 2.68333e-07 -0.75184
806 2.68667e-07 0.608761
807 2.69e-07 0.83147
808 2.69333e-07 -0.5
809 2.69667e-07 -0.896873
810 2.7e-07 0.382683
811 2.70333e-07 0.94693
812 2.70667e-07 -0.258819
813 2.71e-07 -0.980785
814 2.71333e-07 0.130526
815 2.71667e-07 0.997859
816 2.72e-07 1.77439e-11
817 2.72333e-07 -0.997859
818 2.72667e-07 -0.130526
819 2.73e-07 0.980785
820 2.73333e-07 0.258819
821 2.73667e-07 -0.94693
822 2.74e-07 -0.382683
823 2.74333e-07 0.896873
824 2.74667e-07 0.5
825 2.75e-07 -0.83147
826 2.75333e-07 -0.608761
827 2.75667e-07 0.75184
828 2.76e-07 0.707107
829 2.76333e-07 -0.659346
830 2.76667e-07 -0.793353
831 2.77e-07 0.55557
832 2.77333e-07 0.866025
833 2.77667e-07 -0.442289
834 2.78e-07 -0.92388
835 2.78333e-07 0.321439
836 2.78667e-07 0.965926
837 2.79e-07 -0.19509
838 2.79333e-07 -0.991445
839 2.79667e-07 0.0654031
840 2.8e-07 1
841 2.80333e-07 0.0654031
842 2.80667e-07 -0.991445
843 2.81e-07 -0.19509
844 2.81333e-07 0.965926
845 2.81667e-07 0.321439
846 2.82e-07 -0.92388
847 2.82333e-07 -0.442289
848 2.82667e-07 0.866025
849 2.83e-07 0.55557
850 2.83333e-07 -0.793353
851 2.83667e-07 -0.659346
852 2.84e-07 0.707107
853 2.84333e-07 0.75184
854 2.84667e-07 -0.608761
855 2.85e-07 -0.83147
856 2.85333e-07 0.5
857 2.85667e-07 0.896873
858 2.86e-07 -0.382683
859 2.86333e-07 -0.94693
860 2.86667e-07 0.258819
861 2.87e-07 0.980785
862 2.87333e-07 -0.130526
863 2.87667e-07 -0.997859
864 2.88e-07 -1.99246e-11
865 2.88333e-07 0.997859
866 2.88667e-07 0.130526
867 2.89e-07 -0.980785
868 2.89333e-07 -0.258819
869 2.89667e-07 0.94693
870 2.9e-07 0.382683
871 2.90333e-07 -0.896873
872 2.90667e-07 -0.5
873 2.91e-07 0.83147
874 2.91333e-07 0.608761
875 2.91667e-07 -0.75184
876 2.92e-07 -0.707107
877 2.92333e-07 0.659346
878 2.92667e-07 0.793353
879 2.93e-07 -0.55557
880 2.93333e-07 -0.866025
881 2.93667e-07 0.442289
882 2.94e-07 0.92388
883 2.94333e-07 -0.321439
884 2.94667e-07 -0.965926
885 2.95e-07 0.19509
886 2.95333e-07 0.991445
887 2.95667e-07 -0.0654031
888 2.96e-07 -1
889 2.96333e-07 -0.0654031
890 2.96667e-07 0.991445
891 2.97e-07 0.19509
892 2.97333e-07 -0.965926
893 2.97667e-07 -0.321439
894 2.98e-07 0.92388
895 2.98333e-07 0.442289
896 2.98667e-07 -0.866025
897 2.99e-07 -0.55557
898 2.99333e-07 0.793353
899 2.99667e-07 0.659346
900 3e-07 -0.707107
901 3.00333e-07 -0.75184
902 3.00667e-07 0.608761
903 3.01e-07 0.83147
904 3.01333e-07 -0.5
905 3.01667e-07 -0.896873
906 3.02e-07 0.382683
907 3.02333e-07 0.94693
908 3.02667e-07 -0.258819
909 3.03e-07 -0.980785
910 3.03333e-07 0.130526
911 3.03667e-07 0.997859
912 3.04e-07 2.21052e-11
913 3.04333e-07 -0.997859
914 3.04667e-07 -0.130526
915 3.05e-07 0.980785
916 3.05333e-07 0.258819
917 3.05667e-07 -0.94693
918 3.06e-07 -0.382683
919 3.06333e-07 0.896873
920 3.06667e-07 0.5
921 3.07e-07 -0.83147
922 3.07333e-07 -0.608761
923 3.07667e-07 0.75184
924 3.08e-07 0.707107
925 3.08333e-07 -0.659346
926 3.08667e-07 -0.793353
927 3.09e-07 0.55557
928 3.09333e-07 0.866025
929 3.09667e-07 -0.442289
930 3.1e-07 -0.92388
931 3.10333e-07 0.321439
932 3.10667e-07 0.965926
933 3.11e-07 -0.19509
934 3.11333e-07 -0.991445
935 3.11667e-07 0.0654031
936 3.12e-07 1
937 3.12333e-07 0.0654031
938 3.12667e-07 -0.991445
939 3.13e-07 -0.19509
940 3.13333e-07 0.965926
941 3.13667e-07 0.321439
942 3.14e-07 -0.92388
943 3.14333e-07 -0.442289
944 3.14667e-07 0.866025
945 3.15e-07 0.55557
946 3.15333e-07 -0.793353
947 3.15667e-07 -0.659346
948 3.16e-07 0.707107
949 3.16333e-07 0.75184
950 3.16667e-07 -0.608761
951 3.17e-07 -0.83147
952 3.17333e-07 0.5
953 3.17667e-07 0.896873
954 3.18e-07 -0.382683
955 3.18333e-07 -0.94693
956 3.18667e-07 0.258819
957 3.19e-07 0.980785
958 3.19333e-07 -0.130526
959 3.19667e-07 -0.997859
960 3.2e-07 -2.42858e-11
961 3.20333e-07 0.997859
962 3.20667e-07 0.130526
963 3.21e-07 -0.980785
964 3.21333e-07 -0.258819
965 3.21667e-07 0.94693
966 3.22e-07 0.382683
967 3.22333e-07 -0.896873
968 3.22667e-07 -0.5
969 3.23e-07 0.83147
970 3.23333e-07 0.608761
971 3.23667e-07 -0.75184
972 3.24e-07 -0.707107
973 3.24333e-07 0.659346
974 3.24667e-07 0.793353
975 3.25e-07 -0.55557
976 3.25333e-07 -0.866025
977 3.25667e-07 0.442289
978 3.26e-07 0.92388
979 3.26333e-07 -0.321439
980 3.26667e-07 -0.965926
981 3.27e-07 0.19509
982 3.27333e-07 0.991445
983 3.27667e-07 -0.0654031
984 3.28e-07 -1
985 3.28333e-07 -0.0654031
986 3.28667e-07 0.991445
987 3.29e-07 0.19509
988 3.29333e-07 -0.965926
989 3.29667e-07 -0.321439
990 3.3e-07 0.92388
991 3.30333e-07 0.442289
992 3.30667e-07 -0.866025
993 3.31e-07 -0.55557
994 3.31333e-07 0.793353
995 3.31667e-07 0.659346
996 3.32e-07 -0.707107
997 3.32333e-07 -0.75184
998 3.32667e-07 0.608761
999 3.33e-07 0.83147
1000 3.33333e-07 -0.5
1001 3.33667e-07 -0.896873
1002 3.34e-07 0.382683
1003 3.34333e-07 0.94693
1004 3.34667e-07 -0.258819
1005 3.35e-07 -0.980785
1006 3.35333e-07 0.130526
1007 3.35667e-07 0.997859
1008 3.36e-07 2.64665e-11
1009 3.36333e-07 -0.997859
1010 3.36667e-07 -0.130526
1011 3.37e-07 0.980785
1012 3.37333e-07 0.258819
1013 3.37667e-07 -0.94693
1014 3.38e-07 -0.382683
1015 3.38333e-07 0.896873
1016 3.38667e-07 0.5
1017 3.39e-07 -0.83147
1018 3.39333e-07 -0.608761
1019 3.39667e-07 0.75184
1020 3.4e-07 0.707107
1021 3.40333e-07 -0.659346
1022 3.40667e-07 -0.793353
1023 3.41e-07 0.55557
1024 3.41333e-07 0.866025
1025 3.41667e-07 -0.442289
1026 3.42e-07 -0.92388
1027 3.42333e-07 0.321439
1028 3.42667e-07 0.965926
1029 3.43e-07 -0.19509
1030 3.43333e-07 -0.991445
1031 3.43667e-07 0.0654031
1032 3.44e-07 1
1033 3.44333e-07 0.0654031
1034 3.44667e-07 -0.991445
1035 3.45e-07 -0.19509
1036 3.45333e-07 0.965926
1037 3.45667e-07 0.321439
1038 3.46e-07 -0.92388
1039 3.46333e-07 -0.442289
1040 3.46667e-07 0.866025
1041 3.47e-07 0.55557
1042 3.47333e-07 -0.793353
1043 3.47667e-07 -0.659346
1044 3.48e-07 0.707107
1045 3.48333e-07 0.75184
1046 3.48667e-07 -0.608761
1047 3.49e-07 -0.83147
1048 3.49333e-07 0.5
1049 3.49667e-07 0.896873
1050 3.5e-07 -0.382683
1051 3.50333e-07 -0.94693
1052 3.50667e-07 0.258819
1053 3.51e-07 0.980785
1054 3.51333e-07 -0.130526
1055 3.51667e-07 -0.997859
1056 3.52e-07 -2.86471e-11
1057 3.52333e-07 0.997859
1058 3.52667e-07 0.130526
1059 3.53e-07 -0.980785
1060 3.53333e-07 -0.258819
1061 3.53667e-07 0.94693
1062 3.54e-07 0.382683
1063 3.54333e-07 -0.896873
1064 3.54667e-07 -0.5
1065 3.55e-07 0.83147
1066 3.55333e-07 0.608761
1067 3.55667e-07 -0.75184
1068 3.56e-07 -0.707107
1069 3.56333e-07 0.659346
1070 3.56667e-07 0.793353
1071 3.57e-07 -0.55557
1072 3.57333e-07 -0.866025
1073 3.57667e-07 0.442289
1074 3.58e-07 0.92388
1075 3.58333e-07 -0.321439
1076 3.58667e-07 -0.965926
1077 3.59e-07 0.19509
1078 3.59333e-07 0.991445
1079 3.59667e-07 -0.0654031
1080 3.6e-07 -1
1081 3.60333e-07 -0.0654031
1082 3.60667e-07 0.991445
1083 3.61e-07 0.19509
1084 3.61333e-07 -0.965926
1085 3.61667e-07 -0.321439
1086 3.62e-07 0.92388
1087 3.62333e-07 0.442289
1088 3.62667e-07 -0.866025
1089 3.63e-07 -0.55557
1090 3.63333e-07 0.793353
1091 3.63667e-07 0.659346
1092 3.64e-07 -0.707107
1093 3.64333e-07 -0.75184
1094 3.64667e-07 0.608761
1095 3.65e-07 0.83147
1096 3.65333e-07 -0.5
1097 3.65667e-07 -0.896873
1098 3.66e-07 0.382683
1099 3.66333e-07 0.94693
1100 3.66667e-07 -0.258819
1101 3.67e-07 -0.980785
1102 3.67333e-07 0.130526
1103 3.67667e-07 0.997859
1104 3.68e-07 3.10551e-11
1105 3.68333e-07 -0.997859
1106 3.68667e-07 -0.130526
1107 3.69e-07 0.980785
1108 3.69333e-07 0.258819
1109 3.69667e-07 -0.94693
1110 3.7e-07 -0.382683
1111 3.70333e-07 0.896873
1112 3.70667e-07 0.5
1113 3.71e-07 -0.83147
1114 3.71333e-07 -0.608761
1115 3.71667e-07 0.75184
1116 3.72e-07 0.707107
1117 3.72333e-07 -0.659346
1118 3.72667e-07 -0.793353
1119 3.73e-07 0.55557
1120 3.73333e-07 0.866025
1121 3.73667e-07 -0.442289
1122 3.74e-07 -0.92388
1123 3.74333e-07 0.321439
1124 3.74667e-07 0.965926
1125 3.75e-07 -0.19509
1126 3.75333e-07 -0.991445
1127 3.75667e-07 0.0654031
1128 3.76e-07 1
1129 3.76333e-07 0.0654031
1130 3.76667e-07 -0.991445
1131 3.77e-07 -0.19509
1132 3.77333e-07 0.965926
1133 3.77667e-07 0.321439
1134 3.78e-07 -0.92388
1135 3.78333e-07 -0.442289
1136 3.78667e-07 0.866025
1137 3.79e-07 0.55557
1138 3.79333e-07 -0.793353
1139 3.79667e-07 -0.659346
1140 3.8e-07 0.707107
1141 3.80333e-07 0.75184
1142 3.80667e-07 -0.608761
1143 3.81e-07 -0.83147
1144 3.81333e-07 0.5
1145 3.81667e-07 0.896873
1146 3.82e-07 -0.382683
1147 3.82333e-07 -0.94693
1148 3.82667e-07 0.258819
1149 3.83e-07 0.980785
1150 3.83333e-07 -0.130526
1151 3.83667e-07 -0.997859
1152 3.84e-07 -3.32357e-11
1153 3.84333e-07 0.997859
1154 3.84667e-07 0.130526
1155 3.85e-07 -0.980785
1156 3.85333e-07 -0.258819
1157 3.85667e-07 0.94693
1158 3.86e-07 0.382683
1159 3.86333e-07 -0.896873
1160 3.86667e-07 -0.5
1161 3.87e-07 0.83147
1162 3.87333e-07 0.608761
1163 3.87667e-07 -0.75184
1164 3.88e-07 -0.707107
1165 3.88333e-07 0.659346
1166 3.88667e-07 0.793353
1167 3.89e-07 -0.55557
1168 3.89333e-07 -0.866025
1169 3.89667e-07 0.442289
1170 3.9e-07 0.92388
1171 3.90333e-07 -0.321439
1172 3.90667e-07 -0.965926
1173 3.91e-07 0.19509
1174 3.91333e-07 0.991445
1175 3.91667e-07 -0.0654031
1176 3.92e-07 -1
1177 3.92333e-07 -0.0654031
1178 3.92667e-07 0.991445
1179 3.93e-07 0.19509
1180 3.93333e-07 -0.965926
1181 3.93667e-07 -0.321439
1182 3.94e-07 0.92388
1183 3.94333e-07 0.442289
1184 3.94667e-07 -0.866025
1185 3.95e-07 -0.55557
1186 3.95333e-07 0.793353
1187 3.95667e-07 0.659346
1188 3.96e-07 -0.707107
1189 3.96333e-07 -0.75184
1190 3.96667e-07 0.608761
1191 3.97e-07 0.83147
1192 3.97333e-07 -0.5
1193 3.97667e-07 -0.896873
1194 3.98e-07 0.382683
1195 3.98333e-07 0.94693
1196 3.98667e-07 -0.258819
1197 3.99e-07 -0.980785
1198 3.99333e-07 0.130526
1199 3.99667e-07 0.997859
1200 4e-07 3.54164e-11
1201 4.00333e-07 -0.997859
1202 4.00667e-07 -0.130526
1203 4.01e-07 0.980785
1204 4.01333e-07 0.258819
1205 4.01667e-07 -0.94693
1206 4.02e-07 -0.382683
1207 4.02333e-07 0.896873
1208 4.02667e-07 0.5
1209 4.03e-07 -0.83147
1210 4.03333e-07 -0.608761
1211 4.03667e-07 0.75184
1212 4.04e-07 0.707107
1213 4.04333e-07 -0.659346
1214 4.04667e-07 -0.793353
1215 4.05e-07 0.55557
1216 4.05333e-07 0.866025
1217 4.05667e-07 -0.442289
1218 4.06e-07 -0.92388
1219 4.06333e-07 0.321439
1220 4.06667e-07 0.965926
1221 4.07e-07 -0.19509
1222 4.07333e-07 -0.991445
1223 4.07667e-07 0.0654031
1224 4.08e-07 1
1225 4.08333e-07 0.0654031
1226 4.08667e-07 -0.991445
1227 4.09e-07 -0.19509
1228 4.09333e-07 0.965926
1229 4.09667e-07 0.321439
1230 4.1e-07 -0.92388
1231 4.10333e-07 -0.442289
1232 4.10667e-07 0.866025
1233 4.11e-07 0.55557
1234 4.11333e-07 -0.793353
1235 4.11667e-07 -0.659346
1236 4.12e-07 0.707107
1237 4.12333e-07 0.75184
1238 4.12667e-07 -0.608761
1239 4.13e-07 -0.83147
1240 4.13333e-07 0.5
1241 4.13667e-07 0.896873
1242 4.14e-07 -0.382683
1243 4.14333e-07 -0.94693
1244 4.14667e-07 0.258819
1245 4.15e-07 0.980785
1246 4.15333e-07 -0.130526
1247 4.15667e-07 -0.997859
1248 4.16e-07 -3.7597e-11
1249 4.16333e-07 0.997859
1250 4.16667e-07 0.130526
1251 4.17e-07 -0.980785
1252 4.17333e-07 -0.258819
1253 4.17667e-07 0.94693
1254 4.18e-07 0.382683
1255 4.18333e-07 -0.896873
1256 4.18667e-07 -0.5
1257 4.19e-07 0.83147
1258 4.19333e-07 0.608761
1259 4.19667e-07 -0.75184
1260 4.2e-07 -0.707107
1261 4.20333e-07 0.659346
1262 4.20667e-07 0.793353
1263 4.21e-07 -0.55557
1264 4.21333e-07 -0.866025
1265 4.21667e-07 0.442289
1266 4.22e-07 0.92388
1267 4.22333e-07 -0.321439
1268 4.22667e-07 -0.965926
1269 4.23e-07 0.19509
1270 4.23333e-07 0.991445
1271 4.23667e-07 -0.0654031
1272 4.24e-07 -1
1273 4.24333e-07 -0.0654031
1274 4.24667e-07 0.991445
1275 4.25e-07 0.19509
1276 4.25333e-07 -0.965926
1277 4.25667e-07 -0.321439
1278 4.26e-07 0.92388
1279 4.26333e-07 0.442289
1280 4.26667e-07 -0.866025
1281 4.27e-07 -0.55557
1282 4.27333e-07 0.793353
1283 4.27667e-07 0.659346
1284 4.28e-07 -0.707107
1285 4.28333e-07 -0.75184
1286 4.28667e-07 0.608761
1287 4.29e-07 0.83147
1288 4.29333e-07 -0.5
1289 4.29667e-07 -0.896873
1290 4.3e-07 0.382683
1291 4.30333e-07 0.94693
1292 4.30667e-07 -0.258819
1293 4.31e-07 -0.980785
1294 4.31333e-07 0.130526
1295 4.31667e-07 0.997859
1296 4.32e-07 3.97776e-11
1297 4.32333e-07 -0.997859
1298 4.32667e-07 -0.130526
1299 4.33e-07 0.980785
1300 4.33333e-07 0.258819
1301 4.33667e-07 -0.94693
1302 4.34e-07 -0.382683
1303 4.34333e-07 0.896873
1304 4.34667e-07 0.5
1305 4.35e-07 -0.83147
1306 4.35333e-07 -0.608761
1307 4.35667e-07 0.75184
1308 4.36e-07 0.707107
1309 4.36333e-07 -0.659346
1310 4.36667e-07 -0.793353
1311 4.37e-07 0.55557
1312 4.37333e-07 0.866025
1313 4.37667e-07 -0.442289
1314 4.38e-07 -0.92388
1315 4.38333e-07 0.321439
1316 4.38667e-07 0.965926
1317 4.39e-07 -0.19509
1318 4.39333e-07 -0.991445
1319 4.39667e-07 0.0654031
1320 4.4e-07 1
1321 4.40333e-07 0.0654031
1322 4.40667e-07 -0.991445
1323 4.41e-07 -0.19509
1324 4.41333e-07 0.965926
1325 4.41667e-07 0.321439
1326 4.42e-07 -0.92388
1327 4.42333e-07 -0.442289
1328 4.42667e-07 0.866025
1329 4.43e-07 0.55557
1330 4.43333e-07 -0.793353
1331 4.43667e-07 -0.659346
1332 4.44e-07 0.707107
1333 4.44333e-07 0.75184
1334 4.44667e-07 -0.608761
1335 4.45e-07 -0.83147
1336 4.45333e-07 0.5
1337 4.45667e-07 0.896873
1338 4.46e-07 -0.382683
1339 4.46333e-07 -0.94693
1340 4.46667e-07 0.258819
1341 4.47e-07 0.980785
1342 4.47333e-07 -0.130526
1343 4.47667e-07 -0.997859
1344 4.48e-07 -4.21856e-11
1345 4.48333e-07 0.997859
1346 4.48667e-07 0.130526
1347 4.49e-07 -0.980785
1348 4.49333e-07 -0.258819
1349 4.49667e-07 0.94693
1350 4.5e-07 0.382683
1351 4.50333e-07 -0.896873
1352 4.50667e-07 -0.5
1353 4.51e-07 0.83147
1354 4.51333e-07 0.608761
1355 4.51667e-07 -0.75184
1356 4.52e-07 -0.707107
1357 4.52333e-07 0.659346
1358 4.52667e-07 0.793353
1359 4.53e-07 -0.55557
1360 4.53333e-07 -0.866025
1361 4.53667e-07 0.442289
1362 4.54e-07 0.92388
1363 4.54333e-07 -0.321439
1364 4.54667e-07 -0.965926
1365 4.55e-07 0.19509
1366 4.55333e-07 0.991445
1367 4.55667e-07 -0.0654031
1368 4.56e-07 -1
1369 4.56333e-07 -0.0654031
1370 4.56667e-07 0.991445
1371 4.57e-07 0.19509
1372 4.57333e-07 -0.965926
1373 4.57667e-07 -0.321439
1374 4.58e-07 0.92388
1375 4.58333e-07 0.442289
1376 4.58667e-07 -0.866025
1377 4.59e-07 -0.55557
1378 4.59333e-07 0.793353
1379 4.59667e-07 0.659346
1380 4.6e-07 -0.707107
1381 4.60333e-07 -0.75184
1382 4.60667e-07 0.608761
1383 4.61e-07 0.83147
1384 4.61333e-07 -0.5
1385 4.61667e-07 -0.896873
1386 4.62e-07 0.382683
1387 4.62333e-07 0.94693
1388 4.62667e-07 -0.258819
1389 4.63e-07 -0.980785
1390 4.63333e-07 0.130526
1391 4.63667e-07 0.997859
1392 4.64e-07 4.43663e-11
1393 4.64333e-07 -0.997859
1394 4.64667e-07 -0.130526
1395 4.65e-07 0.980785
1396 4.65333e-07 0.258819
1397 4.65667e-07 -0.94693
1398 4.66e-07 -0.382683
1399 4.66333e-07 0.896873
1400 4.66667e-07 0.5
1401 4.67e-07 -0.83147
1402 4.67333e-07 -0.608761
1403 4.67667e-07 0.75184
1404 4.68e-07 0.707107
1405 4.68333e-07 -0.659346
1406 4.68667e-07 -0.793353
1407 4.69e-07 0.55557
1408 4.69333e-07 0.866025
1409 4.69667e-07 -0.442289
1410 4.7e-07 -0.92388
1411 4.70333e-07 0.321439
1412 4.70667e-07 0.965926
1413 4.71e-07 -0.19509
1414 4.71333e-07 -0.991445
1415 4.71667e-07 0.0654031
1416 4.72e-07 1
1417 4.72333e-07 0.0654031
1418 4.72667e-07 -0.991445
1419 4.73e-07 -0.19509
1420 4.73333e-07 0.965926
1421 4.73667e-07 0.321439
1422 4.74e-07 -0.92388
1423 4.74333e-07 -0.442289
1424 4.74667e-07 0.866025
1425 4.75e-07 0.55557
1426 4.75333e-07 -0.793353
1427 4.75667e-07 -0.659346
1428 4.76e-07 0.707107
1429 4.76333e-07 0.75184
1430 4.76667e-07 -0.608761
1431 4.77e-07 -0.83147
1432 4.77333e-07 0.5
1433 4.77667e-07 0.896873
1434 4.78e-07 -0.382683
1435 4.78333e-07 -0.94693
1436 4.78667e-07 0.258819
1437 4.79e-07 0.980785
1438 4.79333e-07 -0.130526
1439 4.79667e-07 -0.997859
1440 4.8e-07 -4.63195e-11
1441 4.80333e-07 0.997859
1442 4.80667e-07 0.130526
1443 4.81e-07 -0.980785
1444 4.81333e-07 -0.258819
1445 4.81667e-07 0.94693
1446 4.82e-07 0.382683
1447 4.82333e-07 -0.896873
1448 4.82667e-07 -0.5
1449 4.83e-07 0.83147
1450 4.83333e-07 0.608761
1451 4.83667e-07 -0.75184
1452 4.84e-07 -0.707107
1453 4.84333e-07 0.659346
1454 4.84667e-07 0.793353
1455 4.85e-07 -0.55557
1456 4.85333e-07 -0.866025
1457 4.85667e-07 0.442289
1458 4.86e-07 0.92388
1459 4.86333e-07 -0.321439
1460 4.86667e-07 -0.965926
1461 4.87e-07 0.19509
1462 4.87333e-07 0.991445
1463 4.87667e-07 -0.0654031
1464 4.88e-07 -1
1465 4.88333e-07 -0.0654031
1466 4.88667e-07 0.991445
1467 4.89e-07 0.19509
1468 4.89333e-07 -0.965926
1469 4.89667e-07 -0.321439
1470 4.9e-07 0.92388
1471 4.90333e-07 0.442289
1472 4.90667e-07 -0.866025
1473 4.91e-07 -0.55557
1474 4.91333e-07 0.793353
1475 4.91667e-07 0.659346
1476 4.92e-07 -0.707107
1477 4.92333e-07 -0.75184
1478 4.92667e-07 0.608761
1479 4.93e-07 0.83147
1480 4.93333e-07 -0.5
1481 4.93667e-07 -0.896873
1482 4.94e-07 0.382683
1483 4.94333e-07 0.94693
1484 4.94667e-07 -0.258819
1485 4.95e-07 -0.980785
1486 4.95333e-07 0.130526
1487 4.95667e-07 0.997859
1488 4.96e-07 4.87275e-11
1489 4.96333e-07 -0.997859
1490 4.96667e-07 -0.130526
1491 4.97e-07 0.980785
1492 4.97333e-07 0.258819
1493 4.97667e-07 -0.94693
1494 4.98e-07 -0.382683
1495 4.98333e-07 0.896873
1496 4.98667e-07 0.5
1497 4.99e-07 -0.83147
1498 4.99333e-07 -0.608761
1499 4.99667e-07 0.75184
1500 5e-07 0.707107
1501 5.00333e-07 -0.659346
1502 5.00667e-07 -0.793353
1503 5.01e-07 0.55557
1504 5.01333e-07 0.866025
1505 5.01667e-07 -0.442289
1506 5.02e-07 -0.92388
1507 5.02333e-07 0.321439
1508 5.02667e-07 0.965926
1509 5.03e-07 -0.19509
1510 5.03333e-07 -0.991445
1511 5.03667e-07 0.0654031
1512 5.04e-07 1
1513 5.04333e-07 0.0654031
1514 5.04667e-07 -0.991445
1515 5.05e-07 -0.19509
1516 5.05333e-07 0.965926
1517 5.05667e-07 0.321439
1518 5.06e-07 -0.92388
1519 5.06333e-07 -0.442289
1520 5.06667e-07 0.866025
1521 5.07e-07 0.55557
1522 5.07333e-07 -0.793353
1523 5.07667e-07 -0.659346
1524 5.08e-07 0.707107
1525 5.08333e-07 0.75184
1526 5.08667e-07 -0.608761
1527 5.09e-07 -0.83147
1528 5.09333e-07 0.5
1529 5.09667e-07 0.896873
1530 5.1e-07 -0.382683
1531 5.10333e-07 -0.94693
1532 5.10667e-07 0.258819
1533 5.11e-07 0.980785
1534 5.11333e-07 -0.130526
1535 5.11667e-07 -0.997859
1536 5.12e-07 -5.11355e-11
1537 5.12333e-07 0.997859
1538 5.12667e-07 0.130526
1539 5.13e-07 -0.980785
1540 5.13333e-07 -0.258819
1541 5.13667e-07 0.94693
1542 5.14e-07 0.382683
1543 5.14333e-07 -0.896873
1544 5.14667e-07 -0.5
1545 5.15e-07 0.83147
1546 5.15333e-07 0.608761
1547 5.15667e-07 -0.75184
1548 5.16e-07 -0.707107
1549 5.16333e-07 0.659346
1550 5.16667e-07 0.793353
1551 5.17e-07 -0.55557
1552 5.17333e-07 -0.866025
1553 5.17667e-07 0.442289
1554 5.18e-07 0.92388
1555 5.18333e-07 -0.321439
1556 5.18667e-07 -0.965926
1557 5.19e-07 0.19509
1558 5.19333e-07 0.991445
1559 5.19667e-07 -0.0654031
1560 5.2e-07 -1
1561 5.20333e-07 -0.0654031
1562 5.20667e-07 0.991445
1563 5.21e-07 0.19509
1564 5.21333e-07 -0.965926
1565 5.21667e-07 -0.321439
1566 5.22e-07 0.92388
1567 5.22333e-07 0.442289
1568 5.22667e-07 -0.866025
1569 5.23e-07 -0.55557
1570 5.23333e-07 0.793353
1571 5.23667e-07 0.659346
1572 5.24e-07 -0.707107
1573 5.24333e-07 -0.75184
1574 5.24667e-07 0.608761
1575 5.25e-07 0.83147
1576 5.25333e-07 -0.5
1577 5.25667e-07 -0.896873
1578 5.26e-07 0.382683
1579 5.26333e-07 0.94693
1580 5.26667e-07 -0.258819
1581 5.27e-07 -0.980785
1582 5.27333e-07 0.130526
1583 5.27667e-07 0.997859
1584 5.28e-07 5.30888e-11
1585 5.28333e-07 -0.997859
1586 5.28667e-07 -0.130526
1587 5.29e-07 0.980785
1588 5.29333e-07 0.258819
1589 5.29667e-07 -0.94693
1590 5.3e-07 -0.382683
1591 5.30333e-07 0.896873
1592 5.30667e-07 0.5
1593 5.31e-07 -0.83147
1594 5.31333e-07 -0.608761
1595 5.31667e-07 0.75184
1596 5.32e-07 0.707107
1597 5.32333e-07 -0.659346
1598 5.32667e-07 -0.793353
1599 5.33e-07 0.55557
1600 5.33333e-07 0.866025
1601 5.33667e-07 -0.442289
1602 5.34e-07 -0.92388
1603 5.34333e-07 0.321439
1604 5.34667e-07 0.965926
1605 5.35e-07 -0.19509
1606 5.35333e-07 -0.991445
1607 5.35667e-07 0.0654031
1608 5.36e-07 1
1609 5.36333e-07 0.0654031
1610 5.36667e-07 -0.991445
1611 5.37e-07 -0.19509
1612 5.37333e-07 0.965926
1613 5.37667e-07 0.321439
1614 5.38e-07 -0.92388
1615 5.38333e-07 -0.442289
1616 5.38667e-07 0.866025
1617 5.39e-07 0.55557
1618 5.39333e-07 -0.793353
1619 5.39667e-07 -0.659346
1620 5.4e-07 0.707107
1621 5.40333e-07 0.75184
1622 5.40667e-07 -0.608761
1623 5.41e-07 -0.83147
1624 5.41333e-07 0.5
1625 5.41667e-07 0.896873
1626 5.42e-07 -0.382683
1627 5.42333e-07 -0.94693
1628 5.42667e-07 0.258819
1629 5.43e-07 0.980785
1630 5.43333e-07 -0.130526
1631 5.43667e-07 -0.997859
1632 5.44e-07 -5.54968e-11
1633 5.44333e-07 0.997859
1634 5.44667e-07 0.130526
1635 5.45e-07 -0.980785
1636 5.45333e-07 -0.258819
1637 5.45667e-07 0.94693
1638 5.46e-07 0.382683
1639 5.46333e-07 -0.896873
1640 5.46667e-07 -0.5
1641 5.47e-07 0.83147
1642 5.47333e-07 0.608761
1643 5.47667e-07 -0.75184
1644 5.48e-07 -0.707107
1645 5.48333e-07 0.659346
1646 5.48667e-07 0.793353
1647 5.49e-07 -0.55557
1648 5.49333e-07 -0.866025
1649 5.49667e-07 0.442289
1650 5.5e-07 0.92388
1651 5.50333e-07 -0.321439
1652 5.50667e-07 -0.965926
1653 5.51e-07 0.19509
1654 5.51333e-07 0.991445
1655 5.51667e-07 -0.0654031
1656 5.52e-07 -1
1657 5.52333e-07 -0.0654031
1658 5.52667e-07 0.991445
1659 5.53e-07 0.19509
1660 5.53333e-07 -0.965926
1661 5.53667e-07 -0.321439
1662 5.54e-07 0.92388
1663 5.54333e-07 0.442289
1664 5.54667e-07 -0.866025
1665 5.55e-07 -0.55557
1666 5.55333e-07 0.793353
1667 5.55667e-07 0.659346
1668 5.56e-07 -0.707107
1669 5.56333e-07 -0.75184
1670 5.56667e-07 0.608761
1671 5.57e-07 0.83147
1672 5.57333e-07 -0.5
1673 5.57667e-07 -0.896873
1674 5.58e-07 0.382683
1675 5.58333e-07 0.94693
1676 5.58667e-07 -0.258819
1677 5.59e-07 -0.980785
1678 5.59333e-07 0.130526
1679 5.59667e-07 0.997859
1680 5.6e-07 5.745e-11
1681 5.60333e-07 -0.997859
1682 5.60667e-07 -0.130526
1683 5.61e-07 0.980785
1684 5.61333e-07 0.258819
1685 5.61667e-07 -0.94693
1686 5.62e-07 -0.382683
1687 5.62333e-07 0.896873
1688 5.62667e-07 0.5
1689 5.63e-07 -0.83147
1690 5.63333e-07 -0.608761
1691 5.63667e-07 0.75184
1692 5.64e-07 0.707107
1693 5.64333e-07 -0.659346
1694 5.64667e-07 -0.793353
1695 5.65e-07 0.55557
1696 5.65333e-07 0.866025
1697 5.65667e-07 -0.442289
1698 5.66e-07 -0.92388
1699 5.66333e-07 0.321439
1700 5.66667e-07 0.965926
1701 5.67e-07 -0.19509
1702 5.67333e-07 -0.991445
1703 5.67667e-07 0.0654031
1704 5.68e-07 1
1705 5.68333e-07 0.0654031
1706 5.68667e-07 -0.991445
1707 5.69e-07 -0.19509
1708 5.69333e-07 0.965926
1709 5.69667e-07 0.321439
1710 5.7e-07 -0.92388
1711 5.70333e-07 -0.442289
1712 5.70667e-07 0.866025
1713 5.71e-07 0.55557
1714 5.71333e-07 -0.793353
1715 5.71667e-07 -0.659346
1716 5.72e-07 0.707107
1717 5.72333e-07 0.75184
1718 5.72667e-07 -0.608761
1719 5.73e-07 -0.83147
1720 5.73333e-07 0.5
1721 5.73667e-07 0.896873
1722 5.74e-07 -0.382683
1723 5.74333e-07 -0.94693
1724 5.74667e-07 0.258819
1725 5.75e-07 0.980785
1726 5.75333e-07 -0.130526
1727 5.75667e-07 -0.997859
1728 5.76e-07 -5.9858e-11
1729 5.76333e-07 0.997859
1730 5.76667e-07 0.130526
1731 5.77e-07 -0.980785
1732 5.77333e-07 -0.258819
1733 5.77667e-07 0.94693
1734 5.78e-07 0.382683
1735 5.78333e-07 -0.896873
1736 5.78667e-07 -0.5
1737 5.79e-07 0.83147
1738 5.79333e-07 0.608761
1739 5.79667e-07 -0.75184
1740 5.8e-07 -0.707107
1741 5.80333e-07 0.659346
1742 5.80667e-07 0.793353
1743 5.81e-07 -0.55557
1744 5.81333e-07 -0.866025
1745 5.81667e-07 0.442289
1746 5.82e-07 0.92388
1747 5.82333e-07 -0.321439
1748 5.82667e-07 -0.965926
1749 5.83e-07 0.19509
1750 5.83333e-07 0.991445
1751 5.83667e-07 -0.0654031
1752 5.84e-07 -1
1753 5.84333e-07 -0.0654031
1754 5.84667e-07 0.991445
1755 5.85e-07 0.19509
1756 5.85333e-07 -0.965926
1757 5.85667e-07 -0.321439
1758 5.86e-07 0.92388
1759 5.86333e-07 0.442289
1760 5.86667e-07 -0.866025
1761 5.87e-07 -0.55557
1762 5.87333e-07 0.793353
1763 5.87667e-07 0.659346
1764 5.88e-07 -0.707107
1765 5.88333e-07 -0.75184
1766 5.88667e-07 0.608761
1767 5.89e-07 0.83147
1768 5.89333e-07 -0.5
1769 5.89667e-07 -0.896873
1770 5.9e-07 0.382683
1771 5.90333e-07 0.94693
1772 5.90667e-07 -0.258819
1773 5.91e-07 -0.980785
1774 5.91333e-07 0.130526
1775 5.91667e-07 0.997859
1776 5.92e-07 6.2266e-11
1777 5.92333e-07 -0.997859
1778 5.92667e-07 -0.130526
1779 5.93e-07 0.980785
1780 5.93333e-07 0.258819
1781 5.93667e-07 -0.94693
1782 5.94e-07 -0.382683
1783 5.94333e-07 0.896873
1784 5.94667e-07 0.5
1785 5.95e-07 -0.83147
1786 5.95333e-07 -0.608761
1787 5.95667e-07 0.75184
1788 5.96e-07 0.707107
1789 5.96333e-07 -0.659346
1790 5.96667e-07 -0.793353
1791 5.97e-07 0.55557
1792 5.97333e-07 0.866025
1793 5.97667e-07 -0.442289
1794 5.98e-07 -0.92388
1795 5.98333e-07 0.321439
1796 5.98667e-07 0.965926
1797 5.99e-07 -0.19509
1798 5.99333e-07 -0.991445
1799 5.99667e-07 0.0654031
1800 6e-07 1
1801 6.00333e-07 0.0654031
1802 6.00667e-07 -0.991445
1803 6.01e-07 -0.19509
1804 6.01333e-07 0.965926
1805 6.01667e-07 0.321439
1806 6.02e-07 -0.92388
1807 6.02333e-07 -0.442289
1808 6.02667e-07 0.866025
1809 6.03e-07 0.55557
1810 6.03333e-07 -0.793353
1811 6.03667e-07 -0.659346
1812 6.04e-07 0.707107
1813 6.04333e-07 0.75184
1814 6.04667e-07 -0.608761
1815 6.05e-07 -0.83147
1816 6.05333e-07 0.5
1817 6.05667e-07 0.896873
1818 6.06e-07 -0.382683
1819 6.06333e-07 -0.94693
1820 6.06667e-07 0.258819
1821 6.07e-07 0.980785
1822 6.07333e-07 -0.130526
1823 6.07667e-07 -0.997859
1824 6.08e-07 -6.42193e-11
1825 6.08333e-07 0.997859
1826 6.08667e-07 0.130526
1827 6.09e-07 -0.980785
1828 6.09333e-07 -0.258819
1829 6.09667e-07 0.94693
1830 6.1e-07 0.382683
1831 6.10333e-07 -0.896873
1832 6.10667e-07 -0.5
1833 6.11e-07 0.83147
1834 6.11333e-07 0.608761
1835 6.11667e-07 -0.75184
1836 6.12e-07 -0.707107
1837 6.12333e-07 0.659346
1838 6.12667e-07 0.793353
1839 6.13e-07 -0.55557
1840 6.13333e-07 -0.866025
1841 6.13667e-07 0.442289
1842 6.14e-07 0.92388
1843 6.14333e-07 -0.321439
1844 6.14667e-07 -0.965926
1845 6.15e-07 0.19509
1846 6.15333e-07 0.991445
1847 6.15667e-07 -0.0654031
1848 6.16e-07 -1
1849 6.16333e-07 -0.0654031
1850 6.16667e-07 0.991445
1851 6.17e-07 0.19509
1852 6.17333e-07 -0.965926
1853 6.17667e-07 -0.321439
1854 6.18e-07 0.92388
1855 6.18333e-07 0.442289
1856 6.18667e-07 -0.866025
1857 6.19e-07 -0.55557
1858 6.19333e-07 0.793353
1859 6.19667e-07 0.659346
1860 6.2e-07 -0.707107
1861 6.20333e-07 -0.75184
1862 6.20667e-07 0.608761
1863 6.21e-07 0.83147
1864 6.21333e-07 -0.5
1865 6.21667e-07 -0.896873
1866 6.22e-07 0.382683
1867 6.22333e-07 0.94693
1868 6.22667e-07 -0.258819
1869 6.23e-07 -0.980785
1870 6.23333e-07 0.130526
1871 6.23667e-07 0.997859
1872 6.24e-07 6.66273e-11
1873 6.24333e-07 -0.997859
1874 6.24667e-07 -0.130526
1875 6.25e-07 0.980785
1876 6.25333e-07 0.258819
1877 6.25667e-07 -0.94693
1878 6.26e-07 -0.382683
1879 6.26333e-07 0.896873
1880 6.26667e-07 0.5
1881 6.27e-07 -0.83147
1882 6.27333e-07 -0.608761
1883 6.27667e-07 0.75184
1884 6.28e-07 0.707107
1885 6.28333e-07 -0.659346
1886 6.28667e-07 -0.793353
1887 6.29e-07 0.55557
1888 6.29333e-07 0.866025
1889 6.29667e-07 -0.442289
1890 6.3e-07 -0.92388
1891 6.30333e-07 0.321439
1892 6.30667e-07 0.965926
1893 6.31e-07 -0.19509
1894 6.31333e-07 -0.991445
1895 6.31667e-07 0.0654031
1896 6.32e-07 1
1897 6.32333e-07 0.0654031
1898 6.32667e-07 -0.991445
1899 6.33e-07 -0.19509
1900 6.33333e-07 0.965926
1901 6.33667e-07 0.321439
1902 6.34e-07 -0.92388
1903 6.34333e-07 -0.442289
1904 6.34667e-07 0.866025
1905 6.35e-07 0.55557
1906 6.35333e-07 -0.793353
1907 6.35667e-07 -0.659346
1908 6.36e-07 0.707107
1909 6.36333e-07 0.75184
1910 6.36667e-07 -0.608761
1911 6.37e-07 -0.83147
1912 6.37333e-07 0.5
1913 6.37667e-07 0.896873
1914 6.38e-07 -0.382683
1915 6.38333e-07 -0.94693
1916 6.38667e-07 0.258819
1917 6.39e-07 0.980785
1918 6.39333e-07 -0.130526
1919 6.39667e-07 -0.997859
1920 6.4e-07 -6.85806e-11
1921 6.40333e-07 0.997859
1922 6.40667e-07 0.130526
1923 6.41e-07 -0.980785
1924 6.41333e-07 -0.258819
1925 6.41667e-07 0.94693
1926 6.42e-07 0.382683
1927 6.42333e-07 -0.896873
1928 6.42667e-07 -0.5
1929 6.43e-07 0.83147
1930 6.43333e-07 0.608761
1931 6.43667e-07 -0.75184
1932 6.44e-07 -0.707107
1933 6.44333e-07 0.659346
1934 6.44667e-07 0.793353
1935 6.45e-07 -0.55557
1936 6.45333e-07 -0.866025
1937 6.45667e-07 0.442289
1938 6.46e-07 0.92388
1939 6.46333e-07 -0.321439
1940 6.46667e-07 -0.965926
1941 6.47e-07 0.19509
1942 6.47333e-07 0.991445
1943 6.47667e-07 -0.0654031
1944 6.48e-07 -1
1945 6.48333e-07 -0.0654031
1946 6.48667e-07 0.991445
1947 6.49e-07 0.19509
1948 6.49333e-07 -0.965926
1949 6.49667e-07 -0.321439
1950 6.5e-07 0.92388
1951 6.50333e-07 0.442289
1952 6.50667e-07 -0.866025
1953 6.51e-07 -0.55557
1954 6.51333e-07 0.793353
1955 6.51667e-07 0.659346
1956 6.52e-07 -0.707107
1957 6.52333e-07 -0.75184
1958 6.52667e-07 0.608761
1959 6.53e-07 0.83147
1960 6.53333e-07 -0.5
1961 6.53667e-07 -0.896873
1962 6.54e-07 0.382683
1963 6.54333e-07 0.94693
1964 6.54667e-07 -0.258819
1965 6.55e-07 -0.980785
1966 6.55333e-07 0.130526
1967 6.55667e-07 0.997859
1968 6.56e-07 7.09886e-11
1969 6.56333e-07 -0.997859
1970 6.56667e-07 -0.130526
1971 6.57e-07 0.980785
1972 6.57333e-07 0.258819
1973 6.57667e-07 -0.94693
1974 6.58e-07 -0.382683
1975 6.58333e-07 0.896873
1976 6.58667e-07 0.5
1977 6.59e-07 -0.83147
1978 6.59333e-07 -0.608761
1979 6.59667e-07 0.75184
1980 6.6e-07 0.707107
1981 6.60333e-07 -0.659346
1982 6.60667e-07 -0.793353
1983 6.61e-07 0.55557
1984 6.61333e-07 0.866025
1985 6.61667e-07 -0.442289
1986 6.62e-07 -0.92388
1987 6.62333e-07 0.321439
1988 6.62667e-07 0.965926
1989 6.63e-07 -0.19509
1990 6.63333e-07 -0.991445
1991 6.63667e-07 0.0654031
1992 6.64e-07 1
1993 6.64333e-07 0.0654031
1994 6.64667e-07 -0.991445
1995 6.65e-07 -0.19509
1996 6.65333e-07 0.965926
1997 6.65667e-07 0.321439
1998 6.66e-07 -0.92388
1999 6.66333e-07 -0.442289
2000 6.66667e-07 0.866025
2001 6.67e-07 0.55557
2002 6.67333e-07 -0.793353
2003 6.67667e-07 -0.659346
2004 6.68e-07 0.707107
2005 6.68333e-07 0.75184
2006 6.68667e-07 -0.608761
2007 6.69e-07 -0.83147
2008 6.69333e-07 0.5
2009 6.69667e-07 0.896873
2010 6.7e-07 -0.382683
2011 6.70333e-07 -0.94693
2012 6.70667e-07 0.258819
2013 6.71e-07 0.980785
2014 6.71333e-07 -0.130526
2015 6.71667e-07 -0.997859
