0 0 0
1 3.33333e-10 0.947266
2 6.66667e-10 0.607098
3 1e-09 -0.55818
4 1.33333e-09 -0.964833
5 1.66667e-09 -0.0601775
6 2e-09 0.926266
7 2.33333e-09 0.653817
8 2.66667e-09 -0.507238
9 3e-09 -0.978903
10 3.33333e-09 -0.120137
11 3.66667e-09 0.901908
12 4e-09 0.698165
13 4.33333e-09 -0.454457
14 4.66667e-09 -0.989425
15 5e-09 -0.179661
16 5.33333e-09 0.874281
17 5.66667e-09 0.739983
18 6e-09 -0.400029
19 6.33333e-09 -0.99636
20 6.66667e-09 -0.238533
21 7e-09 0.843485
22 7.33333e-09 0.779119
23 7.66667e-09 -0.344151
24 8e-09 -0.999684
25 8.33333e-09 -0.296542
26 8.66667e-09 0.809632
27 9e-09 0.815431
28 9.33333e-09 -0.287026
29 9.66667e-09 -0.999385
30 1e-08 -0.353475
31 1.03333e-08 0.772844
32 1.06667e-08 0.848787
33 1.1e-08 -0.228861
34 1.13333e-08 -0.995463
35 1.16667e-08 -0.409127
36 1.2e-08 0.733255
37 1.23333e-08 0.879067
38 1.26667e-08 -0.169866
39 1.3e-08 -0.987933
40 1.33333e-08 -0.463296
41 1.36667e-08 0.691009
42 1.4e-08 0.90616
43 1.43333e-08 -0.110255
44 1.46667e-08 -0.976822
45 1.5e-08 -0.515786
46 1.53333e-08 0.646257
47 1.56667e-08 0.929969
48 1.6e-08 -0.0502443
49 1.63333e-08 -0.96217
50 1.66667e-08 -0.566406
51 1.7e-08 0.599163
52 1.73333e-08 0.950407
53 1.76667e-08 0.00994821
54 1.8e-08 -0.944031
55 1.83333e-08 -0.614974
56 1.86667e-08 0.549898
57 1.9e-08 0.9674
58 1.93333e-08 0.0701047
59 1.96667e-08 -0.922471
60 2e-08 -0.661312
61 2.03333e-08 0.498639
62 2.06667e-08 0.980887
63 2.1e-08 0.130007
64 2.13333e-08 -0.897566
65 2.16667e-08 -0.705253
66 2.2e-08 0.445573
67 2.23333e-08 0.990819
68 2.26667e-08 0.189438
69 2.3e-08 -0.869409
70 2.33333e-08 -0.746638
71 2.36667e-08 0.390892
72 2.4e-08 0.997159
73 2.43333e-08 0.248183
74 2.46667e-08 -0.8381
75 2.5e-08 -0.785317
76 2.53333e-08 0.334794
77 2.56667e-08 0.999885
78 2.6e-08 0.306028
79 2.63333e-08 -0.803753
80 2.66667e-08 -0.821149
81 2.7e-08 0.277482
82 2.73333e-08 0.998986
83 2.76667e-08 0.362763
84 2.8e-08 -0.766493
85 2.83333e-08 -0.854005
86 2.86667e-08 0.219165
87 2.9e-08 0.994467
88 2.93333e-08 0.418184
89 2.96667e-08 -0.726455
90 3e-08 -0.883766
91 3.03333e-08 0.160053
92 3.06667e-08 0.986343
93 3.1e-08 0.472089
94 3.13333e-08 -0.683783
95 3.16667e-08 -0.910323
96 3.2e-08 0.100362
97 3.23333e-08 0.974644
98 3.26667e-08 0.524283
99 3.3e-08 -0.638634
100 3.33333e-08 -0.93358
101 3.36667e-08 0.0403062
102 3.4e-08 0.959412
103 3.43333e-08 0.574577
104 3.46667e-08 -0.591169
105 3.5e-08 -0.953454
106 3.53333e-08 -0.0198954
107 3.56667e-08 0.940703
108 3.6e-08 0.622788
109 3.63333e-08 -0.541561
110 3.66667e-08 -0.969872
111 3.7e-08 -0.080025
112 3.73333e-08 0.918584
113 3.76667e-08 0.668741
114 3.8e-08 -0.489991
115 3.83333e-08 -0.982774
116 3.86667e-08 -0.139864
117 3.9e-08 0.893136
118 3.93333e-08 0.712271
119 3.96667e-08 -0.436645
120 4e-08 -0.992115
121 4.03333e-08 -0.199197
122 4.06667e-08 0.86445
123 4.1e-08 0.753219
124 4.13333e-08 -0.381716
125 4.16667e-08 -0.997859
126 4.2e-08 -0.257807
127 4.23333e-08 0.832631
128 4.26667e-08 0.791437
129 4.3e-08 -0.325403
130 4.33333e-08 -0.999986
131 4.36667e-08 -0.315483
132 4.4e-08 0.797794
133 4.43333e-08 0.826786
134 4.46667e-08 -0.267911
135 4.5e-08 -0.998489
136 4.53333e-08 -0.372016
137 4.56667e-08 0.760066
138 4.6e-08 0.859139
139 4.63333e-08 -0.209448
140 4.66667e-08 -0.993373
141 4.7e-08 -0.4272
142 4.73333e-08 0.719582
143 4.76667e-08 0.888377
144 4.8e-08 -0.150226
145 4.83333e-08 -0.984656
146 4.86667e-08 -0.480836
147 4.9e-08 0.67649
148 4.93333e-08 0.914395
149 4.96667e-08 -0.0904588
150 5e-08 -0.97237
151 5.03333e-08 -0.532729
152 5.06667e-08 0.630947
153 5.1e-08 0.937099
154 5.13333e-08 -0.0303641
155 5.16667e-08 -0.95656
156 5.2e-08 -0.58269
157 5.23333e-08 0.583116
158 5.26667e-08 0.956407
159 5.3e-08 0.0298407
160 5.33333e-08 -0.937282
161 5.36667e-08 -0.63054
162 5.4e-08 0.533172
163 5.43333e-08 0.972248
164 5.46667e-08 0.0899373
165 5.5e-08 -0.914607
166 5.53333e-08 -0.676105
167 5.56667e-08 0.481295
168 5.6e-08 0.984564
169 5.63333e-08 0.149708
170 5.66667e-08 -0.888617
171 5.7e-08 -0.719219
172 5.73333e-08 0.427673
173 5.76667e-08 0.993312
174 5.8e-08 0.208936
175 5.83333e-08 -0.859406
176 5.86667e-08 -0.759725
177 5.9e-08 0.372502
178 5.93333e-08 0.99846
179 5.96667e-08 0.267407
180 6e-08 -0.827081
181 6.03333e-08 -0.797479
182 6.06667e-08 0.31598
183 6.1e-08 0.999989
184 6.13333e-08 0.324908
185 6.16667e-08 -0.791757
186 6.2e-08 -0.832341
187 6.23333e-08 0.258313
188 6.26667e-08 0.997893
189 6.3e-08 0.381232
190 6.33333e-08 -0.753563
191 6.36667e-08 -0.864187
192 6.4e-08 0.19971
193 6.43333e-08 0.99218
194 6.46667e-08 0.436174
195 6.5e-08 -0.712639
196 6.53333e-08 -0.8929
197 6.56667e-08 0.140383
198 6.6e-08 0.982871
199 6.63333e-08 0.489535
200 6.66667e-08 -0.669131
201 6.7e-08 -0.918377
202 6.73333e-08 0.0805469
203 6.76667e-08 0.969999
204 6.8e-08 0.541121
205 6.83333e-08 -0.623197
206 6.86667e-08 -0.940526
207 6.9e-08 0.0204189
208 6.93333e-08 0.953612
209 6.96667e-08 0.590746
210 7e-08 -0.575005
211 7.03333e-08 -0.959265
212 7.06667e-08 -0.039783
213 7.1e-08 0.933768
214 7.13333e-08 0.638231
215 7.16667e-08 -0.524729
216 7.2e-08 -0.974527
217 7.23333e-08 -0.0998407
218 7.26667e-08 0.910539
219 7.3e-08 0.683401
220 7.33333e-08 -0.472551
221 7.36667e-08 -0.986257
222 7.4e-08 -0.159537
223 7.43333e-08 0.884011
224 7.46667e-08 0.726095
225 7.5e-08 -0.41866
226 7.53333e-08 -0.994412
227 7.56667e-08 -0.218654
228 7.6e-08 0.854277
229 7.63333e-08 0.766157
230 7.66667e-08 -0.363251
231 7.7e-08 -0.998963
232 7.73333e-08 -0.276979
233 7.76667e-08 0.821448
234 7.8e-08 0.803441
235 7.83333e-08 -0.306526
236 7.86667e-08 -0.999893
237 7.9e-08 -0.3343
238 7.93333e-08 0.785641
239 7.96667e-08 0.837814
240 8e-08 -0.24869
241 8.03333e-08 -0.997198
242 8.06667e-08 -0.39041
243 8.1e-08 0.746986
244 8.13333e-08 0.86915
245 8.16667e-08 -0.189952
246 8.2e-08 -0.990889
247 8.23333e-08 -0.445104
248 8.26667e-08 0.705624
249 8.3e-08 0.897335
250 8.33333e-08 -0.130526
251 8.36667e-08 -0.980989
252 8.4e-08 -0.498185
253 8.43333e-08 0.661705
254 8.46667e-08 0.922268
255 8.5e-08 -0.070627
256 8.53333e-08 -0.967533
257 8.56667e-08 -0.54946
258 8.6e-08 0.615386
259 8.63333e-08 0.943859
260 8.66667e-08 -0.0104718
261 8.7e-08 -0.95057
262 8.73333e-08 -0.598744
263 8.76667e-08 0.566838
264 8.8e-08 0.962028
265 8.83333e-08 0.0497214
266 8.86667e-08 -0.930161
267 8.9e-08 -0.645858
268 8.93333e-08 0.516234
269 8.96667e-08 0.97671
270 9e-08 0.109734
271 9.03333e-08 -0.906382
272 9.06667e-08 -0.69063
273 9.1e-08 0.46376
274 9.13333e-08 0.987852
275 9.16667e-08 0.16935
276 9.2e-08 -0.879316
277 9.23333e-08 -0.732899
278 9.26667e-08 0.409605
279 9.3e-08 0.995413
280 9.33333e-08 0.228351
281 9.36667e-08 -0.849064
282 9.4e-08 -0.772512
283 9.43333e-08 0.353965
284 9.46667e-08 0.999366
285 9.5e-08 0.286525
286 9.53333e-08 -0.815734
287 9.56667e-08 -0.809325
288 9.6e-08 0.297042
289 9.63333e-08 0.999697
290 9.66667e-08 0.34366
291 9.7e-08 -0.779447
292 9.73333e-08 -0.843204
293 9.76667e-08 0.239042
294 9.8e-08 0.996405
295 9.83333e-08 0.399549
296 9.86667e-08 -0.740335
297 9.9e-08 -0.874027
298 9.93333e-08 0.180176
299 9.96667e-08 0.989501
300 1e-07 0.45399
301 1.00333e-07 -0.69854
302 1.00667e-07 -0.901682
303 1.01e-07 0.120657
304 1.01333e-07 0.97901
305 1.01667e-07 0.506786
306 1.02e-07 -0.654213
307 1.02333e-07 -0.926068
308 1.02667e-07 0.0607001
309 1.03e-07 0.964971
310 1.03333e-07 0.557745
311 1.03667e-07 -0.607514
312 1.04e-07 -0.947098
313 1.04333e-07 0.000523599
314 1.04667e-07 0.947434
315 1.05e-07 0.606682
316 1.05333e-07 -0.558614
317 1.05667e-07 -0.964695
318 1.06e-07 -0.0596548
319 1.06333e-07 0.926463
320 1.06667e-07 0.653421
321 1.07e-07 -0.507689
322 1.07333e-07 -0.978796
323 1.07667e-07 -0.119617
324 1.08e-07 0.902134
325 1.08333e-07 0.69779
326 1.08667e-07 -0.454923
327 1.09e-07 -0.989349
328 1.09333e-07 -0.179146
329 1.09667e-07 0.874535
330 1.1e-07 0.739631
331 1.10333e-07 -0.400509
332 1.10667e-07 -0.996315
333 1.11e-07 -0.238025
334 1.11333e-07 0.843766
335 1.11667e-07 0.778791
336 1.12e-07 -0.344643
337 1.12333e-07 -0.999671
338 1.12667e-07 -0.296041
339 1.13e-07 0.809939
340 1.13333e-07 0.815128
341 1.13667e-07 -0.287528
342 1.14e-07 -0.999403
343 1.14333e-07 -0.352985
344 1.14667e-07 0.773177
345 1.15e-07 0.84851
346 1.15333e-07 -0.22937
347 1.15667e-07 -0.995513
348 1.16e-07 -0.408649
349 1.16333e-07 0.733611
350 1.16667e-07 0.878817
351 1.17e-07 -0.170381
352 1.17333e-07 -0.988014
353 1.17667e-07 -0.462832
354 1.18e-07 0.691387
355 1.18333e-07 0.905939
356 1.18667e-07 -0.110775
357 1.19e-07 -0.976934
358 1.19333e-07 -0.515337
359 1.19667e-07 0.646657
360 1.2e-07 0.929776
361 1.20333e-07 -0.0507672
362 1.20667e-07 -0.962313
363 1.21e-07 -0.565975
364 1.21333e-07 0.599582
365 1.21667e-07 0.950244
366 1.22e-07 0.00942464
367 1.22333e-07 -0.944204
368 1.22667e-07 -0.614561
369 1.23e-07 0.550335
370 1.23333e-07 0.967268
371 1.23667e-07 0.0695824
372 1.24e-07 -0.922673
373 1.24333e-07 -0.660919
374 1.24667e-07 0.499093
375 1.25e-07 0.980785
376 1.25333e-07 0.129488
377 1.25667e-07 -0.897797
378 1.26e-07 -0.704882
379 1.26333e-07 0.446042
380 1.26667e-07 0.990748
381 1.27e-07 0.188924
382 1.27333e-07 -0.869667
383 1.27667e-07 -0.74629
384 1.28e-07 0.391374
385 1.28333e-07 0.997119
386 1.28667e-07 0.247675
387 1.29e-07 -0.838385
388 1.29333e-07 -0.784993
389 1.29667e-07 0.335287
390 1.3e-07 0.999877
391 1.30333e-07 0.305529
392 1.30667e-07 -0.804064
393 1.31e-07 -0.82085
394 1.31333e-07 0.277985
395 1.31667e-07 0.99901
396 1.32e-07 0.362275
397 1.32333e-07 -0.766829
398 1.32667e-07 -0.853733
399 1.33e-07 0.219676
400 1.33333e-07 0.994522
401 1.33667e-07 0.417709
402 1.34e-07 -0.726814
403 1.34333e-07 -0.883521
404 1.34667e-07 0.16057
405 1.35e-07 0.986429
406 1.35333e-07 0.471628
407 1.35667e-07 -0.684165
408 1.36e-07 -0.910106
409 1.36333e-07 0.100883
410 1.36667e-07 0.974761
411 1.37e-07 0.523837
412 1.37333e-07 -0.639036
413 1.37667e-07 -0.933393
414 1.38e-07 0.0408294
415 1.38333e-07 0.95956
416 1.38667e-07 0.574148
417 1.39e-07 -0.591591
418 1.39333e-07 -0.953296
419 1.39667e-07 -0.0193719
420 1.4e-07 0.940881
421 1.40333e-07 0.622378
422 1.40667e-07 -0.542002
423 1.41e-07 -0.969744
424 1.41333e-07 -0.079503
425 1.41667e-07 0.918791
426 1.42e-07 0.668352
427 1.42333e-07 -0.490448
428 1.42667e-07 -0.982678
429 1.43e-07 -0.139346
430 1.43333e-07 0.893371
431 1.43667e-07 0.711903
432 1.44e-07 -0.437116
433 1.44333e-07 -0.992049
434 1.44667e-07 -0.198684
435 1.45e-07 0.864713
436 1.45333e-07 0.752875
437 1.45667e-07 -0.3822
438 1.46e-07 -0.997825
439 1.46333e-07 -0.257301
440 1.46667e-07 0.832921
441 1.47e-07 0.791117
442 1.47333e-07 -0.325898
443 1.47667e-07 -0.999983
444 1.48e-07 -0.314987
445 1.48333e-07 0.79811
446 1.48667e-07 0.826492
447 1.49e-07 -0.268415
448 1.49333e-07 -0.998518
449 1.49667e-07 -0.37153
450 1.5e-07 0.760406
451 1.50333e-07 0.858871
452 1.50667e-07 -0.20996
453 1.51e-07 -0.993433
454 1.51333e-07 -0.426727
455 1.51667e-07 0.719946
456 1.52e-07 0.888136
457 1.52333e-07 -0.150743
458 1.52667e-07 -0.984747
459 1.53e-07 -0.480377
460 1.53333e-07 0.676876
461 1.53667e-07 0.914183
462 1.54e-07 -0.0909802
463 1.54333e-07 -0.972492
464 1.54667e-07 -0.532285
465 1.55e-07 0.631353
466 1.55333e-07 0.936916
467 1.55667e-07 -0.0308874
468 1.56e-07 -0.956712
469 1.56333e-07 -0.582265
470 1.56667e-07 0.583541
471 1.57e-07 0.956254
472 1.57333e-07 0.0293173
473 1.57667e-07 -0.937464
474 1.58e-07 -0.630134
475 1.58333e-07 0.533615
476 1.58667e-07 0.972125
477 1.59e-07 0.0894158
478 1.59333e-07 -0.914819
479 1.59667e-07 -0.675719
480 1.6e-07 0.481754
481 1.60333e-07 0.984473
482 1.60667e-07 0.14919
483 1.61e-07 -0.888857
484 1.61333e-07 -0.718855
485 1.61667e-07 0.428147
486 1.62e-07 0.993252
487 1.62333e-07 0.208424
488 1.62667e-07 -0.859674
489 1.63e-07 -0.759385
490 1.63333e-07 0.372988
491 1.63667e-07 0.998431
492 1.64e-07 0.266902
493 1.64333e-07 -0.827375
494 1.64667e-07 -0.797163
495 1.65e-07 0.316477
496 1.65333e-07 0.999991
497 1.65667e-07 0.324413
498 1.66e-07 -0.792077
499 1.66333e-07 -0.832051
500 1.66667e-07 0.258819
501 1.67e-07 0.997927
502 1.67333e-07 0.380748
503 1.67667e-07 -0.753907
504 1.68e-07 -0.863923
505 1.68333e-07 0.200223
506 1.68667e-07 0.992245
507 1.69e-07 0.435702
508 1.69333e-07 -0.713006
509 1.69667e-07 -0.892664
510 1.7e-07 0.140901
511 1.70333e-07 0.982967
512 1.70667e-07 0.489078
513 1.71e-07 -0.66952
514 1.71333e-07 -0.91817
515 1.71667e-07 0.0810687
516 1.72e-07 0.970127
517 1.72333e-07 0.540681
518 1.72667e-07 -0.623607
519 1.73e-07 -0.940348
520 1.73333e-07 0.0209424
521 1.73667e-07 0.953769
522 1.74e-07 0.590324
523 1.74333e-07 -0.575434
524 1.74667e-07 -0.959117
525 1.75e-07 -0.0392598
526 1.75333e-07 0.933955
527 1.75667e-07 0.637827
528 1.76e-07 -0.525175
529 1.76333e-07 -0.974409
530 1.76667e-07 -0.0993197
531 1.77e-07 0.910756
532 1.77333e-07 0.683019
533 1.77667e-07 -0.473012
534 1.78e-07 -0.98617
535 1.78333e-07 -0.15902
536 1.78667e-07 0.884255
537 1.79e-07 0.725735
538 1.79333e-07 -0.419135
539 1.79667e-07 -0.994356
540 1.8e-07 -0.218143
541 1.80333e-07 0.854549
542 1.80667e-07 0.76582
543 1.81e-07 -0.363739
544 1.81333e-07 -0.998939
545 1.81667e-07 -0.276476
546 1.82e-07 0.821746
547 1.82333e-07 0.80313
548 1.82667e-07 -0.307024
549 1.83e-07 -0.9999
550 1.83333e-07 -0.333807
551 1.83667e-07 0.785965
552 1.84e-07 0.837528
553 1.84333e-07 -0.249197
554 1.84667e-07 -0.997237
555 1.85e-07 -0.389928
556 1.85333e-07 0.747334
557 1.85667e-07 0.868891
558 1.86e-07 -0.190466
559 1.86333e-07 -0.99096
560 1.86667e-07 -0.444635
561 1.87e-07 0.705995
562 1.87333e-07 0.897104
563 1.87667e-07 -0.131045
564 1.88e-07 -0.981091
565 1.88333e-07 -0.497731
566 1.88667e-07 0.662097
567 1.89e-07 0.922066
568 1.89333e-07 -0.0711493
569 1.89667e-07 -0.967665
570 1.9e-07 -0.549023
571 1.90333e-07 0.615799
572 1.90667e-07 0.943686
573 1.91e-07 -0.0109954
574 1.91333e-07 -0.950732
575 1.91667e-07 -0.598325
576 1.92e-07 0.567269
577 1.92333e-07 0.961885
578 1.92667e-07 0.0491984
579 1.93e-07 -0.930354
580 1.93333e-07 -0.645458
581 1.93667e-07 0.516683
582 1.94e-07 0.976597
583 1.94333e-07 0.109214
584 1.94667e-07 -0.906603
585 1.95e-07 -0.690251
586 1.95333e-07 0.464224
587 1.95667e-07 0.98777
588 1.96e-07 0.168833
589 1.96333e-07 -0.879566
590 1.96667e-07 -0.732543
591 1.97e-07 0.410082
592 1.97333e-07 0.995363
593 1.97667e-07 0.227841
594 1.98e-07 -0.84934
595 1.98333e-07 -0.772179
596 1.98667e-07 0.354454
597 1.99e-07 0.999347
598 1.99333e-07 0.286023
599 1.99667e-07 -0.816037
600 2e-07 -0.809017
601 2.00333e-07 0.297542
602 2.00667e-07 0.99971
603 2.01e-07 0.343168
604 2.01333e-07 -0.779775
605 2.01667e-07 -0.842922
606 2.02e-07 0.23955
607 2.02333e-07 0.996449
608 2.02667e-07 0.399069
609 2.03e-07 -0.740687
610 2.03333e-07 -0.873772
611 2.03667e-07 0.180691
612 2.04e-07 0.989576
613 2.04333e-07 0.453524
614 2.04667e-07 -0.698915
615 2.05e-07 -0.901455
616 2.05333e-07 0.121176
617 2.05667e-07 0.979116
618 2.06e-07 0.506335
619 2.06333e-07 -0.654609
620 2.06667e-07 -0.925871
621 2.07e-07 0.0612227
622 2.07333e-07 0.965108
623 2.07667e-07 0.55731
624 2.08e-07 -0.60793
625 2.08333e-07 -0.94693
626 2.08667e-07 0.0010472
627 2.09e-07 0.947601
628 2.09333e-07 0.606266
629 2.09667e-07 -0.559048
630 2.1e-07 -0.964557
631 2.10333e-07 -0.0591321
632 2.10667e-07 0.92666
633 2.11e-07 0.653024
634 2.11333e-07 -0.50814
635 2.11667e-07 -0.978689
636 2.12e-07 -0.119097
637 2.12333e-07 0.90236
638 2.12667e-07 0.697415
639 2.13e-07 -0.45539
640 2.13333e-07 -0.989272
641 2.13667e-07 -0.17863
642 2.14e-07 0.874789
643 2.14333e-07 0.739279
644 2.14667e-07 -0.400989
645 2.15e-07 -0.99627
646 2.15333e-07 -0.237516
647 2.15667e-07 0.844047
648 2.16e-07 0.778462
649 2.16333e-07 -0.345134
650 2.16667e-07 -0.999657
651 2.17e-07 -0.295541
652 2.17333e-07 0.810246
653 2.17667e-07 0.814824
654 2.18e-07 -0.288029
655 2.18333e-07 -0.999421
656 2.18667e-07 -0.352495
657 2.19e-07 0.773508
658 2.19333e-07 0.848233
659 2.19667e-07 -0.22988
660 2.2e-07 -0.995562
661 2.20333e-07 -0.408171
662 2.20667e-07 0.733967
663 2.21e-07 0.878567
664 2.21333e-07 -0.170897
665 2.21667e-07 -0.988094
666 2.22e-07 -0.462368
667 2.22333e-07 0.691765
668 2.22667e-07 0.905717
669 2.23e-07 -0.111295
670 2.23333e-07 -0.977046
671 2.23667e-07 -0.514888
672 2.24e-07 0.647056
673 2.24333e-07 0.929584
674 2.24667e-07 -0.0512902
675 2.25e-07 -0.962455
676 2.25333e-07 -0.565543
677 2.25667e-07 0.600001
678 2.26e-07 0.950081
679 2.26333e-07 0.00890106
680 2.26667e-07 -0.944376
681 2.27e-07 -0.614147
682 2.27333e-07 0.550772
683 2.27667e-07 0.967135
684 2.28e-07 0.06906
685 2.28333e-07 -0.922875
686 2.28667e-07 -0.660526
687 2.29e-07 0.499546
688 2.29333e-07 0.980683
689 2.29667e-07 0.128969
690 2.3e-07 -0.898028
691 2.30333e-07 -0.70451
692 2.30667e-07 0.44651
693 2.31e-07 0.990677
694 2.31333e-07 0.18841
695 2.31667e-07 -0.869926
696 2.32e-07 -0.745941
697 2.32333e-07 0.391855
698 2.32667e-07 0.997079
699 2.33e-07 0.247168
700 2.33333e-07 -0.838671
701 2.33667e-07 -0.784668
702 2.34e-07 0.33578
703 2.34333e-07 0.999868
704 2.34667e-07 0.305031
705 2.35e-07 -0.804376
706 2.35333e-07 -0.820551
707 2.35667e-07 0.278488
708 2.36e-07 0.999033
709 2.36333e-07 0.361787
710 2.36667e-07 -0.767165
711 2.37e-07 -0.85346
712 2.37333e-07 0.220187
713 2.37667e-07 0.994576
714 2.38e-07 0.417233
715 2.38333e-07 -0.727174
716 2.38667e-07 -0.883275
717 2.39e-07 0.161087
718 2.39333e-07 0.986515
719 2.39667e-07 0.471166
720 2.4e-07 -0.684547
721 2.40333e-07 -0.909889
722 2.40667e-07 0.101404
723 2.41e-07 0.974878
724 2.41333e-07 0.523391
725 2.41667e-07 -0.639439
726 2.42e-07 -0.933205
727 2.42333e-07 0.0413525
728 2.42667e-07 0.959707
729 2.43e-07 0.573719
730 2.43333e-07 -0.592013
731 2.43667e-07 -0.953138
732 2.44e-07 -0.0188484
733 2.44333e-07 0.941058
734 2.44667e-07 0.621968
735 2.45e-07 -0.542442
736 2.45333e-07 -0.969616
737 2.45667e-07 -0.0789811
738 2.46e-07 0.918998
739 2.46333e-07 0.667962
740 2.46667e-07 -0.490904
741 2.47e-07 -0.98258
742 2.47333e-07 -0.138827
743 2.47667e-07 0.893607
744 2.48e-07 0.711536
745 2.48333e-07 -0.437587
746 2.48667e-07 -0.991983
747 2.49e-07 -0.198171
748 2.49333e-07 0.864976
749 2.49667e-07 0.75253
750 2.5e-07 -0.382683
751 2.50333e-07 -0.99779
752 2.50667e-07 -0.256795
753 2.51e-07 0.833211
754 2.51333e-07 0.790796
755 2.51667e-07 -0.326393
756 2.52e-07 -0.99998
757 2.52333e-07 -0.31449
758 2.52667e-07 0.798425
759 2.53e-07 0.826197
760 2.53333e-07 -0.26892
761 2.53667e-07 -0.998546
762 2.54e-07 -0.371044
763 2.54333e-07 0.760746
764 2.54667e-07 0.858602
765 2.55e-07 -0.210472
766 2.55333e-07 -0.993493
767 2.55667e-07 -0.426253
768 2.56e-07 0.720309
769 2.56333e-07 0.887896
770 2.56667e-07 -0.151261
771 2.57e-07 -0.984838
772 2.57333e-07 -0.479917
773 2.57667e-07 0.677261
774 2.58e-07 0.913971
775 2.58333e-07 -0.0915016
776 2.58667e-07 -0.972614
777 2.59e-07 -0.531842
778 2.59333e-07 0.631759
779 2.59667e-07 0.936733
780 2.6e-07 -0.0314108
781 2.60333e-07 -0.956864
782 2.60667e-07 -0.581839
783 2.61e-07 0.583966
784 2.61333e-07 0.9561
785 2.61667e-07 0.028794
786 2.62e-07 -0.937646
787 2.62333e-07 -0.629727
788 2.62667e-07 0.534057
789 2.63e-07 0.972002
790 2.63333e-07 0.0888943
791 2.63667e-07 -0.91503
792 2.64e-07 -0.675333
793 2.64333e-07 0.482212
794 2.64667e-07 0.984381
795 2.65e-07 0.148672
796 2.65333e-07 -0.889097
797 2.65667e-07 -0.718491
798 2.66e-07 0.42862
799 2.66333e-07 0.993191
800 2.66667e-07 0.207912
801 2.67e-07 -0.859941
802 2.67333e-07 -0.759044
803 2.67667e-07 0.373474
804 2.68e-07 0.998402
805 2.68333e-07 0.266397
806 2.68667e-07 -0.827669
807 2.69e-07 -0.796846
808 2.69333e-07 0.316974
809 2.69667e-07 0.999993
810 2.7e-07 0.323917
811 2.70333e-07 -0.792396
812 2.70667e-07 -0.83176
813 2.71e-07 0.259325
814 2.71333e-07 0.99796
815 2.71667e-07 0.380263
816 2.72e-07 -0.754251
817 2.72333e-07 -0.86366
818 2.72667e-07 0.200736
819 2.73e-07 0.99231
820 2.73333e-07 0.435231
821 2.73667e-07 -0.713373
822 2.74e-07 -0.892428
823 2.74333e-07 0.14142
824 2.74667e-07 0.983064
825 2.75e-07 0.488621
826 2.75333e-07 -0.669908
827 2.75667e-07 -0.917962
828 2.76e-07 0.0815906
829 2.76333e-07 0.970253
830 2.76667e-07 0.54024
831 2.77e-07 -0.624016
832 2.77333e-07 -0.940169
833 2.77667e-07 0.0214659
834 2.78e-07 0.953927
835 2.78333e-07 0.589901
836 2.78667e-07 -0.575862
837 2.79e-07 -0.958968
838 2.79333e-07 -0.0387366
839 2.79667e-07 0.934142
840 2.8e-07 0.637424
841 2.80333e-07 -0.52562
842 2.80667e-07 -0.974291
843 2.81e-07 -0.0987987
844 2.81333e-07 0.910972
845 2.81667e-07 0.682636
846 2.82e-07 -0.473473
847 2.82333e-07 -0.986083
848 2.82667e-07 -0.158503
849 2.83e-07 0.8845
850 2.83333e-07 0.725374
851 2.83667e-07 -0.419611
852 2.84e-07 -0.994301
853 2.84333e-07 -0.217632
854 2.84667e-07 0.854821
855 2.85e-07 0.765483
856 2.85333e-07 -0.364227
857 2.85667e-07 -0.998914
858 2.86e-07 -0.275973
859 2.86333e-07 0.822045
860 2.86667e-07 0.802817
861 2.87e-07 -0.307523
862 2.87333e-07 -0.999907
863 2.87667e-07 -0.333313
864 2.88e-07 0.786288
865 2.88333e-07 0.837242
866 2.88667e-07 -0.249704
867 2.89e-07 -0.997276
868 2.89333e-07 -0.389445
869 2.89667e-07 0.747682
870 2.9e-07 0.868632
871 2.90333e-07 -0.19098
872 2.90667e-07 -0.99103
873 2.91e-07 -0.444166
874 2.91333e-07 0.706366
875 2.91667e-07 0.896873
876 2.92e-07 -0.131564
877 2.92333e-07 -0.981192
878 2.92667e-07 -0.497277
879 2.93e-07 0.662489
880 2.93333e-07 0.921863
881 2.93667e-07 -0.0716715
882 2.94e-07 -0.967797
883 2.94333e-07 -0.548585
884 2.94667e-07 0.616211
885 2.95e-07 0.943512
886 2.95333e-07 -0.0115189
887 2.95667e-07 -0.950895
888 2.96e-07 -0.597905
889 2.96333e-07 0.5677
890 2.96667e-07 0.961741
891 2.97e-07 0.0486754
892 2.97333e-07 -0.930545
893 2.97667e-07 -0.645058
894 2.98e-07 0.517131
895 2.98333e-07 0.976485
896 2.98667e-07 0.108693
897 2.99e-07 -0.906823
898 2.99333e-07 -0.689872
899 2.99667e-07 0.464688
900 3e-07 0.987688
901 3.00333e-07 0.168317
902 3.00667e-07 -0.879815
903 3.01e-07 -0.732186
904 3.01333e-07 0.41056
905 3.01667e-07 0.995312
906 3.02e-07 0.227331
907 3.02333e-07 -0.849617
908 3.02667e-07 -0.771847
909 3.03e-07 0.354944
910 3.03333e-07 0.999328
911 3.03667e-07 0.285521
912 3.04e-07 -0.816339
913 3.04333e-07 -0.808709
914 3.04667e-07 0.298041
915 3.05e-07 0.999722
916 3.05333e-07 0.342676
917 3.05667e-07 -0.780103
918 3.06e-07 -0.84264
919 3.06333e-07 0.240059
920 3.06667e-07 0.996493
921 3.07e-07 0.398589
922 3.07333e-07 -0.741039
923 3.07667e-07 -0.873517
924 3.08e-07 0.181206
925 3.08333e-07 0.989651
926 3.08667e-07 0.453057
927 3.09e-07 -0.699289
928 3.09333e-07 -0.901228
929 3.09667e-07 0.121696
930 3.1e-07 0.979223
931 3.10333e-07 0.505883
932 3.10667e-07 -0.655005
933 3.11e-07 -0.925673
934 3.11333e-07 0.0617454
935 3.11667e-07 0.965245
936 3.12e-07 0.556876
937 3.12333e-07 -0.608346
938 3.12667e-07 -0.946762
939 3.13e-07 0.0015708
940 3.13333e-07 0.947768
941 3.13667e-07 0.60585
942 3.14e-07 -0.559482
943 3.14333e-07 -0.964419
944 3.14667e-07 -0.0586095
945 3.15e-07 0.926857
946 3.15333e-07 0.652628
947 3.15667e-07 -0.508591
948 3.16e-07 -0.978581
949 3.16333e-07 -0.118577
950 3.16667e-07 0.902585
951 3.17e-07 0.69704
952 3.17333e-07 -0.455856
953 3.17667e-07 -0.989196
954 3.18e-07 -0.178115
955 3.18333e-07 0.875042
956 3.18667e-07 0.738926
957 3.19e-07 -0.401468
958 3.19333e-07 -0.996225
959 3.19667e-07 -0.237008
960 3.2e-07 0.844328
961 3.20333e-07 0.778134
962 3.20667e-07 -0.345626
963 3.21e-07 -0.999643
964 3.21333e-07 -0.295041
965 3.21667e-07 0.810553
966 3.22e-07 0.814521
967 3.22333e-07 -0.288531
968 3.22667e-07 -0.999439
969 3.23e-07 -0.352005
970 3.23333e-07 0.77384
971 3.23667e-07 0.847956
972 3.24e-07 -0.230389
973 3.24333e-07 -0.995611
974 3.24667e-07 -0.407693
975 3.25e-07 0.734323
976 3.25333e-07 0.878317
977 3.25667e-07 -0.171413
978 3.26e-07 -0.988175
979 3.26333e-07 -0.461903
980 3.26667e-07 0.692143
981 3.27e-07 0.905495
982 3.27333e-07 -0.111816
983 3.27667e-07 -0.977157
984 3.28e-07 -0.51444
985 3.28333e-07 0.647455
986 3.28667e-07 0.92939
987 3.29e-07 -0.0518131
988 3.29333e-07 -0.962597
989 3.29667e-07 -0.565111
990 3.3e-07 0.60042
991 3.30333e-07 0.949918
992 3.30667e-07 0.00837748
993 3.31e-07 -0.944548
994 3.31333e-07 -0.613734
995 3.31667e-07 0.551209
996 3.32e-07 0.967001
997 3.32333e-07 0.0685377
998 3.32667e-07 -0.923076
999 3.33e-07 -0.660133
1000 3.33333e-07 0.5
1001 3.33667e-07 0.98058
1002 3.34e-07 0.128449
1003 3.34333e-07 -0.898258
1004 3.34667e-07 -0.704139
1005 3.35e-07 0.446979
1006 3.35333e-07 0.990605
1007 3.35667e-07 0.187896
1008 3.36e-07 -0.870184
1009 3.36333e-07 -0.745592
1010 3.36667e-07 0.392337
1011 3.37e-07 0.997039
1012 3.37333e-07 0.246661
1013 3.37667e-07 -0.838956
1014 3.38e-07 -0.784343
1015 3.38333e-07 0.336274
1016 3.38667e-07 0.99986
1017 3.39e-07 0.304532
1018 3.39333e-07 -0.804687
1019 3.39667e-07 -0.820252
1020 3.4e-07 0.278991
1021 3.40333e-07 0.999056
1022 3.40667e-07 0.361299
1023 3.41e-07 -0.767501
1024 3.41333e-07 -0.853187
1025 3.41667e-07 0.220697
1026 3.42e-07 0.994631
1027 3.42333e-07 0.416757
1028 3.42667e-07 -0.727533
1029 3.43e-07 -0.88303
1030 3.43333e-07 0.161604
1031 3.43667e-07 0.986601
1032 3.44e-07 0.470704
1033 3.44333e-07 -0.684929
1034 3.44667e-07 -0.909672
1035 3.45e-07 0.101924
1036 3.45333e-07 0.974994
1037 3.45667e-07 0.522945
1038 3.46e-07 -0.639841
1039 3.46333e-07 -0.933016
1040 3.46667e-07 0.0418757
1041 3.47e-07 0.959854
1042 3.47333e-07 0.57329
1043 3.47667e-07 -0.592435
1044 3.48e-07 -0.952979
1045 3.48333e-07 -0.0183249
1046 3.48667e-07 0.941235
1047 3.49e-07 0.621558
1048 3.49333e-07 -0.542881
1049 3.49667e-07 -0.969488
1050 3.5e-07 -0.0784591
1051 3.50333e-07 0.919204
1052 3.50667e-07 0.667573
1053 3.51e-07 -0.49136
1054 3.51333e-07 -0.982483
1055 3.51667e-07 -0.138309
1056 3.52e-07 0.893841
1057 3.52333e-07 0.711168
1058 3.52667e-07 -0.438057
1059 3.53e-07 -0.991917
1060 3.53333e-07 -0.197657
1061 3.53667e-07 0.865239
1062 3.54e-07 0.752185
1063 3.54333e-07 -0.383167
1064 3.54667e-07 -0.997755
1065 3.55e-07 -0.256289
1066 3.55333e-07 0.8335
1067 3.55667e-07 0.790476
1068 3.56e-07 -0.326888
1069 3.56333e-07 -0.999977
1070 3.56667e-07 -0.313992
1071 3.57e-07 0.798741
1072 3.57333e-07 0.825902
1073 3.57667e-07 -0.269424
1074 3.58e-07 -0.998574
1075 3.58333e-07 -0.370557
1076 3.58667e-07 0.761086
1077 3.59e-07 0.858334
1078 3.59333e-07 -0.210984
1079 3.59667e-07 -0.993552
1080 3.6e-07 -0.425779
1081 3.60333e-07 0.720672
1082 3.60667e-07 0.887655
1083 3.61e-07 -0.151778
1084 3.61333e-07 -0.984929
1085 3.61667e-07 -0.479458
1086 3.62e-07 0.677646
1087 3.62333e-07 0.913758
1088 3.62667e-07 -0.092023
1089 3.63e-07 -0.972735
1090 3.63333e-07 -0.531399
1091 3.63667e-07 0.632165
1092 3.64e-07 0.93655
1093 3.64333e-07 -0.0319341
1094 3.64667e-07 -0.957016
1095 3.65e-07 -0.581413
1096 3.65333e-07 0.584391
1097 3.65667e-07 0.955947
1098 3.66e-07 0.0282706
1099 3.66333e-07 -0.937828
1100 3.66667e-07 -0.62932
1101 3.67e-07 0.5345
1102 3.67333e-07 0.971879
1103 3.67667e-07 0.0883728
1104 3.68e-07 -0.915241
1105 3.68333e-07 -0.674947
1106 3.68667e-07 0.482671
1107 3.69e-07 0.984288
1108 3.69333e-07 0.148155
1109 3.69667e-07 -0.889337
1110 3.7e-07 -0.718126
1111 3.70333e-07 0.429093
1112 3.70667e-07 0.99313
1113 3.71e-07 0.2074
1114 3.71333e-07 -0.860208
1115 3.71667e-07 -0.758703
1116 3.72e-07 0.373959
1117 3.72333e-07 0.998372
1118 3.72667e-07 0.265893
1119 3.73e-07 -0.827962
1120 3.73333e-07 -0.79653
1121 3.73667e-07 0.31747
1122 3.74e-07 0.999995
1123 3.74333e-07 0.323422
1124 3.74667e-07 -0.792715
1125 3.75e-07 -0.83147
1126 3.75333e-07 0.25983
1127 3.75667e-07 0.997994
1128 3.76e-07 0.379779
1129 3.76333e-07 -0.754595
1130 3.76667e-07 -0.863396
1131 3.77e-07 0.201249
1132 3.77333e-07 0.992375
1133 3.77667e-07 0.43476
1134 3.78e-07 -0.71374
1135 3.78333e-07 -0.892192
1136 3.78667e-07 0.141938
1137 3.79e-07 0.983159
1138 3.79333e-07 0.488164
1139 3.79667e-07 -0.670297
1140 3.8e-07 -0.917755
1141 3.80333e-07 0.0821125
1142 3.80667e-07 0.97038
1143 3.81e-07 0.5398
1144 3.81333e-07 -0.624425
1145 3.81667e-07 -0.939991
1146 3.82e-07 0.0219894
1147 3.82333e-07 0.954084
1148 3.82667e-07 0.589478
1149 3.83e-07 -0.57629
1150 3.83333e-07 -0.95882
1151 3.83667e-07 -0.0382134
1152 3.84e-07 0.934329
1153 3.84333e-07 0.63702
1154 3.84667e-07 -0.526066
1155 3.85e-07 -0.974173
1156 3.85333e-07 -0.0982777
1157 3.85667e-07 0.911188
1158 3.86e-07 0.682254
1159 3.86333e-07 -0.473935
1160 3.86667e-07 -0.985996
1161 3.87e-07 -0.157986
1162 3.87333e-07 0.884744
1163 3.87667e-07 0.725014
1164 3.88e-07 -0.420086
1165 3.88333e-07 -0.994245
1166 3.88667e-07 -0.217121
1167 3.89e-07 0.855093
1168 3.89333e-07 0.765146
1169 3.89667e-07 -0.364714
1170 3.9e-07 -0.99889
1171 3.90333e-07 -0.27547
1172 3.90667e-07 0.822343
1173 3.91e-07 0.802505
1174 3.91333e-07 -0.308021
1175 3.91667e-07 -0.999914
1176 3.92e-07 -0.33282
1177 3.92333e-07 0.786612
1178 3.92667e-07 0.836955
1179 3.93e-07 -0.250211
1180 3.93333e-07 -0.997314
1181 3.93667e-07 -0.388963
1182 3.94e-07 0.74803
1183 3.94333e-07 0.868372
1184 3.94667e-07 -0.191494
1185 3.95e-07 -0.9911
1186 3.95333e-07 -0.443697
1187 3.95667e-07 0.706736
1188 3.96e-07 0.896641
1189 3.96333e-07 -0.132083
1190 3.96667e-07 -0.981293
1191 3.97e-07 -0.496822
1192 3.97333e-07 0.662881
1193 3.97667e-07 0.92166
1194 3.98e-07 -0.0721938
1195 3.98333e-07 -0.967929
1196 3.98667e-07 -0.548147
1197 3.99e-07 0.616624
1198 3.99333e-07 0.943339
1199 3.99667e-07 -0.0120425
1200 4e-07 -0.951057
1201 4.00333e-07 -0.597485
1202 4.00667e-07 0.568131
1203 4.01e-07 0.961598
1204 4.01333e-07 0.0481525
1205 4.01667e-07 -0.930737
1206 4.02e-07 -0.644657
1207 4.02333e-07 0.517579
1208 4.02667e-07 0.976371
1209 4.03e-07 0.108173
1210 4.03333e-07 -0.907044
1211 4.03667e-07 -0.689493
1212 4.04e-07 0.465151
1213 4.04333e-07 0.987606
1214 4.04667e-07 0.167801
1215 4.05e-07 -0.880063
1216 4.05333e-07 -0.73183
1217 4.05667e-07 0.411037
1218 4.06e-07 0.995261
1219 4.06333e-07 0.226821
1220 4.06667e-07 -0.849893
1221 4.07e-07 -0.771514
1222 4.07333e-07 0.355433
1223 4.07667e-07 0.999309
1224 4.08e-07 0.285019
1225 4.08333e-07 -0.816642
1226 4.08667e-07 -0.808401
1227 4.09e-07 0.298541
1228 4.09333e-07 0.999735
1229 4.09667e-07 0.342184
1230 4.1e-07 -0.78043
1231 4.10333e-07 -0.842358
1232 4.10667e-07 0.240567
1233 4.11e-07 0.996537
1234 4.11333e-07 0.398109
1235 4.11667e-07 -0.741391
1236 4.12e-07 -0.873262
1237 4.12333e-07 0.181721
1238 4.12667e-07 0.989726
1239 4.13e-07 0.45259
1240 4.13333e-07 -0.699663
1241 4.13667e-07 -0.901001
1242 4.14e-07 0.122216
1243 4.14333e-07 0.979329
1244 4.14667e-07 0.505431
1245 4.15e-07 -0.6554
1246 4.15333e-07 -0.925474
1247 4.15667e-07 0.0622679
1248 4.16e-07 0.965382
1249 4.16333e-07 0.556441
1250 4.16667e-07 -0.608761
1251 4.17e-07 -0.946593
1252 4.17333e-07 0.00209439
1253 4.17667e-07 0.947935
1254 4.18e-07 0.605433
1255 4.18333e-07 -0.559916
1256 4.18667e-07 -0.964281
1257 4.19e-07 -0.0580867
1258 4.19333e-07 0.927053
1259 4.19667e-07 0.652231
1260 4.2e-07 -0.509041
1261 4.20333e-07 -0.978473
1262 4.20667e-07 -0.118057
1263 4.21e-07 0.902811
1264 4.21333e-07 0.696664
1265 4.21667e-07 -0.456322
1266 4.22e-07 -0.989119
1267 4.22333e-07 -0.1776
1268 4.22667e-07 0.875296
1269 4.23e-07 0.738573
1270 4.23333e-07 -0.401948
1271 4.23667e-07 -0.996179
1272 4.24e-07 -0.236499
1273 4.24333e-07 0.844608
1274 4.24667e-07 0.777805
1275 4.25e-07 -0.346117
1276 4.25333e-07 -0.999629
1277 4.25667e-07 -0.294541
1278 4.26e-07 0.81086
1279 4.26333e-07 0.814217
1280 4.26667e-07 -0.289032
1281 4.27e-07 -0.999456
1282 4.27333e-07 -0.351515
1283 4.27667e-07 0.774172
1284 4.28e-07 0.847678
1285 4.28333e-07 -0.230899
1286 4.28667e-07 -0.99566
1287 4.29e-07 -0.407215
1288 4.29333e-07 0.734678
1289 4.29667e-07 0.878067
1290 4.3e-07 -0.171929
1291 4.30333e-07 -0.988255
1292 4.30667e-07 -0.461439
1293 4.31e-07 0.692521
1294 4.31333e-07 0.905272
1295 4.31667e-07 -0.112336
1296 4.32e-07 -0.977268
1297 4.32333e-07 -0.51399
1298 4.32667e-07 0.647854
1299 4.33e-07 0.929197
1300 4.33333e-07 -0.052336
1301 4.33667e-07 -0.962739
1302 4.34e-07 -0.564679
1303 4.34333e-07 0.600839
1304 4.34667e-07 0.949754
1305 4.35e-07 0.0078539
1306 4.35333e-07 -0.94472
1307 4.35667e-07 -0.613321
1308 4.36e-07 0.551646
1309 4.36333e-07 0.966868
1310 4.36667e-07 0.0680153
1311 4.37e-07 -0.923277
1312 4.37333e-07 -0.659739
1313 4.37667e-07 0.500453
1314 4.38e-07 0.980478
1315 4.38333e-07 0.12793
1316 4.38667e-07 -0.898488
1317 4.39e-07 -0.703767
1318 4.39333e-07 0.447447
1319 4.39667e-07 0.990533
1320 4.4e-07 0.187381
1321 4.40333e-07 -0.870442
1322 4.40667e-07 -0.745243
1323 4.41e-07 0.392819
1324 4.41333e-07 0.996999
1325 4.41667e-07 0.246153
1326 4.42e-07 -0.83924
1327 4.42333e-07 -0.784019
1328 4.42667e-07 0.336767
1329 4.43e-07 0.999851
1330 4.43333e-07 0.304033
1331 4.43667e-07 -0.804997
1332 4.44e-07 -0.819952
1333 4.44333e-07 0.279494
1334 4.44667e-07 0.999078
1335 4.45e-07 0.360811
1336 4.45333e-07 -0.767836
1337 4.45667e-07 -0.852914
1338 4.46e-07 0.221208
1339 4.46333e-07 0.994685
1340 4.46667e-07 0.416281
1341 4.47e-07 -0.727892
1342 4.47333e-07 -0.882784
1343 4.47667e-07 0.162121
1344 4.48e-07 0.986686
1345 4.48333e-07 0.470242
1346 4.48667e-07 -0.68531
1347 4.49e-07 -0.909454
1348 4.49333e-07 0.102445
1349 4.49667e-07 0.975111
1350 4.5e-07 0.522499
1351 4.50333e-07 -0.640244
1352 4.50667e-07 -0.932828
1353 4.51e-07 0.0423988
1354 4.51333e-07 0.960001
1355 4.51667e-07 0.572861
1356 4.52e-07 -0.592857
1357 4.52333e-07 -0.952821
1358 4.52667e-07 -0.0178014
1359 4.53e-07 0.941412
1360 4.53333e-07 0.621148
1361 4.53667e-07 -0.543321
1362 4.54e-07 -0.96936
1363 4.54333e-07 -0.0779371
1364 4.54667e-07 0.91941
1365 4.55e-07 0.667183
1366 4.55333e-07 -0.491816
1367 4.55667e-07 -0.982385
1368 4.56e-07 -0.13779
1369 4.56333e-07 0.894076
1370 4.56667e-07 0.710799
1371 4.57e-07 -0.438528
1372 4.57333e-07 -0.99185
1373 4.57667e-07 -0.197144
1374 4.58e-07 0.865501
1375 4.58333e-07 0.75184
1376 4.58667e-07 -0.383651
1377 4.59e-07 -0.99772
1378 4.59333e-07 -0.255783
1379 4.59667e-07 0.833789
1380 4.6e-07 0.790155
1381 4.60333e-07 -0.327383
1382 4.60667e-07 -0.999973
1383 4.61e-07 -0.313495
1384 4.61333e-07 0.799055
1385 4.61667e-07 0.825606
1386 4.62e-07 -0.269928
1387 4.62333e-07 -0.998602
1388 4.62667e-07 -0.370071
1389 4.63e-07 0.761425
1390 4.63333e-07 0.858065
1391 4.63667e-07 -0.211495
1392 4.64e-07 -0.993611
1393 4.64333e-07 -0.425305
1394 4.64667e-07 0.721035
1395 4.65e-07 0.887413
1396 4.65333e-07 -0.152296
1397 4.65667e-07 -0.985019
1398 4.66e-07 -0.478998
1399 4.66333e-07 0.678031
1400 4.66667e-07 0.913545
1401 4.67e-07 -0.0925444
1402 4.67333e-07 -0.972857
1403 4.67667e-07 -0.530955
1404 4.68e-07 0.63257
1405 4.68333e-07 0.936366
1406 4.68667e-07 -0.0324574
1407 4.69e-07 -0.957168
1408 4.69333e-07 -0.580987
1409 4.69667e-07 0.584816
1410 4.7e-07 0.955793
1411 4.70333e-07 0.0277472
1412 4.70667e-07 -0.93801
1413 4.71e-07 -0.628913
1414 4.71333e-07 0.534942
1415 4.71667e-07 0.971755
1416 4.72e-07 0.0878512
1417 4.72333e-07 -0.915452
1418 4.72667e-07 -0.67456
1419 4.73e-07 0.48313
1420 4.73333e-07 0.984196
1421 4.73667e-07 0.147637
1422 4.74e-07 -0.889576
1423 4.74333e-07 -0.717762
1424 4.74667e-07 0.429566
1425 4.75e-07 0.993068
1426 4.75333e-07 0.206887
1427 4.75667e-07 -0.860475
1428 4.76e-07 -0.758362
1429 4.76333e-07 0.374445
1430 4.76667e-07 0.998342
1431 4.77e-07 0.265388
1432 4.77333e-07 -0.828256
1433 4.77667e-07 -0.796213
1434 4.78e-07 0.317967
1435 4.78333e-07 0.999997
1436 4.78667e-07 0.322927
1437 4.79e-07 -0.793034
1438 4.79333e-07 -0.831179
1439 4.79667e-07 0.260336
1440 4.8e-07 0.998027
1441 4.80333e-07 0.379295
1442 4.80667e-07 -0.754939
1443 4.81e-07 -0.863131
1444 4.81333e-07 0.201762
1445 4.81667e-07 0.992439
1446 4.82e-07 0.434288
1447 4.82333e-07 -0.714106
1448 4.82667e-07 -0.891955
1449 4.83e-07 0.142456
1450 4.83333e-07 0.983255
1451 4.83667e-07 0.487707
1452 4.84e-07 -0.670686
1453 4.84333e-07 -0.917547
1454 4.84667e-07 0.0826343
1455 4.85e-07 0.970506
1456 4.85333e-07 0.539359
1457 4.85667e-07 -0.624834
1458 4.86e-07 -0.939812
1459 4.86333e-07 0.0225128
1460 4.86667e-07 0.95424
1461 4.87e-07 0.589055
1462 4.87333e-07 -0.576718
1463 4.87667e-07 -0.958671
1464 4.88e-07 -0.0376902
1465 4.88333e-07 0.934515
1466 4.88667e-07 0.636617
1467 4.89e-07 -0.526511
1468 4.89333e-07 -0.974055
1469 4.89667e-07 -0.0977566
1470 4.9e-07 0.911403
1471 4.90333e-07 0.681871
1472 4.90667e-07 -0.474396
1473 4.91e-07 -0.985909
1474 4.91333e-07 -0.157469
1475 4.91667e-07 0.884988
1476 4.92e-07 0.724653
1477 4.92333e-07 -0.420561
1478 4.92667e-07 -0.994189
1479 4.93e-07 -0.21661
1480 4.93333e-07 0.855364
1481 4.93667e-07 0.764809
1482 4.94e-07 -0.365202
1483 4.94333e-07 -0.998865
1484 4.94667e-07 -0.274966
1485 4.95e-07 0.822641
1486 4.95333e-07 0.802193
1487 4.95667e-07 -0.308519
1488 4.96e-07 -0.999921
1489 4.96333e-07 -0.332326
1490 4.96667e-07 0.786935
1491 4.97e-07 0.836669
1492 4.97333e-07 -0.250718
1493 4.97667e-07 -0.997353
1494 4.98e-07 -0.388481
1495 4.98333e-07 0.748377
1496 4.98667e-07 0.868112
1497 4.99e-07 -0.192008
1498 4.99333e-07 -0.991169
1499 4.99667e-07 -0.443228
1500 5e-07 0.707107
1501 5.00333e-07 0.896409
1502 5.00667e-07 -0.132602
1503 5.01e-07 -0.981393
1504 5.01333e-07 -0.496368
1505 5.01667e-07 0.663273
1506 5.02e-07 0.921457
1507 5.02333e-07 -0.072716
1508 5.02667e-07 -0.96806
1509 5.03e-07 -0.547709
1510 5.03333e-07 0.617036
1511 5.03667e-07 0.943165
1512 5.04e-07 -0.012566
1513 5.04333e-07 -0.951218
1514 5.04667e-07 -0.597065
1515 5.05e-07 0.568562
1516 5.05333e-07 0.961454
1517 5.05667e-07 0.0476295
1518 5.06e-07 -0.930928
1519 5.06333e-07 -0.644257
1520 5.06667e-07 0.518027
1521 5.07e-07 0.976258
1522 5.07333e-07 0.107652
1523 5.07667e-07 -0.907264
1524 5.08e-07 -0.689114
1525 5.08333e-07 0.465615
1526 5.08667e-07 0.987524
1527 5.09e-07 0.167285
1528 5.09333e-07 -0.880312
1529 5.09667e-07 -0.731473
1530 5.1e-07 0.411514
1531 5.10333e-07 0.99521
1532 5.10667e-07 0.226311
1533 5.11e-07 -0.850168
1534 5.11333e-07 -0.77118
1535 5.11667e-07 0.355923
1536 5.12e-07 0.999289
1537 5.12333e-07 0.284517
1538 5.12667e-07 -0.816944
1539 5.13e-07 -0.808093
1540 5.13333e-07 0.299041
1541 5.13667e-07 0.999747
1542 5.14e-07 0.341692
1543 5.14333e-07 -0.780758
1544 5.14667e-07 -0.842076
1545 5.15e-07 0.241075
1546 5.15333e-07 0.99658
1547 5.15667e-07 0.397628
1548 5.16e-07 -0.741742
1549 5.16333e-07 -0.873007
1550 5.16667e-07 0.182236
1551 5.17e-07 0.989801
1552 5.17333e-07 0.452123
1553 5.17667e-07 -0.700037
1554 5.18e-07 -0.900774
1555 5.18333e-07 0.122735
1556 5.18667e-07 0.979435
1557 5.19e-07 0.50498
1558 5.19333e-07 -0.655796
1559 5.19667e-07 -0.925276
1560 5.2e-07 0.0627905
1561 5.20333e-07 0.965518
1562 5.20667e-07 0.556006
1563 5.21e-07 -0.609177
1564 5.21333e-07 -0.946424
1565 5.21667e-07 0.00261799
1566 5.22e-07 0.948102
1567 5.22333e-07 0.605016
1568 5.22667e-07 -0.56035
1569 5.23e-07 -0.964142
1570 5.23333e-07 -0.057564
1571 5.23667e-07 0.927249
1572 5.24e-07 0.651834
1573 5.24333e-07 -0.509492
1574 5.24667e-07 -0.978365
1575 5.25e-07 -0.117537
1576 5.25333e-07 0.903036
1577 5.25667e-07 0.696289
1578 5.26e-07 -0.456787
1579 5.26333e-07 -0.989042
1580 5.26667e-07 -0.177085
1581 5.27e-07 0.875549
1582 5.27333e-07 0.73822
1583 5.27667e-07 -0.402427
1584 5.28e-07 -0.996134
1585 5.28333e-07 -0.23599
1586 5.28667e-07 0.844889
1587 5.29e-07 0.777475
1588 5.29333e-07 -0.346608
1589 5.29667e-07 -0.999615
1590 5.3e-07 -0.29404
1591 5.30333e-07 0.811166
1592 5.30667e-07 0.813913
1593 5.31e-07 -0.289533
1594 5.31333e-07 -0.999473
1595 5.31667e-07 -0.351025
1596 5.32e-07 0.774503
1597 5.32333e-07 0.8474
1598 5.32667e-07 -0.231408
1599 5.33e-07 -0.995709
1600 5.33333e-07 -0.406737
1601 5.33667e-07 0.735033
1602 5.34e-07 0.877816
1603 5.34333e-07 -0.172445
1604 5.34667e-07 -0.988335
1605 5.35e-07 -0.460974
1606 5.35333e-07 0.692899
1607 5.35667e-07 0.90505
1608 5.36e-07 -0.112856
1609 5.36333e-07 -0.977379
1610 5.36667e-07 -0.513541
1611 5.37e-07 0.648253
1612 5.37333e-07 0.929003
1613 5.37667e-07 -0.0528588
1614 5.38e-07 -0.96288
1615 5.38333e-07 -0.564247
1616 5.38667e-07 0.601257
1617 5.39e-07 0.94959
1618 5.39333e-07 0.00733032
1619 5.39667e-07 -0.944892
1620 5.4e-07 -0.612907
1621 5.40333e-07 0.552083
1622 5.40667e-07 0.966734
1623 5.41e-07 0.0674929
1624 5.41333e-07 -0.923478
1625 5.41667e-07 -0.659346
1626 5.42e-07 0.500907
1627 5.42333e-07 0.980375
1628 5.42667e-07 0.127411
1629 5.43e-07 -0.898718
1630 5.43333e-07 -0.703395
1631 5.43667e-07 0.447915
1632 5.44e-07 0.990461
1633 5.44333e-07 0.186867
1634 5.44667e-07 -0.870699
1635 5.45e-07 -0.744894
1636 5.45333e-07 0.3933
1637 5.45667e-07 0.996958
1638 5.46e-07 0.245646
1639 5.46333e-07 -0.839525
1640 5.46667e-07 -0.783693
1641 5.47e-07 0.33726
1642 5.47333e-07 0.999842
1643 5.47667e-07 0.303534
1644 5.48e-07 -0.805308
1645 5.48333e-07 -0.819652
1646 5.48667e-07 0.279997
1647 5.49e-07 0.999101
1648 5.49333e-07 0.360322
1649 5.49667e-07 -0.768172
1650 5.5e-07 -0.85264
1651 5.50333e-07 0.221719
1652 5.50667e-07 0.994739
1653 5.51e-07 0.415805
1654 5.51333e-07 -0.728251
1655 5.51667e-07 -0.882538
1656 5.52e-07 0.162637
1657 5.52333e-07 0.986771
1658 5.52667e-07 0.46978
1659 5.53e-07 -0.685691
1660 5.53333e-07 -0.909236
1661 5.53667e-07 0.102966
1662 5.54e-07 0.975227
1663 5.54333e-07 0.522052
1664 5.54667e-07 -0.640646
1665 5.55e-07 -0.932639
1666 5.55333e-07 0.0429219
1667 5.55667e-07 0.960147
1668 5.56e-07 0.572432
1669 5.56333e-07 -0.593278
1670 5.56667e-07 -0.952661
1671 5.57e-07 -0.0172779
1672 5.57333e-07 0.941588
1673 5.57667e-07 0.620737
1674 5.58e-07 -0.54376
1675 5.58333e-07 -0.969231
1676 5.58667e-07 -0.0774151
1677 5.59e-07 0.919616
1678 5.59333e-07 0.666793
1679 5.59667e-07 -0.492272
1680 5.6e-07 -0.982287
1681 5.60333e-07 -0.137272
1682 5.60667e-07 0.89431
1683 5.61e-07 0.710431
1684 5.61333e-07 -0.438999
1685 5.61667e-07 -0.991783
1686 5.62e-07 -0.196631
1687 5.62333e-07 0.865763
1688 5.62667e-07 0.751494
1689 5.63e-07 -0.384134
1690 5.63333e-07 -0.997684
1691 5.63667e-07 -0.255277
1692 5.64e-07 0.834078
1693 5.64333e-07 0.789834
1694 5.64667e-07 -0.327878
1695 5.65e-07 -0.999969
1696 5.65333e-07 -0.312998
1697 5.65667e-07 0.79937
1698 5.66e-07 0.825311
1699 5.66333e-07 -0.270432
1700 5.66667e-07 -0.99863
1701 5.67e-07 -0.369585
1702 5.67333e-07 0.761764
1703 5.67667e-07 0.857796
1704 5.68e-07 -0.212007
1705 5.68333e-07 -0.99367
1706 5.68667e-07 -0.424832
1707 5.69e-07 0.721398
1708 5.69333e-07 0.887172
1709 5.69667e-07 -0.152813
1710 5.7e-07 -0.985109
1711 5.70333e-07 -0.478539
1712 5.70667e-07 0.678416
1713 5.71e-07 0.913332
1714 5.71333e-07 -0.0930657
1715 5.71667e-07 -0.972978
1716 5.72e-07 -0.530511
1717 5.72333e-07 0.632976
1718 5.72667e-07 0.936182
1719 5.73e-07 -0.0329807
1720 5.73333e-07 -0.957319
1721 5.73667e-07 -0.580561
1722 5.74e-07 0.585241
1723 5.74333e-07 0.955639
1724 5.74667e-07 0.0272238
1725 5.75e-07 -0.938191
1726 5.75333e-07 -0.628506
1727 5.75667e-07 0.535385
1728 5.76e-07 0.971632
1729 5.76333e-07 0.0873296
1730 5.76667e-07 -0.915663
1731 5.77e-07 -0.674173
1732 5.77333e-07 0.483588
1733 5.77667e-07 0.984103
1734 5.78e-07 0.147119
1735 5.78333e-07 -0.889815
1736 5.78667e-07 -0.717397
1737 5.79e-07 0.430038
1738 5.79333e-07 0.993007
1739 5.79667e-07 0.206375
1740 5.8e-07 -0.860742
1741 5.80333e-07 -0.758021
1742 5.80667e-07 0.37493
1743 5.81e-07 0.998312
1744 5.81333e-07 0.264883
1745 5.81667e-07 -0.828549
1746 5.82e-07 -0.795896
1747 5.82333e-07 0.318463
1748 5.82667e-07 0.999998
1749 5.83e-07 0.322431
1750 5.83333e-07 -0.793353
1751 5.83667e-07 -0.830887
1752 5.84e-07 0.260842
1753 5.84333e-07 0.998059
1754 5.84667e-07 0.37881
1755 5.85e-07 -0.755282
1756 5.85333e-07 -0.862867
1757 5.85667e-07 0.202275
1758 5.86e-07 0.992504
1759 5.86333e-07 0.433816
1760 5.86667e-07 -0.714473
1761 5.87e-07 -0.891719
1762 5.87333e-07 0.142974
1763 5.87667e-07 0.98335
1764 5.88e-07 0.48725
1765 5.88333e-07 -0.671074
1766 5.88667e-07 -0.917338
1767 5.89e-07 0.0831561
1768 5.89333e-07 0.970633
1769 5.89667e-07 0.538918
1770 5.9e-07 -0.625243
1771 5.90333e-07 -0.939633
1772 5.90667e-07 0.0230363
1773 5.91e-07 0.954397
1774 5.91333e-07 0.588632
1775 5.91667e-07 -0.577145
1776 5.92e-07 -0.958522
1777 5.92333e-07 -0.037167
1778 5.92667e-07 0.934702
1779 5.93e-07 0.636213
1780 5.93333e-07 -0.526956
1781 5.93667e-07 -0.973936
1782 5.94e-07 -0.0972355
1783 5.94333e-07 0.911619
1784 5.94667e-07 0.681488
1785 5.95e-07 -0.474856
1786 5.95333e-07 -0.985821
1787 5.95667e-07 -0.156952
1788 5.96e-07 0.885231
1789 5.96333e-07 0.724292
1790 5.96667e-07 -0.421036
1791 5.97e-07 -0.994132
1792 5.97333e-07 -0.216099
1793 5.97667e-07 0.855635
1794 5.98e-07 0.764472
1795 5.98333e-07 -0.365689
1796 5.98667e-07 -0.99884
1797 5.99e-07 -0.274463
1798 5.99333e-07 0.822938
1799 5.99667e-07 0.80188
1800 6e-07 -0.309017
1801 6.00333e-07 -0.999927
1802 6.00667e-07 -0.331832
1803 6.01e-07 0.787258
1804 6.01333e-07 0.836382
1805 6.01667e-07 -0.251225
1806 6.02e-07 -0.997391
1807 6.02333e-07 -0.387998
1808 6.02667e-07 0.748724
1809 6.03e-07 0.867852
1810 6.03333e-07 -0.192522
1811 6.03667e-07 -0.991239
1812 6.04e-07 -0.442758
1813 6.04333e-07 0.707477
1814 6.04667e-07 0.896177
1815 6.05e-07 -0.133121
1816 6.05333e-07 -0.981494
1817 6.05667e-07 -0.495913
1818 6.06e-07 0.663665
1819 6.06333e-07 0.921253
1820 6.06667e-07 -0.0732382
1821 6.07e-07 -0.968191
1822 6.07333e-07 -0.547271
1823 6.07667e-07 0.617448
1824 6.08e-07 0.942991
1825 6.08333e-07 -0.0130896
1826 6.08667e-07 -0.95138
1827 6.09e-07 -0.596645
1828 6.09333e-07 0.568993
1829 6.09667e-07 0.96131
1830 6.1e-07 0.0471065
1831 6.10333e-07 -0.931119
1832 6.10667e-07 -0.643857
1833 6.11e-07 0.518475
1834 6.11333e-07 0.976145
1835 6.11667e-07 0.107132
1836 6.12e-07 -0.907484
1837 6.12333e-07 -0.688734
1838 6.12667e-07 0.466078
1839 6.13e-07 0.987441
1840 6.13333e-07 0.166769
1841 6.13667e-07 -0.88056
1842 6.14e-07 -0.731116
1843 6.14333e-07 0.411992
1844 6.14667e-07 0.995159
1845 6.15e-07 0.225801
1846 6.15333e-07 -0.850444
1847 6.15667e-07 -0.770847
1848 6.16e-07 0.356412
1849 6.16333e-07 0.99927
1850 6.16667e-07 0.284015
1851 6.17e-07 -0.817245
1852 6.17333e-07 -0.807784
1853 6.17667e-07 0.29954
1854 6.18e-07 0.999758
1855 6.18333e-07 0.3412
1856 6.18667e-07 -0.781085
1857 6.19e-07 -0.841794
1858 6.19333e-07 0.241583
1859 6.19667e-07 0.996623
1860 6.2e-07 0.397148
1861 6.20333e-07 -0.742093
1862 6.20667e-07 -0.872752
1863 6.21e-07 0.18275
1864 6.21333e-07 0.989876
1865 6.21667e-07 0.451656
1866 6.22e-07 -0.700411
1867 6.22333e-07 -0.900547
1868 6.22667e-07 0.123255
1869 6.23e-07 0.97954
1870 6.23333e-07 0.504528
1871 6.23667e-07 -0.656191
1872 6.24e-07 -0.925077
1873 6.24333e-07 0.0633131
1874 6.24667e-07 0.965654
1875 6.25e-07 0.55557
1876 6.25333e-07 -0.609592
1877 6.25667e-07 -0.946255
1878 6.26e-07 0.00314159
1879 6.26333e-07 0.948268
1880 6.26667e-07 0.604599
1881 6.27e-07 -0.560784
1882 6.27333e-07 -0.964003
1883 6.27667e-07 -0.0570413
1884 6.28e-07 0.927445
1885 6.28333e-07 0.651437
1886 6.28667e-07 -0.509943
1887 6.29e-07 -0.978256
1888 6.29333e-07 -0.117017
1889 6.29667e-07 0.90326
1890 6.3e-07 0.695913
1891 6.30333e-07 -0.457253
1892 6.30667e-07 -0.988964
1893 6.31e-07 -0.176569
1894 6.31333e-07 0.875802
1895 6.31667e-07 0.737867
1896 6.32e-07 -0.402906
1897 6.32333e-07 -0.996087
1898 6.32667e-07 -0.235481
1899 6.33e-07 0.845169
1900 6.33333e-07 0.777146
1901 6.33667e-07 -0.347099
1902 6.34e-07 -0.9996
1903 6.34333e-07 -0.29354
1904 6.34667e-07 0.811472
1905 6.35e-07 0.813608
1906 6.35333e-07 -0.290034
1907 6.35667e-07 -0.99949
1908 6.36e-07 -0.350534
1909 6.36333e-07 0.774834
1910 6.36667e-07 0.847122
1911 6.37e-07 -0.231918
1912 6.37333e-07 -0.995757
1913 6.37667e-07 -0.406258
1914 6.38e-07 0.735388
1915 6.38333e-07 0.877565
1916 6.38667e-07 -0.172961
1917 6.39e-07 -0.988415
1918 6.39333e-07 -0.46051
1919 6.39667e-07 0.693276
1920 6.4e-07 0.904827
1921 6.40333e-07 -0.113377
1922 6.40667e-07 -0.97749
1923 6.41e-07 -0.513092
1924 6.41333e-07 0.648651
1925 6.41667e-07 0.92881
1926 6.42e-07 -0.0533817
1927 6.42333e-07 -0.963022
1928 6.42667e-07 -0.563814
1929 6.43e-07 0.601676
1930 6.43333e-07 0.949425
1931 6.43667e-07 0.00680673
1932 6.44e-07 -0.945063
1933 6.44333e-07 -0.612493
1934 6.44667e-07 0.552519
1935 6.45e-07 0.9666
1936 6.45333e-07 0.0669705
1937 6.45667e-07 -0.923679
1938 6.46e-07 -0.658952
1939 6.46333e-07 0.50136
1940 6.46667e-07 0.980271
1941 6.47e-07 0.126891
1942 6.47333e-07 -0.898947
1943 6.47667e-07 -0.703022
1944 6.48e-07 0.448383
1945 6.48333e-07 0.990389
1946 6.48667e-07 0.186353
1947 6.49e-07 -0.870957
1948 6.49333e-07 -0.744545
1949 6.49667e-07 0.393781
1950 6.5e-07 0.996917
1951 6.50333e-07 0.245138
1952 6.50667e-07 -0.839809
1953 6.51e-07 -0.783368
1954 6.51333e-07 0.337752
1955 6.51667e-07 0.999832
1956 6.52e-07 0.303035
1957 6.52333e-07 -0.805618
1958 6.52667e-07 -0.819352
1959 6.53e-07 0.280499
1960 6.53333e-07 0.999123
1961 6.53667e-07 0.359834
1962 6.54e-07 -0.768507
1963 6.54333e-07 -0.852366
1964 6.54667e-07 0.222229
1965 6.55e-07 0.994792
1966 6.55333e-07 0.415328
1967 6.55667e-07 -0.72861
1968 6.56e-07 -0.882291
1969 6.56333e-07 0.163154
1970 6.56667e-07 0.986856
1971 6.57e-07 0.469317
1972 6.57333e-07 -0.686072
1973 6.57667e-07 -0.909018
1974 6.58e-07 0.103487
1975 6.58333e-07 0.975342
1976 6.58667e-07 0.521605
1977 6.59e-07 -0.641048
1978 6.59333e-07 -0.93245
1979 6.59667e-07 0.043445
1980 6.6e-07 0.960294
1981 6.60333e-07 0.572003
1982 6.60667e-07 -0.5937
1983 6.61e-07 -0.952502
1984 6.61333e-07 -0.0167544
1985 6.61667e-07 0.941764
1986 6.62e-07 0.620327
1987 6.62333e-07 -0.5442
1988 6.62667e-07 -0.969102
1989 6.63e-07 -0.076893
1990 6.63333e-07 0.919821
1991 6.63667e-07 0.666402
1992 6.64e-07 -0.492727
1993 6.64333e-07 -0.982189
1994 6.64667e-07 -0.136753
1995 6.65e-07 0.894545
1996 6.65333e-07 0.710062
1997 6.65667e-07 -0.439469
1998 6.66e-07 -0.991716
1999 6.66333e-07 -0.196117
2000 6.66667e-07 0.866025
2001 6.67e-07 0.751149
2002 6.67333e-07 -0.384618
2003 6.67667e-07 -0.997649
2004 6.68e-07 -0.254771
2005 6.68333e-07 0.834367
2006 6.68667e-07 0.789513
2007 6.69e-07 -0.328372
2008 6.69333e-07 -0.999965
2009 6.69667e-07 -0.312501
2010 6.7e-07 0.799685
2011 6.70333e-07 0.825015
2012 6.70667e-07 -0.270936
2013 6.71e-07 -0.998657
2014 6.71333e-07 -0.369098
2015 6.71667e-07 0.762104
