0 0 0
1 3.33333e-10 0.99779
2 6.66667e-10 -0.132602
3 1e-09 -0.980168
4 1.33333e-09 0.262863
5 1.66667e-09 0.945234
6 2e-09 -0.388481
7 2.33333e-09 -0.893607
8 2.66667e-09 0.507238
9 3e-09 0.826197
10 3.33333e-09 -0.617036
11 3.66667e-09 -0.744195
12 4e-09 0.715936
13 4.33333e-09 0.64905
14 4.66667e-09 -0.802193
15 5e-09 -0.542442
16 5.33333e-09 0.874281
17 5.66667e-09 0.426253
18 6e-09 -0.930928
19 6.33333e-09 -0.302536
20 6.66667e-09 0.971134
21 7e-09 0.173476
22 7.33333e-09 -0.994189
23 7.66667e-09 -0.0413525
24 8e-09 0.999684
25 8.33333e-09 -0.0915016
26 8.66667e-09 -0.987524
27 9e-09 0.22274
28 9.33333e-09 0.957923
29 9.66667e-09 -0.350044
30 1e-08 -0.911403
31 1.03333e-08 0.471166
32 1.06667e-08 0.848787
33 1.1e-08 -0.583966
34 1.13333e-08 -0.77118
35 1.16667e-08 0.686453
36 1.2e-08 0.679953
37 1.23333e-08 -0.776816
38 1.26667e-08 -0.576718
39 1.3e-08 0.85346
40 1.33333e-08 0.463296
41 1.36667e-08 -0.91503
42 1.4e-08 -0.341692
43 1.43333e-08 0.96044
44 1.46667e-08 0.214053
45 1.5e-08 -0.988886
46 1.53333e-08 -0.0826343
47 1.56667e-08 0.999868
48 1.6e-08 -0.0502443
49 1.63333e-08 -0.993191
50 1.66667e-08 0.182236
51 1.7e-08 0.968973
52 1.73333e-08 -0.311008
53 1.76667e-08 -0.927641
54 1.8e-08 0.434288
55 1.83333e-08 0.869926
56 1.86667e-08 -0.549898
57 1.9e-08 -0.796846
58 1.93333e-08 0.655796
59 1.96667e-08 0.709694
60 2e-08 -0.750111
61 2.03333e-08 -0.610007
62 2.06667e-08 0.831179
63 2.1e-08 0.499546
64 2.13333e-08 -0.897566
65 2.16667e-08 -0.380263
66 2.2e-08 0.948102
67 2.23333e-08 0.254264
68 2.26667e-08 -0.981893
69 2.3e-08 -0.123775
70 2.33333e-08 0.998342
71 2.36667e-08 -0.00890106
72 2.4e-08 -0.997159
73 2.43333e-08 0.14142
74 2.46667e-08 0.978365
75 2.5e-08 -0.27144
76 2.53333e-08 -0.942291
77 2.56667e-08 0.396667
78 2.6e-08 0.889576
79 2.63333e-08 -0.514888
80 2.66667e-08 -0.821149
81 2.7e-08 0.624016
82 2.73333e-08 0.73822
83 2.76667e-08 -0.722123
84 2.8e-08 -0.642253
85 2.83333e-08 0.807475
86 2.86667e-08 0.534942
87 2.9e-08 -0.878567
88 2.93333e-08 -0.418184
89 2.96667e-08 0.934142
90 3e-08 0.29404
91 3.03333e-08 -0.973219
92 3.06667e-08 -0.164703
93 3.1e-08 0.995107
94 3.13333e-08 0.0324574
95 3.16667e-08 -0.999421
96 3.2e-08 0.100362
97 3.23333e-08 0.986083
98 3.26667e-08 -0.231408
99 3.3e-08 -0.95533
100 3.33333e-08 0.358368
101 3.36667e-08 0.907704
102 3.4e-08 -0.478998
103 3.43333e-08 -0.844047
104 3.46667e-08 0.591169
105 3.5e-08 0.765483
106 3.53333e-08 -0.692899
107 3.56667e-08 -0.6734
108 3.6e-08 0.782391
109 3.63333e-08 0.569423
110 3.66667e-08 -0.858065
111 3.7e-08 -0.45539
112 3.73333e-08 0.918584
113 3.76667e-08 0.333313
114 3.8e-08 -0.96288
115 3.83333e-08 -0.20535
116 3.86667e-08 0.990171
117 3.9e-08 0.0737604
118 3.93333e-08 -0.999973
119 3.96667e-08 0.0591321
120 4e-08 0.992115
121 4.03333e-08 -0.19098
122 4.06667e-08 -0.966734
123 4.1e-08 0.319456
124 4.13333e-08 0.92428
125 4.16667e-08 -0.442289
126 4.2e-08 -0.865501
127 4.23333e-08 0.55731
128 4.26667e-08 0.791437
129 4.3e-08 -0.662489
130 4.33333e-08 -0.703395
131 4.36667e-08 0.755968
132 4.4e-08 0.60293
133 4.43333e-08 -0.836095
134 4.46667e-08 -0.491816
135 4.5e-08 0.901455
136 4.53333e-08 0.372016
137 4.56667e-08 -0.950895
138 4.6e-08 -0.245646
139 4.63333e-08 0.98354
140 4.66667e-08 0.114937
141 4.7e-08 -0.998815
142 4.73333e-08 0.0178014
143 4.76667e-08 0.996449
144 4.8e-08 -0.150226
145 4.83333e-08 -0.976485
146 4.86667e-08 0.279997
147 4.9e-08 0.939274
148 4.93333e-08 -0.404822
149 4.96667e-08 -0.885475
150 5e-08 0.522499
151 5.03333e-08 0.816037
152 5.06667e-08 -0.630947
153 5.1e-08 -0.732186
154 5.13333e-08 0.728251
155 5.16667e-08 0.635405
156 5.2e-08 -0.812694
157 5.23333e-08 -0.527401
158 5.26667e-08 0.882784
159 5.3e-08 0.410082
160 5.33333e-08 -0.937282
161 5.36667e-08 -0.285521
162 5.4e-08 0.975227
163 5.43333e-08 0.155917
164 5.46667e-08 -0.995947
165 5.5e-08 -0.0235598
166 5.53333e-08 0.999078
167 5.56667e-08 -0.109214
168 5.6e-08 -0.984564
169 5.63333e-08 0.240059
170 5.66667e-08 0.952661
171 5.7e-08 -0.366664
172 5.73333e-08 -0.903933
173 5.76667e-08 0.486793
174 5.8e-08 0.83924
175 5.83333e-08 -0.598325
176 5.86667e-08 -0.759725
177 5.9e-08 0.699289
178 5.93333e-08 0.666793
179 5.96667e-08 -0.787903
180 6e-08 -0.562083
181 6.03333e-08 0.862602
182 6.06667e-08 0.447447
183 6.1e-08 -0.922066
184 6.13333e-08 -0.324908
185 6.16667e-08 0.965245
186 6.2e-08 0.196631
187 6.23333e-08 -0.991376
188 6.26667e-08 -0.0648806
189 6.3e-08 0.999999
190 6.33333e-08 -0.0680153
191 6.36667e-08 -0.99096
192 6.4e-08 0.19971
193 6.43333e-08 0.964419
194 6.46667e-08 -0.327878
195 6.5e-08 -0.920845
196 6.53333e-08 0.450254
197 6.56667e-08 0.861008
198 6.6e-08 -0.564679
199 6.63333e-08 -0.785965
200 6.66667e-08 0.669131
201 6.7e-08 0.69704
202 6.73333e-08 -0.761764
203 6.76667e-08 -0.595804
204 6.8e-08 0.840945
205 6.83333e-08 0.484046
206 6.86667e-08 -0.905272
207 6.9e-08 -0.363739
208 6.93333e-08 0.953612
209 6.96667e-08 0.237008
210 7e-08 -0.985109
211 7.03333e-08 -0.106091
212 7.06667e-08 0.999208
213 7.1e-08 -0.0267004
214 7.13333e-08 -0.99566
215 7.16667e-08 0.15902
216 7.2e-08 0.974527
217 7.23333e-08 -0.288531
218 7.26667e-08 -0.936182
219 7.3e-08 0.412945
220 7.33333e-08 0.881303
221 7.36667e-08 -0.530067
222 7.4e-08 -0.81086
223 7.43333e-08 0.637827
224 7.46667e-08 0.726095
225 7.5e-08 -0.734323
226 7.53333e-08 -0.628506
227 7.56667e-08 0.817849
228 7.6e-08 0.519817
229 7.63333e-08 -0.88693
230 7.66667e-08 -0.401948
231 7.7e-08 0.940348
232 7.73333e-08 0.276979
233 7.76667e-08 -0.977157
234 7.8e-08 -0.147119
235 7.83333e-08 0.996709
236 7.86667e-08 0.0146602
237 7.9e-08 -0.998657
238 7.93333e-08 0.118057
239 7.96667e-08 0.982967
240 8e-08 -0.24869
241 8.03333e-08 -0.949918
242 8.06667e-08 0.37493
243 8.1e-08 0.900091
244 8.13333e-08 -0.494549
245 8.16667e-08 -0.834367
246 8.2e-08 0.605433
247 8.23333e-08 0.753907
248 8.26667e-08 -0.705624
249 8.3e-08 -0.660133
250 8.33333e-08 0.793353
251 8.36667e-08 0.554699
252 8.4e-08 -0.867071
253 8.43333e-08 -0.439469
254 8.46667e-08 0.925474
255 8.5e-08 0.316477
256 8.53333e-08 -0.967533
257 8.56667e-08 -0.187896
258 8.6e-08 0.992504
259 8.63333e-08 0.0559958
260 8.66667e-08 -0.999945
261 8.7e-08 0.076893
262 8.73333e-08 0.989726
263 8.76667e-08 -0.208424
264 8.8e-08 -0.962028
265 8.83333e-08 0.336274
266 8.86667e-08 0.917338
267 8.9e-08 -0.458184
268 8.93333e-08 -0.856447
269 8.96667e-08 0.572003
270 9e-08 0.78043
271 9.03333e-08 -0.675719
272 9.06667e-08 -0.69063
273 9.1e-08 0.767501
274 9.13333e-08 0.588632
275 9.16667e-08 -0.845728
276 9.2e-08 -0.476238
277 9.23333e-08 0.909018
278 9.26667e-08 0.355433
279 9.3e-08 -0.956254
280 9.33333e-08 -0.228351
281 9.36667e-08 0.986601
282 9.4e-08 0.0972355
283 9.43333e-08 -0.999523
284 9.46667e-08 0.0355972
285 9.5e-08 0.994792
286 9.53333e-08 -0.167801
287 9.56667e-08 -0.972492
288 9.6e-08 0.297042
289 9.63333e-08 0.933016
290 9.66667e-08 -0.421036
291 9.7e-08 -0.877062
292 9.73333e-08 0.537594
293 9.76667e-08 0.805618
294 9.8e-08 -0.644657
295 9.83333e-08 -0.719946
296 9.86667e-08 0.740335
297 9.9e-08 0.621558
298 9.93333e-08 -0.822938
299 9.96667e-08 -0.512193
300 1e-07 0.891007
301 1.00333e-07 0.393781
302 1.00667e-07 -0.943339
303 1.01e-07 -0.268415
304 1.01333e-07 0.97901
305 1.01667e-07 0.138309
306 1.02e-07 -0.997391
307 1.02333e-07 -0.00575955
308 1.02667e-07 0.998156
309 1.03e-07 -0.126891
310 1.03333e-07 -0.981293
311 1.03667e-07 0.257301
312 1.04e-07 0.947098
313 1.04333e-07 -0.383167
314 1.04667e-07 -0.896177
315 1.05e-07 0.502266
316 1.05333e-07 0.829428
317 1.05667e-07 -0.612493
318 1.06e-07 -0.74803
319 1.06333e-07 0.711903
320 1.06667e-07 0.653421
321 1.07e-07 -0.798741
322 1.07333e-07 -0.547271
323 1.07667e-07 0.871471
324 1.08e-07 0.431456
325 1.08333e-07 -0.92881
326 1.08667e-07 -0.308021
327 1.09e-07 0.969744
328 1.09333e-07 0.179146
329 1.09667e-07 -0.993552
330 1.1e-07 -0.0471065
331 1.10333e-07 0.999812
332 1.10667e-07 -0.0857647
333 1.11e-07 -0.988415
334 1.11333e-07 0.217121
335 1.11667e-07 0.95956
336 1.12e-07 -0.344643
337 1.12333e-07 -0.913758
338 1.12667e-07 0.466078
339 1.13e-07 0.851818
340 1.13333e-07 -0.579281
341 1.13667e-07 -0.774834
342 1.14e-07 0.682254
343 1.14333e-07 0.684165
344 1.14667e-07 -0.773177
345 1.15e-07 -0.581413
346 1.15333e-07 0.850444
347 1.15667e-07 0.468392
348 1.16e-07 -0.912692
349 1.16333e-07 -0.347099
350 1.16667e-07 0.95882
351 1.17e-07 0.219676
352 1.17333e-07 -0.988014
353 1.17667e-07 -0.0883728
354 1.18e-07 0.999758
355 1.18333e-07 -0.0444912
356 1.18667e-07 -0.993845
357 1.19e-07 0.176569
358 1.19333e-07 0.97038
359 1.19667e-07 -0.305529
360 1.2e-07 -0.929776
361 1.20333e-07 0.429093
362 1.20667e-07 0.872752
363 1.21e-07 -0.545078
364 1.21333e-07 -0.800313
365 1.21667e-07 0.651437
366 1.22e-07 0.71374
367 1.22333e-07 -0.74629
368 1.22667e-07 -0.614561
369 1.23e-07 0.827962
370 1.23333e-07 0.504528
371 1.23667e-07 -0.895012
372 1.24e-07 -0.385584
373 1.24333e-07 0.946255
374 1.24667e-07 0.25983
375 1.25e-07 -0.980785
376 1.25333e-07 -0.129488
377 1.25667e-07 0.997994
378 1.26e-07 -0.00314159
379 1.26333e-07 -0.997576
380 1.26667e-07 0.135716
381 1.27e-07 0.97954
382 1.27333e-07 -0.265893
383 1.27667e-07 -0.944204
384 1.28e-07 0.391374
385 1.28333e-07 0.892192
386 1.28667e-07 -0.509943
387 1.29e-07 -0.824423
388 1.29333e-07 0.619505
389 1.29667e-07 0.742093
390 1.3e-07 -0.718126
391 1.30333e-07 -0.646657
392 1.30667e-07 0.804064
393 1.31e-07 0.5398
394 1.31333e-07 -0.875802
395 1.31667e-07 -0.423409
396 1.32e-07 0.932071
397 1.32333e-07 0.29954
398 1.32667e-07 -0.971879
399 1.33e-07 -0.170381
400 1.33333e-07 0.994522
401 1.33667e-07 0.0382134
402 1.34e-07 -0.9996
403 1.34333e-07 0.0946296
404 1.34667e-07 0.987024
405 1.35e-07 -0.225801
406 1.35333e-07 -0.957016
407 1.35667e-07 0.352985
408 1.36e-07 0.910106
409 1.36333e-07 -0.473935
410 1.36667e-07 -0.847122
411 1.37e-07 0.586514
412 1.37333e-07 0.769177
413 1.37667e-07 -0.688734
414 1.38e-07 -0.677646
415 1.38333e-07 0.778791
416 1.38667e-07 0.574148
417 1.39e-07 -0.855093
418 1.39333e-07 -0.46051
419 1.39667e-07 0.916293
420 1.4e-07 0.338738
421 1.40333e-07 -0.96131
422 1.40667e-07 -0.210984
423 1.41e-07 0.989349
424 1.41333e-07 0.079503
425 1.41667e-07 -0.999914
426 1.42e-07 0.0533817
427 1.42333e-07 0.99282
428 1.42667e-07 -0.185324
429 1.43e-07 -0.968191
430 1.43333e-07 0.313992
431 1.43667e-07 0.926463
432 1.44e-07 -0.437116
433 1.44333e-07 -0.868372
434 1.44667e-07 0.552519
435 1.45e-07 0.794944
436 1.45333e-07 -0.658164
437 1.45667e-07 -0.707477
438 1.46e-07 0.752185
439 1.46333e-07 0.607514
440 1.46667e-07 -0.832921
441 1.47e-07 -0.496822
442 1.47333e-07 0.898947
443 1.47667e-07 0.377356
444 1.48e-07 -0.949096
445 1.48333e-07 -0.251225
446 1.48667e-07 0.982483
447 1.49e-07 0.120657
448 1.49333e-07 -0.998518
449 1.49667e-07 0.0120425
450 1.5e-07 0.996917
451 1.50333e-07 -0.144529
452 1.50667e-07 -0.97771
453 1.51e-07 0.274463
454 1.51333e-07 0.941235
455 1.51667e-07 -0.399549
456 1.52e-07 -0.888136
457 1.52333e-07 0.517579
458 1.52667e-07 0.819352
459 1.53e-07 -0.626468
460 1.53333e-07 -0.736097
461 1.53667e-07 0.724292
462 1.54e-07 0.639841
463 1.54333e-07 -0.809325
464 1.54667e-07 -0.532285
465 1.55e-07 0.880063
466 1.55333e-07 0.415328
467 1.55667e-07 -0.935259
468 1.56e-07 -0.291036
469 1.56333e-07 0.973936
470 1.56667e-07 0.161604
471 1.57e-07 -0.995413
472 1.57333e-07 -0.0293173
473 1.57667e-07 0.999309
474 1.58e-07 -0.103487
475 1.58333e-07 -0.985556
476 1.58667e-07 0.234463
477 1.59e-07 0.954397
478 1.59333e-07 -0.361299
479 1.59667e-07 -0.906382
480 1.6e-07 0.481754
481 1.60333e-07 0.842358
482 1.60667e-07 -0.5937
483 1.61e-07 -0.763458
484 1.61333e-07 0.69516
485 1.61667e-07 0.671074
486 1.62e-07 -0.784343
487 1.62333e-07 -0.566838
488 1.62667e-07 0.859674
489 1.63e-07 0.45259
490 1.63333e-07 -0.919821
491 1.63667e-07 -0.33035
492 1.64e-07 0.963724
493 1.64333e-07 0.202275
494 1.64667e-07 -0.990605
495 1.65e-07 -0.070627
496 1.65333e-07 0.999991
497 1.65667e-07 -0.0622679
498 1.66e-07 -0.991716
499 1.66333e-07 0.194063
500 1.66667e-07 0.965926
501 1.67e-07 -0.322431
502 1.67333e-07 -0.923076
503 1.67667e-07 0.445104
504 1.68e-07 0.863923
505 1.68333e-07 -0.559916
506 1.68667e-07 -0.789513
507 1.69e-07 0.664839
508 1.69333e-07 0.701158
509 1.69667e-07 -0.758021
510 1.7e-07 -0.60042
511 1.70333e-07 0.837814
512 1.70667e-07 0.489078
513 1.71e-07 -0.902811
514 1.71333e-07 -0.369098
515 1.71667e-07 0.951862
516 1.72e-07 0.242599
517 1.72333e-07 -0.984103
518 1.72667e-07 -0.111816
519 1.73e-07 0.998963
520 1.73333e-07 -0.0209424
521 1.73667e-07 -0.996179
522 1.74e-07 0.153331
523 1.74333e-07 0.975802
524 1.74667e-07 -0.283011
525 1.75e-07 -0.938191
526 1.75333e-07 0.407693
527 1.75667e-07 0.884011
528 1.76e-07 -0.525175
529 1.76333e-07 -0.814217
530 1.76667e-07 0.633381
531 1.77e-07 0.730043
532 1.77333e-07 -0.730401
533 1.77667e-07 -0.632976
534 1.78e-07 0.814521
535 1.78333e-07 0.524729
536 1.78667e-07 -0.884255
537 1.79e-07 -0.407215
538 1.79333e-07 0.938372
539 1.79667e-07 0.282509
540 1.8e-07 -0.975917
541 1.80333e-07 -0.152813
542 1.80667e-07 0.996225
543 1.81e-07 0.0204189
544 1.81333e-07 -0.998939
545 1.81667e-07 0.112336
546 1.82e-07 0.98401
547 1.82333e-07 -0.243107
548 1.82667e-07 -0.951702
549 1.83e-07 0.369585
550 1.83333e-07 0.902585
551 1.83667e-07 -0.489535
552 1.84e-07 -0.837528
553 1.84333e-07 0.600839
554 1.84667e-07 0.757679
555 1.85e-07 -0.701531
556 1.85333e-07 -0.664448
557 1.85667e-07 0.789834
558 1.86e-07 0.559482
559 1.86333e-07 -0.864187
560 1.86667e-07 -0.444635
561 1.87e-07 0.923277
562 1.87333e-07 0.321935
563 1.87667e-07 -0.966061
564 1.88e-07 -0.193549
565 1.88333e-07 0.991783
566 1.88667e-07 0.0617454
567 1.89e-07 -0.999989
568 1.89333e-07 0.0711493
569 1.89667e-07 0.990533
570 1.9e-07 -0.202787
571 1.90333e-07 -0.963584
572 1.90667e-07 0.330844
573 1.91e-07 0.919616
574 1.91333e-07 -0.453057
575 1.91667e-07 -0.859406
576 1.92e-07 0.567269
577 1.92333e-07 0.784019
578 1.92667e-07 -0.671462
579 1.93e-07 -0.694784
580 1.93333e-07 0.763796
581 1.93667e-07 0.593278
582 1.94e-07 -0.84264
583 1.94333e-07 -0.481295
584 1.94667e-07 0.906603
585 1.95e-07 0.360811
586 1.95333e-07 -0.954553
587 1.95667e-07 -0.233954
588 1.96e-07 0.985645
589 1.96333e-07 0.102966
590 1.96667e-07 -0.999328
591 1.97e-07 0.0298407
592 1.97333e-07 0.995363
593 1.97667e-07 -0.162121
594 1.98e-07 -0.973817
595 1.98333e-07 0.291537
596 1.98667e-07 0.935073
597 1.99e-07 -0.415805
598 1.99333e-07 -0.879815
599 1.99667e-07 0.532729
600 2e-07 0.809017
601 2.00333e-07 -0.640244
602 2.00667e-07 -0.723931
603 2.01e-07 0.736451
604 2.01333e-07 0.62606
605 2.01667e-07 -0.819652
606 2.02e-07 -0.517131
607 2.02333e-07 0.888377
608 2.02667e-07 0.399069
609 2.03e-07 -0.941412
610 2.03333e-07 -0.273959
611 2.03667e-07 0.97782
612 2.04e-07 0.144011
613 2.04333e-07 -0.996958
614 2.04667e-07 -0.0115189
615 2.05e-07 0.998489
616 2.05333e-07 -0.121176
617 2.05667e-07 -0.982385
618 2.06e-07 0.251732
619 2.06333e-07 0.948931
620 2.06667e-07 -0.377841
621 2.07e-07 -0.898718
622 2.07333e-07 0.497277
623 2.07667e-07 0.832631
624 2.08e-07 -0.60793
625 2.08333e-07 -0.75184
626 2.08667e-07 0.707847
627 2.09e-07 0.65777
628 2.09333e-07 -0.795262
629 2.09667e-07 -0.552083
630 2.1e-07 0.868632
631 2.10333e-07 0.436645
632 2.10667e-07 -0.92666
633 2.11e-07 -0.313495
634 2.11333e-07 0.968322
635 2.11667e-07 0.184809
636 2.12e-07 -0.992883
637 2.12333e-07 -0.0528588
638 2.12667e-07 0.999907
639 2.13e-07 -0.080025
640 2.13333e-07 -0.989272
641 2.13667e-07 0.211495
642 2.14e-07 0.961165
643 2.14333e-07 -0.339231
644 2.14667e-07 -0.916083
645 2.15e-07 0.460974
646 2.15333e-07 0.854821
647 2.15667e-07 -0.574577
648 2.16e-07 -0.778462
649 2.16333e-07 0.678031
650 2.16667e-07 0.688355
651 2.17e-07 -0.769511
652 2.17333e-07 -0.58609
653 2.17667e-07 0.8474
654 2.18e-07 0.473473
655 2.18333e-07 -0.910323
656 2.18667e-07 -0.352495
657 2.19e-07 0.957168
658 2.19333e-07 0.225291
659 2.19667e-07 -0.987108
660 2.2e-07 -0.0941083
661 2.20333e-07 0.999615
662 2.20667e-07 -0.0387366
663 2.21e-07 -0.994467
664 2.21333e-07 0.170897
665 2.21667e-07 0.971755
666 2.22e-07 -0.30004
667 2.22333e-07 -0.931881
668 2.22667e-07 0.423883
669 2.23e-07 0.875549
670 2.23333e-07 -0.54024
671 2.23667e-07 -0.803753
672 2.24e-07 0.647056
673 2.24333e-07 0.717762
674 2.24667e-07 -0.742444
675 2.25e-07 -0.619094
676 2.25333e-07 0.824719
677 2.25667e-07 0.509492
678 2.26e-07 -0.892428
679 2.26333e-07 -0.390892
680 2.26667e-07 0.944376
681 2.27e-07 0.265388
682 2.27333e-07 -0.979645
683 2.27667e-07 -0.135197
684 2.28e-07 0.997613
685 2.28333e-07 0.00261799
686 2.28667e-07 -0.99796
687 2.29e-07 0.130007
688 2.29333e-07 0.980683
689 2.29667e-07 -0.260336
690 2.3e-07 -0.946085
691 2.30333e-07 0.386067
692 2.30667e-07 0.894779
693 2.31e-07 -0.50498
694 2.31333e-07 -0.827669
695 2.31667e-07 0.614974
696 2.32e-07 0.745941
697 2.32333e-07 -0.714106
698 2.32667e-07 -0.651039
699 2.33e-07 0.800627
700 2.33333e-07 0.544639
701 2.33667e-07 -0.873007
702 2.34e-07 -0.42862
703 2.34333e-07 0.929969
704 2.34667e-07 0.305031
705 2.35e-07 -0.970506
706 2.35333e-07 -0.176054
707 2.35667e-07 0.993903
708 2.36e-07 0.0439681
709 2.36333e-07 -0.999747
710 2.36667e-07 0.0888943
711 2.37e-07 0.987933
712 2.37333e-07 -0.220187
713 2.37667e-07 -0.958671
714 2.38e-07 0.34759
715 2.38333e-07 0.912477
716 2.38667e-07 -0.468855
717 2.39e-07 -0.850168
718 2.39333e-07 0.581839
719 2.39667e-07 0.772844
720 2.4e-07 -0.684547
721 2.40333e-07 -0.681871
722 2.40667e-07 0.775165
723 2.41e-07 0.578854
724 2.41333e-07 -0.852093
725 2.41667e-07 -0.465615
726 2.42e-07 0.913971
727 2.42333e-07 0.344151
728 2.42667e-07 -0.959707
729 2.43e-07 -0.21661
730 2.43333e-07 0.988494
731 2.43667e-07 0.085243
732 2.44e-07 -0.999822
733 2.44333e-07 0.0476295
734 2.44667e-07 0.993493
735 2.45e-07 -0.179661
736 2.45333e-07 -0.969616
737 2.45667e-07 0.308519
738 2.46e-07 0.928615
739 2.46333e-07 -0.431928
740 2.46667e-07 -0.871214
741 2.47e-07 0.547709
742 2.47333e-07 0.798425
743 2.47667e-07 -0.653817
744 2.48e-07 -0.711536
745 2.48333e-07 0.748377
746 2.48667e-07 0.612079
747 2.49e-07 -0.82972
748 2.49333e-07 -0.501813
749 2.49667e-07 0.896409
750 2.5e-07 0.382683
751 2.50333e-07 -0.947266
752 2.50667e-07 -0.256795
753 2.51e-07 0.981393
754 2.51333e-07 0.126372
755 2.51667e-07 -0.998188
756 2.52e-07 0.00628314
757 2.52333e-07 0.997353
758 2.52667e-07 -0.138827
759 2.53e-07 -0.978903
760 2.53333e-07 0.26892
761 2.53667e-07 0.943165
762 2.54e-07 -0.394263
763 2.54333e-07 -0.890769
764 2.54667e-07 0.512642
765 2.55e-07 0.822641
766 2.55333e-07 -0.621968
767 2.55667e-07 -0.739983
768 2.56e-07 0.720309
769 2.56333e-07 0.644257
770 2.56667e-07 -0.805928
771 2.57e-07 -0.537152
772 2.57333e-07 0.877314
773 2.57667e-07 0.420561
774 2.58e-07 -0.933205
775 2.58333e-07 -0.296542
776 2.58667e-07 0.972614
777 2.59e-07 0.167285
778 2.59333e-07 -0.994845
779 2.59667e-07 -0.0350739
780 2.6e-07 0.999507
781 2.60333e-07 -0.0977566
782 2.60667e-07 -0.986515
783 2.61e-07 0.228861
784 2.61333e-07 0.9561
785 2.61667e-07 -0.355923
786 2.62e-07 -0.9088
787 2.62333e-07 0.476699
788 2.62667e-07 0.845448
789 2.63e-07 -0.589055
790 2.63333e-07 -0.767165
791 2.63667e-07 0.691009
792 2.64e-07 0.675333
793 2.64333e-07 -0.780758
794 2.64667e-07 -0.571573
795 2.65e-07 0.856718
796 2.65333e-07 0.457719
797 2.65667e-07 -0.917547
798 2.66e-07 -0.33578
799 2.66333e-07 0.96217
800 2.66667e-07 0.207912
801 2.67e-07 -0.989801
802 2.67333e-07 -0.076371
803 2.67667e-07 0.999951
804 2.68e-07 -0.0565185
805 2.68333e-07 -0.992439
806 2.68667e-07 0.18841
807 2.69e-07 0.9674
808 2.69333e-07 -0.316974
809 2.69667e-07 -0.925276
810 2.7e-07 0.439939
811 2.70333e-07 0.86681
812 2.70667e-07 -0.555135
813 2.71e-07 -0.793034
814 2.71333e-07 0.660526
815 2.71667e-07 0.705253
816 2.72e-07 -0.754251
817 2.72333e-07 -0.605016
818 2.72667e-07 0.834656
819 2.73e-07 0.494094
820 2.73333e-07 -0.900319
821 2.73667e-07 -0.374445
822 2.74e-07 0.950081
823 2.74333e-07 0.248183
824 2.74667e-07 -0.983064
825 2.75e-07 -0.117537
826 2.75333e-07 0.998684
827 2.75667e-07 -0.0151838
828 2.76e-07 -0.996666
829 2.76333e-07 0.147637
830 2.76667e-07 0.977046
831 2.77e-07 -0.277482
832 2.77333e-07 -0.940169
833 2.77667e-07 0.402427
834 2.78e-07 0.886688
835 2.78333e-07 -0.520265
836 2.78667e-07 -0.817547
837 2.79e-07 0.628913
838 2.79333e-07 0.733967
839 2.79667e-07 -0.726455
840 2.8e-07 -0.637424
841 2.80333e-07 0.811166
842 2.80667e-07 0.529623
843 2.81e-07 -0.881551
844 2.81333e-07 -0.412469
845 2.81667e-07 0.936366
846 2.82e-07 0.288029
847 2.82333e-07 -0.974644
848 2.82667e-07 -0.158503
849 2.83e-07 0.995709
850 2.83333e-07 0.0261769
851 2.83667e-07 -0.999187
852 2.84e-07 0.106611
853 2.84333e-07 0.985019
854 2.84667e-07 -0.237516
855 2.85e-07 -0.953454
856 2.85333e-07 0.364227
857 2.85667e-07 0.90505
858 2.86e-07 -0.484504
859 2.86333e-07 -0.840661
860 2.86667e-07 0.596225
861 2.87e-07 0.761425
862 2.87333e-07 -0.697415
863 2.87667e-07 -0.668741
864 2.88e-07 0.786288
865 2.88333e-07 0.564247
866 2.88667e-07 -0.861275
867 2.89e-07 -0.449787
868 2.89333e-07 0.92105
869 2.89667e-07 0.327383
870 2.9e-07 -0.964557
871 2.90333e-07 -0.199197
872 2.90667e-07 0.99103
873 2.91e-07 0.0674929
874 2.91333e-07 -0.999999
875 2.91667e-07 0.0654031
876 2.92e-07 0.991308
877 2.92333e-07 -0.197144
878 2.92667e-07 -0.965108
879 2.93e-07 0.325403
880 2.93333e-07 0.921863
881 2.93667e-07 -0.447915
882 2.94e-07 -0.862337
883 2.94333e-07 0.562516
884 2.94667e-07 0.787581
885 2.95e-07 -0.667183
886 2.95333e-07 -0.698915
887 2.95667e-07 0.760066
888 2.96e-07 0.597905
889 2.96333e-07 -0.839525
890 2.96667e-07 -0.486335
891 2.97e-07 0.904157
892 2.97333e-07 0.366176
893 2.97667e-07 -0.952821
894 2.98e-07 -0.23955
895 2.98333e-07 0.984656
896 2.98667e-07 0.108693
897 2.99e-07 -0.999101
898 2.99333e-07 0.0240832
899 2.99667e-07 0.9959
900 3e-07 -0.156434
901 3.00333e-07 -0.975111
902 3.00667e-07 0.286023
903 3.01e-07 0.937099
904 3.01333e-07 -0.41056
905 3.01667e-07 -0.882538
906 3.02e-07 0.527846
907 3.02333e-07 0.812389
908 3.02667e-07 -0.635809
909 3.03e-07 -0.727892
910 3.03333e-07 0.732543
911 3.03667e-07 0.63054
912 3.04e-07 -0.816339
913 3.04333e-07 -0.522052
914 3.04667e-07 0.885718
915 3.05e-07 0.404344
916 3.05333e-07 -0.939454
917 3.05667e-07 -0.279494
918 3.06e-07 0.976597
919 3.06333e-07 0.149708
920 3.06667e-07 -0.996493
921 3.07e-07 -0.0172779
922 3.07333e-07 0.998789
923 3.07667e-07 -0.115457
924 3.08e-07 -0.983445
925 3.08333e-07 0.246153
926 3.08667e-07 0.950732
927 3.09e-07 -0.372502
928 3.09333e-07 -0.901228
929 3.09667e-07 0.492272
930 3.1e-07 0.835807
931 3.10333e-07 -0.603347
932 3.10667e-07 -0.755625
933 3.11e-07 0.703767
934 3.11333e-07 0.662097
935 3.11667e-07 -0.791757
936 3.12e-07 -0.556876
937 3.12333e-07 0.865763
938 3.12667e-07 0.441819
939 3.13e-07 -0.92448
940 3.13333e-07 -0.318959
941 3.13667e-07 0.966868
942 3.14e-07 0.190466
943 3.14333e-07 -0.99218
944 3.14667e-07 -0.0586095
945 3.15e-07 0.999969
946 3.15333e-07 -0.0742825
947 3.15667e-07 -0.990097
948 3.16e-07 0.205863
949 3.16333e-07 0.962739
950 3.16667e-07 -0.333807
951 3.17e-07 -0.918377
952 3.17333e-07 0.455856
953 3.17667e-07 0.857796
954 3.18e-07 -0.569853
955 3.18333e-07 -0.782065
956 3.18667e-07 0.673787
957 3.19e-07 0.692521
958 3.19333e-07 -0.76582
959 3.19667e-07 -0.590746
960 3.2e-07 0.844328
961 3.20333e-07 0.478539
962 3.20667e-07 -0.907924
963 3.21e-07 -0.357879
964 3.21333e-07 0.955485
965 3.21667e-07 0.230899
966 3.22e-07 -0.98617
967 3.22333e-07 -0.0998407
968 3.22667e-07 0.999439
969 3.23e-07 -0.0329807
970 3.23333e-07 -0.995056
971 3.23667e-07 0.16522
972 3.24e-07 0.973099
973 3.24333e-07 -0.294541
974 3.24667e-07 -0.933955
975 3.25e-07 0.41866
976 3.25333e-07 0.878317
977 3.25667e-07 -0.535385
978 3.26e-07 -0.807166
979 3.26333e-07 0.642654
980 3.26667e-07 0.72176
981 3.27e-07 -0.738573
982 3.27333e-07 -0.623607
983 3.27667e-07 0.821448
984 3.28e-07 0.51444
985 3.28333e-07 -0.889815
986 3.28667e-07 -0.396187
987 3.29e-07 0.942467
988 3.29333e-07 0.270936
989 3.29667e-07 -0.978473
990 3.3e-07 -0.140901
991 3.30333e-07 0.997198
992 3.30667e-07 0.00837748
993 3.31e-07 -0.998312
994 3.31333e-07 0.124294
995 3.31667e-07 0.981793
996 3.32e-07 -0.254771
997 3.32333e-07 -0.947935
998 3.32667e-07 0.380748
999 3.33e-07 0.897335
1000 3.33333e-07 -0.5
1001 3.33667e-07 -0.830887
1002 3.34e-07 0.610422
1003 3.34333e-07 0.749765
1004 3.34667e-07 -0.710062
1005 3.35e-07 -0.6554
1006 3.35333e-07 0.797163
1007 3.35667e-07 0.54946
1008 3.36e-07 -0.870184
1009 3.36333e-07 -0.433816
1010 3.36667e-07 0.927836
1011 3.37e-07 0.310511
1012 3.37333e-07 -0.969102
1013 3.37667e-07 -0.181721
1014 3.38e-07 0.993252
1015 3.38333e-07 0.0497214
1016 3.38667e-07 -0.99986
1017 3.39e-07 0.0831561
1018 3.39333e-07 0.988809
1019 3.39667e-07 -0.214565
1020 3.4e-07 -0.960294
1021 3.40333e-07 0.342184
1022 3.40667e-07 0.914819
1023 3.41e-07 -0.46376
1024 3.41333e-07 -0.853187
1025 3.41667e-07 0.577145
1026 3.42e-07 0.776487
1027 3.42333e-07 -0.680337
1028 3.42667e-07 -0.686072
1029 3.43e-07 0.771514
1030 3.43333e-07 0.583541
1031 3.43667e-07 -0.849064
1032 3.44e-07 -0.470704
1033 3.44333e-07 0.911619
1034 3.44667e-07 0.349553
1035 3.45e-07 -0.958073
1036 3.45333e-07 -0.222229
1037 3.45667e-07 0.987606
1038 3.46e-07 0.0909802
1039 3.46333e-07 -0.999697
1040 3.46667e-07 0.0418757
1041 3.47e-07 0.994132
1042 3.47333e-07 -0.173992
1043 3.47667e-07 -0.971009
1044 3.48e-07 0.303035
1045 3.48333e-07 0.930737
1046 3.48667e-07 -0.426727
1047 3.49e-07 -0.874027
1048 3.49333e-07 0.542881
1049 3.49667e-07 0.80188
1050 3.5e-07 -0.649448
1051 3.50333e-07 -0.715571
1052 3.50667e-07 0.744545
1053 3.51e-07 0.616624
1054 3.51333e-07 -0.826492
1055 3.51667e-07 -0.506786
1056 3.52e-07 0.893841
1057 3.52333e-07 0.387998
1058 3.52667e-07 -0.945405
1059 3.53e-07 -0.262358
1060 3.53333e-07 0.980271
1061 3.53667e-07 0.132083
1062 3.54e-07 -0.997825
1063 3.54333e-07 0.000523599
1064 3.54667e-07 0.997755
1065 3.55e-07 -0.133121
1066 3.55333e-07 -0.980064
1067 3.55667e-07 0.263368
1068 3.56e-07 0.945063
1069 3.56333e-07 -0.388963
1070 3.56667e-07 -0.893371
1071 3.57e-07 0.507689
1072 3.57333e-07 0.825902
1073 3.57667e-07 -0.617448
1074 3.58e-07 -0.743845
1075 3.58333e-07 0.716302
1076 3.58667e-07 0.648651
1077 3.59e-07 -0.802505
1078 3.59333e-07 -0.542002
1079 3.59667e-07 0.874535
1080 3.6e-07 0.425779
1081 3.60333e-07 -0.931119
1082 3.60667e-07 -0.302037
1083 3.61e-07 0.971259
1084 3.61333e-07 0.172961
1085 3.61667e-07 -0.994245
1086 3.62e-07 -0.0408294
1087 3.62333e-07 0.999671
1088 3.62667e-07 -0.092023
1089 3.63e-07 -0.987441
1090 3.63333e-07 0.22325
1091 3.63667e-07 0.957772
1092 3.64e-07 -0.350534
1093 3.64333e-07 -0.911188
1094 3.64667e-07 0.471628
1095 3.65e-07 0.84851
1096 3.65333e-07 -0.584391
1097 3.65667e-07 -0.770847
1098 3.66e-07 0.686834
1099 3.66333e-07 0.679569
1100 3.66667e-07 -0.777146
1101 3.67e-07 -0.57629
1102 3.67333e-07 0.853733
1103 3.67667e-07 0.462832
1104 3.68e-07 -0.915241
1105 3.68333e-07 -0.3412
1106 3.68667e-07 0.960585
1107 3.69e-07 0.213542
1108 3.69333e-07 -0.988964
1109 3.69667e-07 -0.0821125
1110 3.7e-07 0.999877
1111 3.70333e-07 -0.0507672
1112 3.70667e-07 -0.99313
1113 3.71e-07 0.18275
1114 3.71333e-07 0.968843
1115 3.71667e-07 -0.311506
1116 3.72e-07 -0.927445
1117 3.72333e-07 0.43476
1118 3.72667e-07 0.869667
1119 3.73e-07 -0.550335
1120 3.73333e-07 -0.79653
1121 3.73667e-07 0.656191
1122 3.74e-07 0.709325
1123 3.74333e-07 -0.750457
1124 3.74667e-07 -0.609592
1125 3.75e-07 0.83147
1126 3.75333e-07 0.499093
1127 3.75667e-07 -0.897797
1128 3.76e-07 -0.379779
1129 3.76333e-07 0.948268
1130 3.76667e-07 0.253758
1131 3.77e-07 -0.981992
1132 3.77333e-07 -0.123255
1133 3.77667e-07 0.998372
1134 3.78e-07 -0.00942464
1135 3.78333e-07 -0.997119
1136 3.78667e-07 0.141938
1137 3.79e-07 0.978256
1138 3.79333e-07 -0.271944
1139 3.79667e-07 -0.942116
1140 3.8e-07 0.397148
1141 3.80333e-07 0.889337
1142 3.80667e-07 -0.515337
1143 3.81e-07 -0.82085
1144 3.81333e-07 0.624425
1145 3.81667e-07 0.737867
1146 3.82e-07 -0.722485
1147 3.82333e-07 -0.641851
1148 3.82667e-07 0.807784
1149 3.83e-07 0.5345
1150 3.83333e-07 -0.878817
1151 3.83667e-07 -0.417709
1152 3.84e-07 0.934329
1153 3.84333e-07 0.29354
1154 3.84667e-07 -0.973339
1155 3.85e-07 -0.164187
1156 3.85333e-07 0.995159
1157 3.85667e-07 0.0319341
1158 3.86e-07 -0.999403
1159 3.86333e-07 0.100883
1160 3.86667e-07 0.985996
1161 3.87e-07 -0.231918
1162 3.87333e-07 -0.955175
1163 3.87667e-07 0.358857
1164 3.88e-07 0.907484
1165 3.88333e-07 -0.479458
1166 3.88667e-07 -0.843766
1167 3.89e-07 0.591591
1168 3.89333e-07 0.765146
1169 3.89667e-07 -0.693276
1170 3.9e-07 -0.673013
1171 3.90333e-07 0.782717
1172 3.90667e-07 0.568993
1173 3.91e-07 -0.858334
1174 3.91333e-07 -0.454923
1175 3.91667e-07 0.918791
1176 3.92e-07 0.33282
1177 3.92333e-07 -0.963022
1178 3.92667e-07 -0.204838
1179 3.93e-07 0.990244
1180 3.93333e-07 0.0732382
1181 3.93667e-07 -0.999977
1182 3.94e-07 0.0596548
1183 3.94333e-07 0.992049
1184 3.94667e-07 -0.191494
1185 3.95e-07 -0.9666
1186 3.95333e-07 0.319952
1187 3.95667e-07 0.92408
1188 3.96e-07 -0.442758
1189 3.96333e-07 -0.865239
1190 3.96667e-07 0.557745
1191 3.97e-07 0.791117
1192 3.97333e-07 -0.662881
1193 3.97667e-07 -0.703022
1194 3.98e-07 0.75631
1195 3.98333e-07 0.602512
1196 3.98667e-07 -0.836382
1197 3.99e-07 -0.49136
1198 3.99333e-07 0.901682
1199 3.99667e-07 0.37153
1200 4e-07 -0.951057
1201 4.00333e-07 -0.245138
1202 4.00667e-07 0.983634
1203 4.01e-07 0.114417
1204 4.01333e-07 -0.99884
1205 4.01667e-07 0.0183249
1206 4.02e-07 0.996405
1207 4.02333e-07 -0.150743
1208 4.02667e-07 -0.976371
1209 4.03e-07 0.280499
1210 4.03333e-07 0.939094
1211 4.03667e-07 -0.405301
1212 4.04e-07 -0.885231
1213 4.04333e-07 0.522945
1214 4.04667e-07 0.815734
1215 4.05e-07 -0.631353
1216 4.05333e-07 -0.73183
1217 4.05667e-07 0.72861
1218 4.06e-07 0.635
1219 4.06333e-07 -0.812999
1220 4.06667e-07 -0.526956
1221 4.07e-07 0.88303
1222 4.07333e-07 0.409605
1223 4.07667e-07 -0.937464
1224 4.08e-07 -0.285019
1225 4.08333e-07 0.975342
1226 4.08667e-07 0.1554
1227 4.09e-07 -0.995994
1228 4.09333e-07 -0.0230363
1229 4.09667e-07 0.999056
1230 4.1e-07 -0.109734
1231 4.10333e-07 -0.984473
1232 4.10667e-07 0.240567
1233 4.11e-07 0.952502
1234 4.11333e-07 -0.367151
1235 4.11667e-07 -0.903709
1236 4.12e-07 0.48725
1237 4.12333e-07 0.838956
1238 4.12667e-07 -0.598744
1239 4.13e-07 -0.759385
1240 4.13333e-07 0.699663
1241 4.13667e-07 0.666402
1242 4.14e-07 -0.788226
1243 4.14333e-07 -0.56165
1244 4.14667e-07 0.862867
1245 4.15e-07 0.446979
1246 4.15333e-07 -0.922268
1247 4.15667e-07 -0.324413
1248 4.16e-07 0.965382
1249 4.16333e-07 0.196117
1250 4.16667e-07 -0.991445
1251 4.17e-07 -0.0643581
1252 4.17333e-07 0.999998
1253 4.17667e-07 -0.0685377
1254 4.18e-07 -0.990889
1255 4.18333e-07 0.200223
1256 4.18667e-07 0.964281
1257 4.19e-07 -0.328372
1258 4.19333e-07 -0.920641
1259 4.19667e-07 0.450722
1260 4.2e-07 0.860742
1261 4.20333e-07 -0.565111
1262 4.20667e-07 -0.785641
1263 4.21e-07 0.66952
1264 4.21333e-07 0.696664
1265 4.21667e-07 -0.762104
1266 4.22e-07 -0.595384
1267 4.22333e-07 0.841228
1268 4.22667e-07 0.483588
1269 4.23e-07 -0.905495
1270 4.23333e-07 -0.363251
1271 4.23667e-07 0.953769
1272 4.24e-07 0.236499
1273 4.24333e-07 -0.985199
1274 4.24667e-07 -0.10557
1275 4.25e-07 0.999229
1276 4.25333e-07 -0.0272238
1277 4.25667e-07 -0.995611
1278 4.26e-07 0.159537
1279 4.26333e-07 0.974409
1280 4.26667e-07 -0.289032
1281 4.27e-07 -0.935998
1282 4.27333e-07 0.413422
1283 4.27667e-07 0.881056
1284 4.28e-07 -0.530511
1285 4.28333e-07 -0.810553
1286 4.28667e-07 0.638231
1287 4.29e-07 0.725735
1288 4.29333e-07 -0.734678
1289 4.29667e-07 -0.628099
1290 4.3e-07 0.81815
1291 4.30333e-07 0.51937
1292 4.30667e-07 -0.887172
1293 4.31e-07 -0.401468
1294 4.31333e-07 0.940526
1295 4.31667e-07 0.276476
1296 4.32e-07 -0.977268
1297 4.32333e-07 -0.146601
1298 4.32667e-07 0.996751
1299 4.33e-07 0.0141367
1300 4.33333e-07 -0.99863
1301 4.33667e-07 0.118577
1302 4.34e-07 0.982871
1303 4.34333e-07 -0.249197
1304 4.34667e-07 -0.949754
1305 4.35e-07 0.375416
1306 4.35333e-07 0.899863
1307 4.35667e-07 -0.495004
1308 4.36e-07 -0.834078
1309 4.36333e-07 0.60585
1310 4.36667e-07 0.753563
1311 4.37e-07 -0.705995
1312 4.37333e-07 -0.659739
1313 4.37667e-07 0.793672
1314 4.38e-07 0.554263
1315 4.38333e-07 -0.867331
1316 4.38667e-07 -0.438999
1317 4.39e-07 0.925673
1318 4.39333e-07 0.31598
1319 4.39667e-07 -0.967665
1320 4.4e-07 -0.187381
1321 4.40333e-07 0.992567
1322 4.40667e-07 0.055473
1323 4.41e-07 -0.99994
1324 4.41333e-07 0.0774151
1325 4.41667e-07 0.989651
1326 4.42e-07 -0.208936
1327 4.42333e-07 -0.961885
1328 4.42667e-07 0.336767
1329 4.43e-07 0.91713
1330 4.43333e-07 -0.45865
1331 4.43667e-07 -0.856177
1332 4.44e-07 0.572432
1333 4.44333e-07 0.780103
1334 4.44667e-07 -0.676105
1335 4.45e-07 -0.690251
1336 4.45333e-07 0.767836
1337 4.45667e-07 0.588209
1338 4.46e-07 -0.846007
1339 4.46333e-07 -0.475778
1340 4.46667e-07 0.909236
1341 4.47e-07 0.354944
1342 4.47333e-07 -0.956407
1343 4.47667e-07 -0.227841
1344 4.48e-07 0.986686
1345 4.48333e-07 0.0967144
1346 4.48667e-07 -0.999539
1347 4.49e-07 0.0361205
1348 4.49333e-07 0.994739
1349 4.49667e-07 -0.168317
1350 4.5e-07 -0.97237
1351 4.50333e-07 0.297542
1352 4.50667e-07 0.932828
1353 4.51e-07 -0.421511
1354 4.51333e-07 -0.876811
1355 4.51667e-07 0.538035
1356 4.52e-07 0.805308
1357 4.52333e-07 -0.645058
1358 4.52667e-07 -0.719582
1359 4.53e-07 0.740687
1360 4.53333e-07 0.621148
1361 4.53667e-07 -0.823235
1362 4.54e-07 -0.511743
1363 4.54333e-07 0.891244
1364 4.54667e-07 0.3933
1365 4.55e-07 -0.943512
1366 4.55333e-07 -0.267911
1367 4.55667e-07 0.979116
1368 4.56e-07 0.13779
1369 4.56333e-07 -0.997428
1370 4.56667e-07 -0.00523596
1371 4.57e-07 0.998124
1372 4.57333e-07 -0.127411
1373 4.57667e-07 -0.981192
1374 4.58e-07 0.257807
1375 4.58333e-07 0.94693
1376 4.58667e-07 -0.383651
1377 4.59e-07 -0.895944
1378 4.59333e-07 0.502718
1379 4.59667e-07 0.829135
1380 4.6e-07 -0.612907
1381 4.60333e-07 -0.747682
1382 4.60667e-07 0.712271
1383 4.61e-07 0.653024
1384 4.61333e-07 -0.799055
1385 4.61667e-07 -0.546833
1386 4.62e-07 0.871727
1387 4.62333e-07 0.430984
1388 4.62667e-07 -0.929003
1389 4.63e-07 -0.307523
1390 4.63333e-07 0.969872
1391 4.63667e-07 0.17863
1392 4.64e-07 -0.993611
1393 4.64333e-07 -0.0465834
1394 4.64667e-07 0.999802
1395 4.65e-07 -0.0862864
1396 4.65333e-07 -0.988335
1397 4.65667e-07 0.217632
1398 4.66e-07 0.959412
1399 4.66333e-07 -0.345134
1400 4.66667e-07 -0.913545
1401 4.67e-07 0.466541
1402 4.67333e-07 0.851544
1403 4.67667e-07 -0.579708
1404 4.68e-07 -0.774503
1405 4.68333e-07 0.682636
1406 4.68667e-07 0.683783
1407 4.69e-07 -0.773508
1408 4.69333e-07 -0.580987
1409 4.69667e-07 0.850719
1410 4.7e-07 0.46793
1411 4.70333e-07 -0.912905
1412 4.70667e-07 -0.346608
1413 4.71e-07 0.958968
1414 4.71333e-07 0.219165
1415 4.71667e-07 -0.988094
1416 4.72e-07 -0.0878512
1417 4.72333e-07 0.99977
1418 4.72667e-07 -0.0450143
1419 4.73e-07 -0.993787
1420 4.73333e-07 0.177085
1421 4.73667e-07 0.970253
1422 4.74e-07 -0.306028
1423 4.74333e-07 -0.929584
1424 4.74667e-07 0.429566
1425 4.75e-07 0.872496
1426 4.75333e-07 -0.545517
1427 4.75667e-07 -0.799999
1428 4.76e-07 0.651834
1429 4.76333e-07 0.713373
1430 4.76667e-07 -0.746638
1431 4.77e-07 -0.614147
1432 4.77333e-07 0.828256
1433 4.77667e-07 0.504075
1434 4.78e-07 -0.895246
1435 4.78333e-07 -0.385101
1436 4.78667e-07 0.946424
1437 4.79e-07 0.259325
1438 4.79333e-07 -0.980887
1439 4.79667e-07 -0.128969
1440 4.8e-07 0.998027
1441 4.80333e-07 -0.00366518
1442 4.80667e-07 -0.99754
1443 4.81e-07 0.136234
1444 4.81333e-07 0.979435
1445 4.81667e-07 -0.266397
1446 4.82e-07 -0.944031
1447 4.82333e-07 0.391855
1448 4.82667e-07 0.891955
1449 4.83e-07 -0.510393
1450 4.83333e-07 -0.824126
1451 4.83667e-07 0.619916
1452 4.84e-07 0.741742
1453 4.84333e-07 -0.718491
1454 4.84667e-07 -0.646257
1455 4.85e-07 0.804376
1456 4.85333e-07 0.539359
1457 4.85667e-07 -0.876054
1458 4.86e-07 -0.422935
1459 4.86333e-07 0.932261
1460 4.86667e-07 0.299041
1461 4.87e-07 -0.972002
1462 4.87333e-07 -0.169866
1463 4.87667e-07 0.994576
1464 4.88e-07 0.0376902
1465 4.88333e-07 -0.999585
1466 4.88667e-07 0.0951508
1467 4.89e-07 0.98694
1468 4.89333e-07 -0.226311
1469 4.89667e-07 -0.956864
1470 4.9e-07 0.353475
1471 4.90333e-07 0.909889
1472 4.90667e-07 -0.474396
1473 4.91e-07 -0.846844
1474 4.91333e-07 0.586938
1475 4.91667e-07 0.768842
1476 4.92e-07 -0.689114
1477 4.92333e-07 -0.677261
1478 4.92667e-07 0.779119
1479 4.93e-07 0.573719
1480 4.93333e-07 -0.855364
1481 4.93667e-07 -0.460045
1482 4.94e-07 0.916502
1483 4.94333e-07 0.338245
1484 4.94667e-07 -0.961454
1485 4.95e-07 -0.210472
1486 4.95333e-07 0.989425
1487 4.95667e-07 0.0789811
1488 4.96e-07 -0.999921
1489 4.96333e-07 0.0539045
1490 4.96667e-07 0.992757
1491 4.97e-07 -0.185838
1492 4.97333e-07 -0.96806
1493 4.97667e-07 0.31449
1494 4.98e-07 0.926266
1495 4.98333e-07 -0.437587
1496 4.98667e-07 -0.868112
1497 4.99e-07 0.552955
1498 4.99333e-07 0.794627
1499 4.99667e-07 -0.658558
1500 5e-07 -0.707107
1501 5.00333e-07 0.75253
1502 5.00667e-07 0.607098
1503 5.01e-07 -0.833211
1504 5.01333e-07 -0.496368
1505 5.01667e-07 0.899176
1506 5.02e-07 0.376871
1507 5.02333e-07 -0.949261
1508 5.02667e-07 -0.250718
1509 5.03e-07 0.98258
1510 5.03333e-07 0.120137
1511 5.03667e-07 -0.998546
1512 5.04e-07 0.012566
1513 5.04333e-07 0.996876
1514 5.04667e-07 -0.145047
1515 5.05e-07 -0.9776
1516 5.05333e-07 0.274966
1517 5.05667e-07 0.941058
1518 5.06e-07 -0.400029
1519 5.06333e-07 -0.887896
1520 5.06667e-07 0.518027
1521 5.07e-07 0.819052
1522 5.07333e-07 -0.626876
1523 5.07667e-07 -0.735743
1524 5.08e-07 0.724653
1525 5.08333e-07 0.639439
1526 5.08667e-07 -0.809632
1527 5.09e-07 -0.531842
1528 5.09333e-07 0.880312
1529 5.09667e-07 0.414852
1530 5.1e-07 -0.935444
1531 5.10333e-07 -0.290535
1532 5.10667e-07 0.974055
1533 5.11e-07 0.161087
1534 5.11333e-07 -0.995463
1535 5.11667e-07 -0.028794
1536 5.12e-07 0.999289
1537 5.12333e-07 -0.104008
1538 5.12667e-07 -0.985467
1539 5.13e-07 0.234972
1540 5.13333e-07 0.95424
1541 5.13667e-07 -0.361787
1542 5.14e-07 -0.90616
1543 5.14333e-07 0.482212
1544 5.14667e-07 0.842076
1545 5.15e-07 -0.594121
1546 5.15333e-07 -0.76312
1547 5.15667e-07 0.695537
1548 5.16e-07 0.670686
1549 5.16333e-07 -0.784668
1550 5.16667e-07 -0.566406
1551 5.17e-07 0.859941
1552 5.17333e-07 0.452123
1553 5.17667e-07 -0.920027
1554 5.18e-07 -0.329855
1555 5.18333e-07 0.963863
1556 5.18667e-07 0.201762
1557 5.19e-07 -0.990677
1558 5.19333e-07 -0.0701047
1559 5.19667e-07 0.999993
1560 5.2e-07 -0.0627905
1561 5.20333e-07 -0.991649
1562 5.20667e-07 0.194577
1563 5.21e-07 0.96579
1564 5.21333e-07 -0.322927
1565 5.21667e-07 -0.922875
1566 5.22e-07 0.445573
1567 5.22333e-07 0.86366
1568 5.22667e-07 -0.56035
1569 5.23e-07 -0.789191
1570 5.23333e-07 0.66523
1571 5.23667e-07 0.700785
1572 5.24e-07 -0.758362
1573 5.24333e-07 -0.600001
1574 5.24667e-07 0.8381
1575 5.25e-07 0.488621
1576 5.25333e-07 -0.903036
1577 5.25667e-07 -0.368611
1578 5.26e-07 0.952023
1579 5.26333e-07 0.242091
1580 5.26667e-07 -0.984196
1581 5.27e-07 -0.111295
1582 5.27333e-07 0.998986
1583 5.27667e-07 -0.0214659
1584 5.28e-07 -0.996134
1585 5.28333e-07 0.153848
1586 5.28667e-07 0.975688
1587 5.29e-07 -0.283513
1588 5.29333e-07 -0.93801
1589 5.29667e-07 0.408171
1590 5.3e-07 0.883766
1591 5.30333e-07 -0.52562
1592 5.30667e-07 -0.813913
1593 5.31e-07 0.633786
1594 5.31333e-07 0.729685
1595 5.31667e-07 -0.730758
1596 5.32e-07 -0.63257
1597 5.32333e-07 0.814824
1598 5.32667e-07 0.524283
1599 5.33e-07 -0.8845
1600 5.33333e-07 -0.406737
1601 5.33667e-07 0.938553
1602 5.34e-07 0.282007
1603 5.34333e-07 -0.976031
1604 5.34667e-07 -0.152296
1605 5.35e-07 0.99627
1606 5.35333e-07 0.0198954
1607 5.35667e-07 -0.998914
1608 5.36e-07 0.112856
1609 5.36333e-07 0.983916
1610 5.36667e-07 -0.243615
1611 5.37e-07 -0.951541
1612 5.37333e-07 0.370071
1613 5.37667e-07 0.90236
1614 5.38e-07 -0.489991
1615 5.38333e-07 -0.837242
1616 5.38667e-07 0.601257
1617 5.39e-07 0.757337
1618 5.39333e-07 -0.701904
1619 5.39667e-07 -0.664057
1620 5.4e-07 0.790155
1621 5.40333e-07 0.559048
1622 5.40667e-07 -0.86445
1623 5.41e-07 -0.444166
1624 5.41333e-07 0.923478
1625 5.41667e-07 0.321439
1626 5.42e-07 -0.966196
1627 5.42333e-07 -0.193036
1628 5.42667e-07 0.99185
1629 5.43e-07 0.0612227
1630 5.43333e-07 -0.999986
1631 5.43667e-07 0.0716715
1632 5.44e-07 0.990461
1633 5.44333e-07 -0.2033
1634 5.44667e-07 -0.963444
1635 5.45e-07 0.331338
1636 5.45333e-07 0.91941
1637 5.45667e-07 -0.453524
1638 5.46e-07 -0.859139
1639 5.46333e-07 0.5677
1640 5.46667e-07 0.783693
1641 5.47e-07 -0.67185
1642 5.47333e-07 -0.694407
1643 5.47667e-07 0.764134
1644 5.48e-07 0.592857
1645 5.48333e-07 -0.842922
1646 5.48667e-07 -0.480836
1647 5.49e-07 0.906823
1648 5.49333e-07 0.360322
1649 5.49667e-07 -0.954709
1650 5.5e-07 -0.233445
1651 5.50333e-07 0.985733
1652 5.50667e-07 0.102445
1653 5.51e-07 -0.999347
1654 5.51333e-07 0.0303641
1655 5.51667e-07 0.995312
1656 5.52e-07 -0.162637
1657 5.52333e-07 -0.973698
1658 5.52667e-07 0.292038
1659 5.53e-07 0.934888
1660 5.53333e-07 -0.416281
1661 5.53667e-07 -0.879566
1662 5.54e-07 0.533172
1663 5.54333e-07 0.808709
1664 5.54667e-07 -0.640646
1665 5.55e-07 -0.72357
1666 5.55333e-07 0.736806
1667 5.55667e-07 0.625651
1668 5.56e-07 -0.819952
1669 5.56333e-07 -0.516683
1670 5.56667e-07 0.888617
1671 5.57e-07 0.398589
1672 5.57333e-07 -0.941588
1673 5.57667e-07 -0.273456
1674 5.58e-07 0.977929
1675 5.58333e-07 0.143493
1676 5.58667e-07 -0.996999
1677 5.59e-07 -0.0109954
1678 5.59333e-07 0.99846
1679 5.59667e-07 -0.121696
1680 5.6e-07 -0.982287
1681 5.60333e-07 0.252238
1682 5.60667e-07 0.948766
1683 5.61e-07 -0.378326
1684 5.61333e-07 -0.898488
1685 5.61667e-07 0.497731
1686 5.62e-07 0.832341
1687 5.62333e-07 -0.608346
1688 5.62667e-07 -0.751494
1689 5.63e-07 0.708217
1690 5.63333e-07 0.657375
1691 5.63667e-07 -0.795579
1692 5.64e-07 -0.551646
1693 5.64333e-07 0.868891
1694 5.64667e-07 0.436174
1695 5.65e-07 -0.926857
1696 5.65333e-07 -0.312998
1697 5.65667e-07 0.968453
1698 5.66e-07 0.184294
1699 5.66333e-07 -0.992945
1700 5.66667e-07 -0.052336
1701 5.67e-07 0.9999
1702 5.67333e-07 -0.0805469
1703 5.67667e-07 -0.989196
1704 5.68e-07 0.212007
1705 5.68333e-07 0.961021
1706 5.68667e-07 -0.339723
1707 5.69e-07 -0.915873
1708 5.69333e-07 0.461439
1709 5.69667e-07 0.854549
1710 5.7e-07 -0.575005
1711 5.70333e-07 -0.778134
1712 5.70667e-07 0.678416
1713 5.71e-07 0.687975
1714 5.71333e-07 -0.769845
1715 5.71667e-07 -0.585665
1716 5.72e-07 0.847678
1717 5.72333e-07 0.473012
1718 5.72667e-07 -0.910539
1719 5.73e-07 -0.352005
1720 5.73333e-07 0.957319
1721 5.73667e-07 0.224781
1722 5.74e-07 -0.987192
1723 5.74333e-07 -0.093587
1724 5.74667e-07 0.999629
1725 5.75e-07 -0.0392598
1726 5.75333e-07 -0.994412
1727 5.75667e-07 0.171413
1728 5.76e-07 0.971632
1729 5.76333e-07 -0.300539
1730 5.76667e-07 -0.931691
1731 5.77e-07 0.424357
1732 5.77333e-07 0.875296
1733 5.77667e-07 -0.540681
1734 5.78e-07 -0.803441
1735 5.78333e-07 0.647455
1736 5.78667e-07 0.717397
1737 5.79e-07 -0.742794
1738 5.79333e-07 -0.618683
1739 5.79667e-07 0.825015
1740 5.8e-07 0.509041
1741 5.80333e-07 -0.892664
1742 5.80667e-07 -0.39041
1743 5.81e-07 0.944548
1744 5.81333e-07 0.264883
1745 5.81667e-07 -0.97975
1746 5.82e-07 -0.134678
1747 5.82333e-07 0.997649
1748 5.82667e-07 0.00209439
1749 5.83e-07 -0.997927
1750 5.83333e-07 0.130526
1751 5.83667e-07 0.98058
1752 5.84e-07 -0.260842
1753 5.84333e-07 -0.945916
1754 5.84667e-07 0.38655
1755 5.85e-07 0.894545
1756 5.85333e-07 -0.505431
1757 5.85667e-07 -0.827375
1758 5.86e-07 0.615386
1759 5.86333e-07 0.745592
1760 5.86667e-07 -0.714473
1761 5.87e-07 -0.650642
1762 5.87333e-07 0.80094
1763 5.87667e-07 0.5442
1764 5.88e-07 -0.873262
1765 5.88333e-07 -0.428147
1766 5.88667e-07 0.930161
1767 5.89e-07 0.304532
1768 5.89333e-07 -0.970633
1769 5.89667e-07 -0.175539
1770 5.9e-07 0.993961
1771 5.90333e-07 0.043445
1772 5.90667e-07 -0.999735
1773 5.91e-07 0.0894158
1774 5.91333e-07 0.987852
1775 5.91667e-07 -0.220697
1776 5.92e-07 -0.958522
1777 5.92333e-07 0.348081
1778 5.92667e-07 0.912263
1779 5.93e-07 -0.469317
1780 5.93333e-07 -0.849893
1781 5.93667e-07 0.582265
1782 5.94e-07 0.772512
1783 5.94333e-07 -0.684929
1784 5.94667e-07 -0.681488
1785 5.95e-07 0.775496
1786 5.95333e-07 0.578427
1787 5.95667e-07 -0.852366
1788 5.96e-07 -0.465151
1789 5.96333e-07 0.914183
1790 5.96667e-07 0.34366
1791 5.97e-07 -0.959854
1792 5.97333e-07 -0.216099
1793 5.97667e-07 0.988573
1794 5.98e-07 0.0847213
1795 5.98333e-07 -0.999832
1796 5.98667e-07 0.0481525
1797 5.99e-07 0.993433
1798 5.99333e-07 -0.180176
1799 5.99667e-07 -0.969488
1800 6e-07 0.309017
1801 6.00333e-07 0.928421
1802 6.00667e-07 -0.432401
1803 6.01e-07 -0.870957
1804 6.01333e-07 0.548147
1805 6.01667e-07 0.79811
1806 6.02e-07 -0.654213
1807 6.02333e-07 -0.711168
1808 6.02667e-07 0.748724
1809 6.03e-07 0.611665
1810 6.03333e-07 -0.830012
1811 6.03667e-07 -0.50136
1812 6.04e-07 0.896641
1813 6.04333e-07 0.3822
1814 6.04667e-07 -0.947434
1815 6.05e-07 -0.256289
1816 6.05333e-07 0.981494
1817 6.05667e-07 0.125853
1818 6.06e-07 -0.998219
1819 6.06333e-07 0.00680673
1820 6.06667e-07 0.997314
1821 6.07e-07 -0.139346
1822 6.07333e-07 -0.978796
1823 6.07667e-07 0.269424
1824 6.08e-07 0.942991
1825 6.08333e-07 -0.394744
1826 6.08667e-07 -0.890531
1827 6.09e-07 0.513092
1828 6.09333e-07 0.822343
1829 6.09667e-07 -0.622378
1830 6.1e-07 -0.739631
1831 6.10333e-07 0.720672
1832 6.10667e-07 0.643857
1833 6.11e-07 -0.806238
1834 6.11333e-07 -0.536711
1835 6.11667e-07 0.877565
1836 6.12e-07 0.420086
1837 6.12333e-07 -0.933393
1838 6.12667e-07 -0.296041
1839 6.13e-07 0.972735
1840 6.13333e-07 0.166769
1841 6.13667e-07 -0.994898
1842 6.14e-07 -0.0345506
1843 6.14333e-07 0.99949
1844 6.14667e-07 -0.0982777
1845 6.15e-07 -0.986429
1846 6.15333e-07 0.22937
1847 6.15667e-07 0.955947
1848 6.16e-07 -0.356412
1849 6.16333e-07 -0.908581
1850 6.16667e-07 0.477159
1851 6.17e-07 0.845169
1852 6.17333e-07 -0.589478
1853 6.17667e-07 -0.766829
1854 6.18e-07 0.691387
1855 6.18333e-07 0.674947
1856 6.18667e-07 -0.781085
1857 6.19e-07 -0.571143
1858 6.19333e-07 0.856987
1859 6.19667e-07 0.457253
1860 6.2e-07 -0.917755
1861 6.20333e-07 -0.335287
1862 6.20667e-07 0.962313
1863 6.21e-07 0.2074
1864 6.21333e-07 -0.989876
1865 6.21667e-07 -0.0758489
1866 6.22e-07 0.999956
1867 6.22333e-07 -0.0570413
1868 6.22667e-07 -0.992375
1869 6.23e-07 0.188924
1870 6.23333e-07 0.967268
1871 6.23667e-07 -0.31747
1872 6.24e-07 -0.925077
1873 6.24333e-07 0.440409
1874 6.24667e-07 0.866549
1875 6.25e-07 -0.55557
1876 6.25333e-07 -0.792715
1877 6.25667e-07 0.660919
1878 6.26e-07 0.704882
1879 6.26333e-07 -0.754595
1880 6.26667e-07 -0.604599
1881 6.27e-07 0.834944
1882 6.27333e-07 0.493638
1883 6.27667e-07 -0.900547
1884 6.28e-07 -0.373959
1885 6.28333e-07 0.950244
1886 6.28667e-07 0.247675
1887 6.29e-07 -0.983159
1888 6.29333e-07 -0.117017
1889 6.29667e-07 0.998711
1890 6.3e-07 -0.0157073
1891 6.30333e-07 -0.996623
1892 6.30667e-07 0.148155
1893 6.31e-07 0.976934
1894 6.31333e-07 -0.277985
1895 6.31667e-07 -0.939991
1896 6.32e-07 0.402906
1897 6.32333e-07 0.886446
1898 6.32667e-07 -0.520712
1899 6.33e-07 -0.817245
1900 6.33333e-07 0.62932
1901 6.33667e-07 0.733611
1902 6.34e-07 -0.726814
1903 6.34333e-07 -0.63702
1904 6.34667e-07 0.811472
1905 6.35e-07 0.529179
1906 6.35333e-07 -0.881798
1907 6.35667e-07 -0.411992
1908 6.36e-07 0.93655
1909 6.36333e-07 0.287528
1910 6.36667e-07 -0.974761
1911 6.37e-07 -0.157986
1912 6.37333e-07 0.995757
1913 6.37667e-07 0.0256535
1914 6.38e-07 -0.999166
1915 6.38333e-07 0.107132
1916 6.38667e-07 0.984929
1917 6.39e-07 -0.238025
1918 6.39333e-07 -0.953296
1919 6.39667e-07 0.364714
1920 6.4e-07 0.904827
1921 6.40333e-07 -0.484962
1922 6.40667e-07 -0.840377
1923 6.41e-07 0.596645
1924 6.41333e-07 0.761086
1925 6.41667e-07 -0.69779
1926 6.42e-07 -0.668352
1927 6.42333e-07 0.786612
1928 6.42667e-07 0.563814
1929 6.43e-07 -0.861541
1930 6.43333e-07 -0.449319
1931 6.43667e-07 0.921253
1932 6.44e-07 0.326888
1933 6.44333e-07 -0.964695
1934 6.44667e-07 -0.198684
1935 6.45e-07 0.9911
1936 6.45333e-07 0.0669705
1937 6.45667e-07 -1
1938 6.46e-07 0.0659256
1939 6.46333e-07 0.991239
1940 6.46667e-07 -0.197657
1941 6.47e-07 -0.964971
1942 6.47333e-07 0.325898
1943 6.47667e-07 0.92166
1944 6.48e-07 -0.448383
1945 6.48333e-07 -0.862072
1946 6.48667e-07 0.562949
1947 6.49e-07 0.787258
1948 6.49333e-07 -0.667573
1949 6.49667e-07 -0.69854
1950 6.5e-07 0.760406
1951 6.50333e-07 0.597485
1952 6.50667e-07 -0.839809
1953 6.51e-07 -0.485878
1954 6.51333e-07 0.904381
1955 6.51667e-07 0.365689
1956 6.52e-07 -0.952979
1957 6.52333e-07 -0.239042
1958 6.52667e-07 0.984747
1959 6.53e-07 0.108173
1960 6.53333e-07 -0.999123
1961 6.53667e-07 0.0246067
1962 6.54e-07 0.995853
1963 6.54333e-07 -0.156952
1964 6.54667e-07 -0.974994
1965 6.55e-07 0.286525
1966 6.55333e-07 0.936916
1967 6.55667e-07 -0.411037
1968 6.56e-07 -0.882291
1969 6.56333e-07 0.52829
1970 6.56667e-07 0.812084
1971 6.57e-07 -0.636213
1972 6.57333e-07 -0.727533
1973 6.57667e-07 0.732899
1974 6.58e-07 0.630134
1975 6.58333e-07 -0.816642
1976 6.58667e-07 -0.521605
1977 6.59e-07 0.885961
1978 6.59333e-07 0.403865
1979 6.59667e-07 -0.939633
1980 6.6e-07 -0.278991
1981 6.60333e-07 0.97671
1982 6.60667e-07 0.14919
1983 6.61e-07 -0.996537
1984 6.61333e-07 -0.0167544
1985 6.61667e-07 0.998763
1986 6.62e-07 -0.115977
1987 6.62333e-07 -0.98335
1988 6.62667e-07 0.246661
1989 6.63e-07 0.95057
1990 6.63333e-07 -0.372988
1991 6.63667e-07 -0.901001
1992 6.64e-07 0.492727
1993 6.64333e-07 0.83552
1994 6.64667e-07 -0.603765
1995 6.65e-07 -0.755282
1996 6.65333e-07 0.704139
1997 6.65667e-07 0.661705
1998 6.66e-07 -0.792077
1999 6.66333e-07 -0.556441
2000 6.66667e-07 0.866025
2001 6.67e-07 0.441349
2002 6.67333e-07 -0.924679
2003 6.67667e-07 -0.318463
2004 6.68e-07 0.967001
2005 6.68333e-07 0.189952
2006 6.68667e-07 -0.992245
2007 6.69e-07 -0.0580867
2008 6.69333e-07 0.999965
2009 6.69667e-07 -0.0748047
2010 6.7e-07 -0.990024
2011 6.70333e-07 0.206375
2012 6.70667e-07 0.962597
2013 6.71e-07 -0.3343
2014 6.71333e-07 -0.91817
2015 6.71667e-07 0.456322
