0 0
3.33333e-10 0.866025
6.66667e-10 0.866025
1e-09 5.6655e-16
1.33333e-09 -0.866025
1.66667e-09 -0.866025
2e-09 6.43257e-16
2.33333e-09 0.866025
2.66667e-09 0.866025
3e-09 -1.40897e-15
3.33333e-09 -0.866025
3.66667e-09 -0.866025
4e-09 1.28651e-15
4.33333e-09 0.866025
4.66667e-09 0.866025
5e-09 2.38866e-15
5.33333e-09 -0.866025
5.66667e-09 -0.866025
6e-09 -4.28748e-15
6.33333e-09 0.866025
6.66667e-09 0.866025
7e-09 7.96265e-15
7.33333e-09 -0.866025
7.66667e-09 -0.866025
8e-09 -8.08511e-15
8.33333e-09 0.866025
8.66667e-09 0.866025
9e-09 1.17603e-14
9.33333e-09 -0.866025
9.66667e-09 -0.866025
1e-08 -1.54355e-14
1.03333e-08 0.866025
1.06667e-08 0.866025
1.1e-08 1.91106e-14
1.13333e-08 -0.866025
1.16667e-08 -0.866025
1.2e-08 -2.27858e-14
1.23333e-08 0.866025
1.26667e-08 0.866025
1.3e-08 2.6461e-14
1.33333e-08 -0.866025
1.36667e-08 -0.866025
1.4e-08 -3.01362e-14
1.43333e-08 0.866025
1.46667e-08 0.866025
1.5e-08 2.67059e-14
1.53333e-08 -0.866025
1.56667e-08 -0.866025
1.6e-08 -3.03811e-14
1.63333e-08 0.866025
1.66667e-08 0.866025
1.7e-08 3.40563e-14
1.73333e-08 -0.866025
1.76667e-08 -0.866025
1.8e-08 -3.77314e-14
1.83333e-08 0.866025
1.86667e-08 0.866025
1.9e-08 3.43012e-14
1.93333e-08 -0.866025
1.96667e-08 -0.866025
2e-08 -3.79763e-14
2.03333e-08 0.866025
2.06667e-08 0.866025
2.1e-08 4.16515e-14
2.13333e-08 -0.866025
2.16667e-08 -0.866025
2.2e-08 -5.24321e-14
2.23333e-08 0.866025
2.26667e-08 0.866025
2.3e-08 4.90019e-14
2.33333e-08 -0.866025
2.36667e-08 -0.866025
2.4e-08 -5.97825e-14
2.43333e-08 0.866025
2.46667e-08 0.866025
2.5e-08 5.63522e-14
2.53333e-08 -0.866025
2.56667e-08 -0.866025
2.6e-08 -5.2922e-14
2.63333e-08 0.866025
2.66667e-08 0.866025
2.7e-08 6.37026e-14
2.73333e-08 -0.866025
2.76667e-08 -0.866025
2.8e-08 -6.02723e-14
2.83333e-08 0.866025
2.86667e-08 0.866025
2.9e-08 7.10529e-14
2.93333e-08 -0.866025
2.96667e-08 -0.866025
3e-08 -6.76227e-14
3.03333e-08 0.866025
3.06667e-08 0.866025
3.1e-08 4.99816e-14
3.13333e-08 -0.866025
3.16667e-08 -0.866025
3.2e-08 -1.81296e-14
3.23333e-08 0.866025
3.26667e-08 0.866025
3.3e-08 -1.37224e-14
3.33333e-08 -0.866025
3.36667e-08 -0.866025
3.4e-08 4.55743e-14
3.43333e-08 0.866025
3.46667e-08 0.866025
3.5e-08 -6.32154e-14
3.53333e-08 -0.866025
3.56667e-08 -0.866025
3.6e-08 9.50674e-14
3.63333e-08 0.866025
3.66667e-08 0.866025
3.7e-08 -1.26919e-13
3.73333e-08 -0.866025
3.76667e-08 -0.866025
3.8e-08 1.58771e-13
3.83333e-08 0.866025
3.86667e-08 0.866025
3.9e-08 -1.76412e-13
3.93333e-08 -0.866025
3.96667e-08 -0.866025
4e-08 2.08264e-13
4.03333e-08 0.866025
4.06667e-08 0.866025
4.1e-08 -2.40116e-13
4.13333e-08 -0.866025
4.16667e-08 -0.866025
4.2e-08 2.57757e-13
4.23333e-08 0.866025
4.26667e-08 0.866025
4.3e-08 -3.0382e-13
4.33333e-08 -0.866025
4.36667e-08 -0.866025
4.4e-08 3.21461e-13
4.43333e-08 0.866025
4.46667e-08 0.866025
4.5e-08 -3.39102e-13
4.53333e-08 -0.866025
4.56667e-08 -0.866025
4.6e-08 3.85165e-13
4.63333e-08 0.866025
4.66667e-08 0.866025
4.7e-08 -4.02806e-13
4.73333e-08 -0.866025
4.76667e-08 -0.866025
4.8e-08 4.20448e-13
4.83333e-08 0.866025
4.86667e-08 0.866025
4.9e-08 -4.6651e-13
4.93333e-08 -0.866025
4.96667e-08 -0.866025
5e-08 4.84151e-13
5.03333e-08 0.866025
5.06667e-08 0.866025
5.1e-08 -5.30214e-13
5.13333e-08 -0.866025
5.16667e-08 -0.866025
5.2e-08 5.47855e-13
5.23333e-08 0.866025
5.26667e-08 0.866025
5.3e-08 -5.65496e-13
5.33333e-08 -0.866025
5.36667e-08 -0.866025
5.4e-08 6.11559e-13
5.43333e-08 0.866025
5.46667e-08 0.866025
5.5e-08 -6.292e-13
5.53333e-08 -0.866025
5.56667e-08 -0.866025
5.6e-08 6.46842e-13
5.63333e-08 0.866025
5.66667e-08 0.866025
5.7e-08 -6.92904e-13
5.73333e-08 -0.866025
5.76667e-08 -0.866025
5.8e-08 7.10545e-13
5.83333e-08 0.866025
5.86667e-08 0.866025
5.9e-08 -7.56608e-13
5.93333e-08 -0.866025
5.96667e-08 -0.866025
6e-08 7.74249e-13
6.03333e-08 0.866025
6.06667e-08 0.866025
6.1e-08 -7.9189e-13
6.13333e-08 -0.866025
6.16667e-08 -0.866025
6.2e-08 8.37953e-13
6.23333e-08 0.866025
6.26667e-08 0.866025
6.3e-08 -8.55594e-13
6.33333e-08 -0.866025
6.36667e-08 -0.866025
6.4e-08 8.73236e-13
6.43333e-08 0.866025
6.46667e-08 0.866025
6.5e-08 -9.19298e-13
6.53333e-08 -0.866025
6.56667e-08 -0.866025
6.6e-08 9.36939e-13
6.63333e-08 0.866025
6.66667e-08 0.866025
6.7e-08 -9.54581e-13
6.73333e-08 -0.866025
6.76667e-08 -0.866025
6.8e-08 1.00064e-12
6.83333e-08 0.866025
6.86667e-08 0.866025
6.9e-08 -1.01828e-12
6.93333e-08 -0.866025
6.96667e-08 -0.866025
7e-08 1.06435e-12
7.03333e-08 0.866025
7.06667e-08 0.866025
7.1e-08 -1.08199e-12
7.13333e-08 -0.866025
7.16667e-08 -0.866025
7.2e-08 1.09963e-12
7.23333e-08 0.866025
7.26667e-08 0.866025
7.3e-08 -1.14569e-12
7.33333e-08 -0.866025
7.36667e-08 -0.866025
7.4e-08 1.16333e-12
7.43333e-08 0.866025
7.46667e-08 0.866025
7.5e-08 -1.18097e-12
7.53333e-08 -0.866025
7.56667e-08 -0.866025
7.6e-08 1.22704e-12
7.63333e-08 0.866025
7.66667e-08 0.866025
7.7e-08 -1.24468e-12
7.73333e-08 -0.866025
7.76667e-08 -0.866025
7.8e-08 1.29074e-12
7.83333e-08 0.866025
7.86667e-08 0.866025
7.9e-08 -1.30838e-12
7.93333e-08 -0.866025
7.96667e-08 -0.866025
8e-08 1.32602e-12
8.03333e-08 0.866025
8.06667e-08 0.866025
8.1e-08 -1.37209e-12
8.13333e-08 -0.866025
8.16667e-08 -0.866025
8.2e-08 1.38973e-12
8.23333e-08 0.866025
8.26667e-08 0.866025
8.3e-08 -1.43579e-12
8.33333e-08 -0.866025
8.36667e-08 -0.866025
8.4e-08 1.42501e-12
8.43333e-08 0.866025
8.46667e-08 0.866025
8.5e-08 -1.47107e-12
8.53333e-08 -0.866025
8.56667e-08 -0.866025
8.6e-08 1.51714e-12
8.63333e-08 0.866025
8.66667e-08 0.866025
8.7e-08 -1.50635e-12
8.73333e-08 -0.866025
8.76667e-08 -0.866025
8.8e-08 1.55242e-12
8.83333e-08 0.866025
8.86667e-08 0.866025
8.9e-08 -1.59848e-12
8.93333e-08 -0.866025
8.96667e-08 -0.866025
9e-08 1.5877e-12
9.03333e-08 0.866025
9.06667e-08 0.866025
9.1e-08 -1.63376e-12
9.13333e-08 -0.866025
9.16667e-08 -0.866025
9.2e-08 1.67983e-12
9.23333e-08 0.866025
9.26667e-08 0.866025
9.3e-08 -1.72589e-12
9.33333e-08 -0.866025
9.36667e-08 -0.866025
9.4e-08 1.71511e-12
9.43333e-08 0.866025
9.46667e-08 0.866025
9.5e-08 -1.76117e-12
9.53333e-08 -0.866025
9.56667e-08 -0.866025
9.6e-08 1.80723e-12
9.63333e-08 0.866025
9.66667e-08 0.866025
9.7e-08 -1.79645e-12
9.73333e-08 -0.866025
9.76667e-08 -0.866025
9.8e-08 1.84252e-12
9.83333e-08 0.866025
9.86667e-08 0.866025
9.9e-08 -1.88858e-12
9.93333e-08 -0.866025
9.96667e-08 -0.866025
1e-07 1.8778e-12
1.00333e-07 0.866025
1.00667e-07 0.866025
1.01e-07 -1.92386e-12
1.01333e-07 -0.866025
1.01667e-07 -0.866025
1.02e-07 1.96992e-12
1.02333e-07 0.866025
1.02667e-07 0.866025
1.03e-07 -1.95914e-12
1.03333e-07 -0.866025
1.03667e-07 -0.866025
1.04e-07 2.00521e-12
1.04333e-07 0.866025
1.04667e-07 0.866025
1.05e-07 -2.05127e-12
1.05333e-07 -0.866025
1.05667e-07 -0.866025
1.06e-07 2.04049e-12
1.06333e-07 0.866025
1.06667e-07 0.866025
1.07e-07 -2.08655e-12
1.07333e-07 -0.866025
1.07667e-07 -0.866025
1.08e-07 2.13261e-12
1.08333e-07 0.866025
1.08667e-07 0.866025
1.09e-07 -2.12183e-12
1.09333e-07 -0.866025
1.09667e-07 -0.866025
1.1e-07 2.1679e-12
1.10333e-07 0.866025
1.10667e-07 0.866025
1.11e-07 -2.21396e-12
1.11333e-07 -0.866025
1.11667e-07 -0.866025
1.12e-07 2.26002e-12
1.12333e-07 0.866025
1.12667e-07 0.866025
1.13e-07 -2.24924e-12
1.13333e-07 -0.866025
1.13667e-07 -0.866025
1.14e-07 2.2953e-12
1.14333e-07 0.866025
1.14667e-07 0.866025
1.15e-07 -2.34137e-12
1.15333e-07 -0.866025
1.15667e-07 -0.866025
1.16e-07 2.33059e-12
1.16333e-07 0.866025
1.16667e-07 0.866025
1.17e-07 -2.37665e-12
1.17333e-07 -0.866025
1.17667e-07 -0.866025
1.18e-07 2.42271e-12
1.18333e-07 0.866025
1.18667e-07 0.866025
1.19e-07 -2.41193e-12
1.19333e-07 -0.866025
1.19667e-07 -0.866025
1.2e-07 2.40115e-12
1.20333e-07 0.866025
1.20667e-07 0.866025
1.21e-07 -2.27668e-12
1.21333e-07 -0.866025
1.21667e-07 -0.866025
1.22e-07 2.15222e-12
1.22333e-07 0.866025
1.22667e-07 0.866025
1.23e-07 -2.08459e-12
1.23333e-07 -0.866025
1.23667e-07 -0.866025
1.24e-07 1.96012e-12
1.24333e-07 0.866025
1.24667e-07 0.866025
1.25e-07 -1.8925e-12
1.25333e-07 -0.866025
1.25667e-07 -0.866025
1.26e-07 1.76803e-12
1.26333e-07 0.866025
1.26667e-07 0.866025
1.27e-07 -1.70041e-12
1.27333e-07 -0.866025
1.27667e-07 -0.866025
1.28e-07 1.57594e-12
1.28333e-07 0.866025
1.28667e-07 0.866025
1.29e-07 -1.50832e-12
1.29333e-07 -0.866025
1.29667e-07 -0.866025
1.3e-07 1.38385e-12
1.30333e-07 0.866025
1.30667e-07 0.866025
1.31e-07 -1.31623e-12
1.31333e-07 -0.866025
1.31667e-07 -0.866025
1.32e-07 1.19176e-12
1.32333e-07 0.866025
1.32667e-07 0.866025
1.33e-07 -1.12413e-12
1.33333e-07 -0.866025
1.33667e-07 -0.866025
1.34e-07 9.99666e-13
1.34333e-07 0.866025
1.34667e-07 0.866025
1.35e-07 -9.32042e-13
1.35333e-07 -0.866025
1.35667e-07 -0.866025
1.36e-07 8.07575e-13
1.36333e-07 0.866025
1.36667e-07 0.866025
1.37e-07 -7.39951e-13
1.37333e-07 -0.866025
1.37667e-07 -0.866025
1.38e-07 6.15483e-13
1.38333e-07 0.866025
1.38667e-07 0.866025
1.39e-07 -5.47859e-13
1.39333e-07 -0.866025
1.39667e-07 -0.866025
1.4e-07 4.23392e-13
1.40333e-07 0.866025
1.40667e-07 0.866025
1.41e-07 -3.55768e-13
1.41333e-07 -0.866025
1.41667e-07 -0.866025
1.42e-07 2.31301e-13
1.42333e-07 0.866025
1.42667e-07 0.866025
1.43e-07 -1.63677e-13
1.43333e-07 -0.866025
1.43667e-07 -0.866025
1.44e-07 3.92091e-14
1.44333e-07 0.866025
1.44667e-07 0.866025
1.45e-07 2.84149e-14
1.45333e-07 -0.866025
1.45667e-07 -0.866025
1.46e-07 -1.52882e-13
1.46333e-07 0.866025
1.46667e-07 0.866025
1.47e-07 2.20506e-13
1.47333e-07 -0.866025
1.47667e-07 -0.866025
1.48e-07 -3.44974e-13
1.48333e-07 0.866025
1.48667e-07 0.866025
1.49e-07 4.12598e-13
1.49333e-07 -0.866025
1.49667e-07 -0.866025
1.5e-07 -5.37065e-13
1.50333e-07 0.866025
1.50667e-07 0.866025
1.51e-07 6.04689e-13
1.51333e-07 -0.866025
1.51667e-07 -0.866025
1.52e-07 -7.29157e-13
1.52333e-07 0.866025
1.52667e-07 0.866025
1.53e-07 7.96781e-13
1.53333e-07 -0.866025
1.53667e-07 -0.866025
1.54e-07 -9.21248e-13
1.54333e-07 0.866025
1.54667e-07 0.866025
1.55e-07 9.88872e-13
1.55333e-07 -0.866025
1.55667e-07 -0.866025
1.56e-07 -1.11334e-12
1.56333e-07 0.866025
1.56667e-07 0.866025
1.57e-07 1.18096e-12
1.57333e-07 -0.866025
1.57667e-07 -0.866025
1.58e-07 -1.30543e-12
1.58333e-07 0.866025
1.58667e-07 0.866025
1.59e-07 1.37306e-12
1.59333e-07 -0.866025
1.59667e-07 -0.866025
1.6e-07 -1.49752e-12
1.60333e-07 0.866025
1.60667e-07 0.866025
1.61e-07 1.56515e-12
1.61333e-07 -0.866025
1.61667e-07 -0.866025
1.62e-07 -1.68961e-12
1.62333e-07 0.866025
1.62667e-07 0.866025
1.63e-07 1.75724e-12
1.63333e-07 -0.866025
1.63667e-07 -0.866025
1.64e-07 -1.88171e-12
1.64333e-07 0.866025
1.64667e-07 0.866025
1.65e-07 2.00617e-12
1.65333e-07 -0.866025
1.65667e-07 -0.866025
1.66e-07 -2.01695e-12
1.66333e-07 0.866025
1.66667e-07 0.866025
1.67e-07 2.14142e-12
1.67333e-07 -0.866025
1.67667e-07 -0.866025
1.68e-07 -2.26589e-12
1.68333e-07 0.866025
1.68667e-07 0.866025
1.69e-07 2.39036e-12
1.69333e-07 -0.866025
1.69667e-07 -0.866025
1.7e-07 -2.51482e-12
1.70333e-07 0.866025
1.70667e-07 0.866025
1.71e-07 2.5256e-12
1.71333e-07 -0.866025
1.71667e-07 -0.866025
1.72e-07 -2.65007e-12
1.72333e-07 0.866025
1.72667e-07 0.866025
1.73e-07 2.77454e-12
1.73333e-07 -0.866025
1.73667e-07 -0.866025
1.74e-07 -2.89901e-12
1.74333e-07 0.866025
1.74667e-07 0.866025
1.75e-07 2.90979e-12
1.75333e-07 -0.866025
1.75667e-07 -0.866025
1.76e-07 -3.03425e-12
1.76333e-07 0.866025
1.76667e-07 0.866025
1.77e-07 3.15872e-12
1.77333e-07 -0.866025
1.77667e-07 -0.866025
1.78e-07 -3.28319e-12
1.78333e-07 0.866025
1.78667e-07 0.866025
1.79e-07 3.29397e-12
1.79333e-07 -0.866025
1.79667e-07 -0.866025
1.8e-07 -3.41844e-12
1.80333e-07 0.866025
1.80667e-07 0.866025
1.81e-07 3.5429e-12
1.81333e-07 -0.866025
1.81667e-07 -0.866025
1.82e-07 -3.66737e-12
1.82333e-07 0.866025
1.82667e-07 0.866025
1.83e-07 3.67815e-12
1.83333e-07 -0.866025
1.83667e-07 -0.866025
1.84e-07 -3.80262e-12
1.84333e-07 0.866025
1.84667e-07 0.866025
1.85e-07 3.92709e-12
1.85333e-07 -0.866025
1.85667e-07 -0.866025
1.86e-07 -4.05155e-12
1.86333e-07 0.866025
1.86667e-07 0.866025
1.87e-07 4.06234e-12
1.87333e-07 -0.866025
1.87667e-07 -0.866025
1.88e-07 -4.1868e-12
1.88333e-07 0.866025
1.88667e-07 0.866025
1.89e-07 4.31127e-12
1.89333e-07 -0.866025
1.89667e-07 -0.866025
1.9e-07 -4.43574e-12
1.90333e-07 0.866025
1.90667e-07 0.866025
1.91e-07 4.44652e-12
1.91333e-07 -0.866025
1.91667e-07 -0.866025
1.92e-07 -4.57099e-12
1.92333e-07 0.866025
1.92667e-07 0.866025
1.93e-07 4.69545e-12
1.93333e-07 -0.866025
1.93667e-07 -0.866025
1.94e-07 -4.81992e-12
1.94333e-07 0.866025
1.94667e-07 0.866025
1.95e-07 4.8307e-12
1.95333e-07 -0.866025
1.95667e-07 -0.866025
1.96e-07 -4.95517e-12
1.96333e-07 0.866025
1.96667e-07 0.866025
1.97e-07 5.07964e-12
1.97333e-07 -0.866025
1.97667e-07 -0.866025
1.98e-07 -5.2041e-12
1.98333e-07 0.866025
1.98667e-07 0.866025
1.99e-07 5.21488e-12
1.99333e-07 -0.866025
1.99667e-07 -0.866025
2e-07 -5.33935e-12
2.00333e-07 0.866025
2.00667e-07 0.866025
2.01e-07 5.46382e-12
2.01333e-07 -0.866025
2.01667e-07 -0.866025
2.02e-07 -5.58829e-12
2.02333e-07 0.866025
2.02667e-07 0.866025
2.03e-07 5.59907e-12
2.03333e-07 -0.866025
2.03667e-07 -0.866025
2.04e-07 -5.72353e-12
2.04333e-07 0.866025
2.04667e-07 0.866025
2.05e-07 5.848e-12
2.05333e-07 -0.866025
2.05667e-07 -0.866025
2.06e-07 -5.97247e-12
2.06333e-07 0.866025
2.06667e-07 0.866025
2.07e-07 5.98325e-12
2.07333e-07 -0.866025
2.07667e-07 -0.866025
2.08e-07 -6.10772e-12
2.08333e-07 0.866025
2.08667e-07 0.866025
2.09e-07 6.23219e-12
2.09333e-07 -0.866025
2.09667e-07 -0.866025
2.1e-07 -6.35665e-12
2.10333e-07 0.866025
2.10667e-07 0.866025
2.11e-07 6.36743e-12
2.11333e-07 -0.866025
2.11667e-07 -0.866025
2.12e-07 -6.4919e-12
2.12333e-07 0.866025
2.12667e-07 0.866025
2.13e-07 6.61637e-12
2.13333e-07 -0.866025
2.13667e-07 -0.866025
2.14e-07 -6.74084e-12
2.14333e-07 0.866025
2.14667e-07 0.866025
2.15e-07 6.75162e-12
2.15333e-07 -0.866025
2.15667e-07 -0.866025
2.16e-07 -6.87608e-12
2.16333e-07 0.866025
2.16667e-07 0.866025
2.17e-07 7.00055e-12
2.17333e-07 -0.866025
2.17667e-07 -0.866025
2.18e-07 -7.12502e-12
2.18333e-07 0.866025
2.18667e-07 0.866025
2.19e-07 7.24949e-12
2.19333e-07 -0.866025
2.19667e-07 -0.866025
2.2e-07 -7.26027e-12
2.20333e-07 0.866025
2.20667e-07 0.866025
2.21e-07 7.38473e-12
2.21333e-07 -0.866025
2.21667e-07 -0.866025
2.22e-07 -7.5092e-12
2.22333e-07 0.866025
2.22667e-07 0.866025
2.23e-07 7.63367e-12
2.23333e-07 -0.866025
2.23667e-07 -0.866025
2.24e-07 -7.64445e-12
2.24333e-07 0.866025
2.24667e-07 0.866025
2.25e-07 7.76892e-12
2.25333e-07 -0.866025
2.25667e-07 -0.866025
2.26e-07 -7.89338e-12
2.26333e-07 0.866025
2.26667e-07 0.866025
2.27e-07 8.01785e-12
2.27333e-07 -0.866025
2.27667e-07 -0.866025
2.28e-07 -8.02863e-12
2.28333e-07 0.866025
2.28667e-07 0.866025
2.29e-07 8.1531e-12
2.29333e-07 -0.866025
2.29667e-07 -0.866025
2.3e-07 -8.27757e-12
2.30333e-07 0.866025
2.30667e-07 0.866025
2.31e-07 8.40203e-12
2.31333e-07 -0.866025
2.31667e-07 -0.866025
2.32e-07 -8.41282e-12
2.32333e-07 0.866025
2.32667e-07 0.866025
2.33e-07 8.53728e-12
2.33333e-07 -0.866025
2.33667e-07 -0.866025
2.34e-07 -8.66175e-12
2.34333e-07 0.866025
2.34667e-07 0.866025
2.35e-07 8.78622e-12
2.35333e-07 -0.866025
2.35667e-07 -0.866025
2.36e-07 -8.797e-12
2.36333e-07 0.866025
2.36667e-07 0.866025
2.37e-07 8.92147e-12
2.37333e-07 -0.866025
2.37667e-07 -0.866025
2.38e-07 -9.04593e-12
2.38333e-07 0.866025
2.38667e-07 0.866025
2.39e-07 9.1704e-12
2.39333e-07 -0.866025
2.39667e-07 -0.866025
2.4e-07 -9.18118e-12
2.40333e-07 0.866025
2.40667e-07 0.866025
2.41e-07 9.30565e-12
2.41333e-07 -0.866025
2.41667e-07 -0.866025
2.42e-07 -9.43012e-12
2.42333e-07 0.866025
2.42667e-07 0.866025
2.43e-07 9.55458e-12
2.43333e-07 -0.866025
2.43667e-07 -0.866025
2.44e-07 -9.56536e-12
2.44333e-07 0.866025
2.44667e-07 0.866025
2.45e-07 9.68983e-12
2.45333e-07 -0.866025
2.45667e-07 -0.866025
2.46e-07 -9.8143e-12
2.46333e-07 0.866025
2.46667e-07 0.866025
2.47e-07 9.93877e-12
2.47333e-07 -0.866025
2.47667e-07 -0.866025
2.48e-07 -9.94955e-12
2.48333e-07 0.866025
2.48667e-07 0.866025
2.49e-07 1.0074e-11
2.49333e-07 -0.866025
2.49667e-07 -0.866025
2.5e-07 -1.01985e-11
2.50333e-07 0.866025
2.50667e-07 0.866025
2.51e-07 1.03229e-11
2.51333e-07 -0.866025
2.51667e-07 -0.866025
2.52e-07 -1.03337e-11
2.52333e-07 0.866025
2.52667e-07 0.866025
2.53e-07 1.04582e-11
2.53333e-07 -0.866025
2.53667e-07 -0.866025
2.54e-07 -1.05827e-11
2.54333e-07 0.866025
2.54667e-07 0.866025
2.55e-07 1.07071e-11
2.55333e-07 -0.866025
2.55667e-07 -0.866025
2.56e-07 -1.07179e-11
2.56333e-07 0.866025
2.56667e-07 0.866025
2.57e-07 1.08424e-11
2.57333e-07 -0.866025
2.57667e-07 -0.866025
2.58e-07 -1.09668e-11
2.58333e-07 0.866025
2.58667e-07 0.866025
2.59e-07 1.10913e-11
2.59333e-07 -0.866025
2.59667e-07 -0.866025
2.6e-07 -1.11021e-11
2.60333e-07 0.866025
2.60667e-07 0.866025
2.61e-07 1.12266e-11
2.61333e-07 -0.866025
2.61667e-07 -0.866025
2.62e-07 -1.1351e-11
2.62333e-07 0.866025
2.62667e-07 0.866025
2.63e-07 1.14755e-11
2.63333e-07 -0.866025
2.63667e-07 -0.866025
2.64e-07 -1.14863e-11
2.64333e-07 0.866025
2.64667e-07 0.866025
2.65e-07 1.16107e-11
2.65333e-07 -0.866025
2.65667e-07 -0.866025
2.66e-07 -1.17352e-11
2.66333e-07 0.866025
2.66667e-07 0.866025
2.67e-07 1.18597e-11
2.67333e-07 -0.866025
2.67667e-07 -0.866025
2.68e-07 -1.19841e-11
2.68333e-07 0.866025
2.68667e-07 0.866025
2.69e-07 1.19949e-11
2.69333e-07 -0.866025
2.69667e-07 -0.866025
2.7e-07 -1.21194e-11
2.70333e-07 0.866025
2.70667e-07 0.866025
2.71e-07 1.22439e-11
2.71333e-07 -0.866025
2.71667e-07 -0.866025
2.72e-07 -1.23683e-11
2.72333e-07 0.866025
2.72667e-07 0.866025
2.73e-07 1.23791e-11
2.73333e-07 -0.866025
2.73667e-07 -0.866025
2.74e-07 -1.25036e-11
2.74333e-07 0.866025
2.74667e-07 0.866025
2.75e-07 1.2628e-11
2.75333e-07 -0.866025
2.75667e-07 -0.866025
2.76e-07 -1.27525e-11
2.76333e-07 0.866025
2.76667e-07 0.866025
2.77e-07 1.27633e-11
2.77333e-07 -0.866025
2.77667e-07 -0.866025
2.78e-07 -1.28878e-11
2.78333e-07 0.866025
2.78667e-07 0.866025
2.79e-07 1.30122e-11
2.79333e-07 -0.866025
2.79667e-07 -0.866025
2.8e-07 -1.31367e-11
2.80333e-07 0.866025
2.80667e-07 0.866025
2.81e-07 1.31475e-11
2.81333e-07 -0.866025
2.81667e-07 -0.866025
2.82e-07 -1.32719e-11
2.82333e-07 0.866025
2.82667e-07 0.866025
2.83e-07 1.33964e-11
2.83333e-07 -0.866025
2.83667e-07 -0.866025
2.84e-07 -1.35209e-11
2.84333e-07 0.866025
2.84667e-07 0.866025
2.85e-07 1.35317e-11
2.85333e-07 -0.866025
2.85667e-07 -0.866025
2.86e-07 -1.36561e-11
2.86333e-07 0.866025
2.86667e-07 0.866025
2.87e-07 1.37806e-11
2.87333e-07 -0.866025
2.87667e-07 -0.866025
2.88e-07 -1.39051e-11
2.88333e-07 0.866025
2.88667e-07 0.866025
2.89e-07 1.39158e-11
2.89333e-07 -0.866025
2.89667e-07 -0.866025
2.9e-07 -1.40403e-11
2.90333e-07 0.866025
2.90667e-07 0.866025
2.91e-07 1.41648e-11
2.91333e-07 -0.866025
2.91667e-07 -0.866025
2.92e-07 -1.42892e-11
2.92333e-07 0.866025
2.92667e-07 0.866025
2.93e-07 1.43e-11
2.93333e-07 -0.866025
2.93667e-07 -0.866025
2.94e-07 -1.44245e-11
2.94333e-07 0.866025
2.94667e-07 0.866025
2.95e-07 1.4549e-11
2.95333e-07 -0.866025
2.95667e-07 -0.866025
2.96e-07 -1.46734e-11
2.96333e-07 0.866025
2.96667e-07 0.866025
2.97e-07 1.46842e-11
2.97333e-07 -0.866025
2.97667e-07 -0.866025
2.98e-07 -1.48087e-11
2.98333e-07 0.866025
2.98667e-07 0.866025
2.99e-07 1.49331e-11
2.99333e-07 -0.866025
2.99667e-07 -0.866025
3e-07 -1.50576e-11
3.00333e-07 0.866025
3.00667e-07 0.866025
3.01e-07 1.50684e-11
3.01333e-07 -0.866025
3.01667e-07 -0.866025
3.02e-07 -1.51929e-11
3.02333e-07 0.866025
3.02667e-07 0.866025
3.03e-07 1.53173e-11
3.03333e-07 -0.866025
3.03667e-07 -0.866025
3.04e-07 -1.54418e-11
3.04333e-07 0.866025
3.04667e-07 0.866025
3.05e-07 1.54526e-11
3.05333e-07 -0.866025
3.05667e-07 -0.866025
3.06e-07 -1.5577e-11
3.06333e-07 0.866025
3.06667e-07 0.866025
3.07e-07 1.57015e-11
3.07333e-07 -0.866025
3.07667e-07 -0.866025
3.08e-07 -1.5826e-11
3.08333e-07 0.866025
3.08667e-07 0.866025
3.09e-07 1.58368e-11
3.09333e-07 -0.866025
3.09667e-07 -0.866025
3.1e-07 -1.59612e-11
3.10333e-07 0.866025
3.10667e-07 0.866025
3.11e-07 1.60857e-11
3.11333e-07 -0.866025
3.11667e-07 -0.866025
3.12e-07 -1.62102e-11
3.12333e-07 0.866025
3.12667e-07 0.866025
3.13e-07 1.62209e-11
3.13333e-07 -0.866025
3.13667e-07 -0.866025
3.14e-07 -1.63454e-11
3.14333e-07 0.866025
3.14667e-07 0.866025
3.15e-07 1.64699e-11
3.15333e-07 -0.866025
3.15667e-07 -0.866025
3.16e-07 -1.65943e-11
3.16333e-07 0.866025
3.16667e-07 0.866025
3.17e-07 1.67188e-11
3.17333e-07 -0.866025
3.17667e-07 -0.866025
3.18e-07 -1.67296e-11
3.18333e-07 0.866025
3.18667e-07 0.866025
3.19e-07 1.68541e-11
3.19333e-07 -0.866025
3.19667e-07 -0.866025
3.2e-07 -1.69785e-11
3.20333e-07 0.866025
3.20667e-07 0.866025
3.21e-07 1.7103e-11
3.21333e-07 -0.866025
3.21667e-07 -0.866025
3.22e-07 -1.71138e-11
3.22333e-07 0.866025
3.22667e-07 0.866025
3.23e-07 1.72382e-11
3.23333e-07 -0.866025
3.23667e-07 -0.866025
3.24e-07 -1.73627e-11
3.24333e-07 0.866025
3.24667e-07 0.866025
3.25e-07 1.74872e-11
3.25333e-07 -0.866025
3.25667e-07 -0.866025
3.26e-07 -1.76116e-11
3.26333e-07 0.866025
3.26667e-07 0.866025
3.27e-07 1.77361e-11
3.27333e-07 -0.866025
3.27667e-07 -0.866025
3.28e-07 -1.76332e-11
3.28333e-07 0.866025
3.28667e-07 0.866025
3.29e-07 1.77577e-11
3.29333e-07 -0.866025
3.29667e-07 -0.866025
3.3e-07 -1.78821e-11
3.30333e-07 0.866025
3.30667e-07 0.866025
3.31e-07 1.80066e-11
3.31333e-07 -0.866025
3.31667e-07 -0.866025
3.32e-07 -1.81311e-11
3.32333e-07 0.866025
3.32667e-07 0.866025
3.33e-07 1.82555e-11
3.33333e-07 -0.866025
3.33667e-07 -0.866025
3.34e-07 -1.838e-11
3.34333e-07 0.866025
3.34667e-07 0.866025
3.35e-07 1.85045e-11
3.35333e-07 -0.866025
3.35667e-07 -0.866025
3.36e-07 -1.84016e-11
3.36333e-07 0.866025
3.36667e-07 0.866025
3.37e-07 1.8526e-11
3.37333e-07 -0.866025
3.37667e-07 -0.866025
3.38e-07 -1.86505e-11
3.38333e-07 0.866025
3.38667e-07 0.866025
3.39e-07 1.8775e-11
3.39333e-07 -0.866025
3.39667e-07 -0.866025
3.4e-07 -1.88994e-11
3.40333e-07 0.866025
3.40667e-07 0.866025
3.41e-07 1.90239e-11
3.41333e-07 -0.866025
3.41667e-07 -0.866025
3.42e-07 -1.91484e-11
3.42333e-07 0.866025
3.42667e-07 0.866025
3.43e-07 1.92728e-11
3.43333e-07 -0.866025
3.43667e-07 -0.866025
3.44e-07 -1.91699e-11
3.44333e-07 0.866025
3.44667e-07 0.866025
3.45e-07 1.92944e-11
3.45333e-07 -0.866025
3.45667e-07 -0.866025
3.46e-07 -1.94189e-11
3.46333e-07 0.866025
3.46667e-07 0.866025
3.47e-07 1.95433e-11
3.47333e-07 -0.866025
3.47667e-07 -0.866025
3.48e-07 -1.96678e-11
3.48333e-07 0.866025
3.48667e-07 0.866025
3.49e-07 1.97923e-11
3.49333e-07 -0.866025
3.49667e-07 -0.866025
3.5e-07 -1.99167e-11
3.50333e-07 0.866025
3.50667e-07 0.866025
3.51e-07 2.00412e-11
3.51333e-07 -0.866025
3.51667e-07 -0.866025
3.52e-07 -1.99383e-11
3.52333e-07 0.866025
3.52667e-07 0.866025
3.53e-07 2.00628e-11
3.53333e-07 -0.866025
3.53667e-07 -0.866025
3.54e-07 -2.01872e-11
3.54333e-07 0.866025
3.54667e-07 0.866025
3.55e-07 2.03117e-11
3.55333e-07 -0.866025
3.55667e-07 -0.866025
3.56e-07 -2.04362e-11
3.56333e-07 0.866025
3.56667e-07 0.866025
3.57e-07 2.05606e-11
3.57333e-07 -0.866025
3.57667e-07 -0.866025
3.58e-07 -2.06851e-11
3.58333e-07 0.866025
3.58667e-07 0.866025
3.59e-07 2.08096e-11
3.59333e-07 -0.866025
3.59667e-07 -0.866025
3.6e-07 -2.07067e-11
3.60333e-07 0.866025
3.60667e-07 0.866025
3.61e-07 2.08311e-11
3.61333e-07 -0.866025
3.61667e-07 -0.866025
3.62e-07 -2.09556e-11
3.62333e-07 0.866025
3.62667e-07 0.866025
3.63e-07 2.10801e-11
3.63333e-07 -0.866025
3.63667e-07 -0.866025
3.64e-07 -2.12045e-11
3.64333e-07 0.866025
3.64667e-07 0.866025
3.65e-07 2.1329e-11
3.65333e-07 -0.866025
3.65667e-07 -0.866025
3.66e-07 -2.14535e-11
3.66333e-07 0.866025
3.66667e-07 0.866025
3.67e-07 2.15779e-11
3.67333e-07 -0.866025
3.67667e-07 -0.866025
3.68e-07 -2.17024e-11
3.68333e-07 0.866025
3.68667e-07 0.866025
3.69e-07 2.15995e-11
3.69333e-07 -0.866025
3.69667e-07 -0.866025
3.7e-07 -2.1724e-11
3.70333e-07 0.866025
3.70667e-07 0.866025
3.71e-07 2.18484e-11
3.71333e-07 -0.866025
3.71667e-07 -0.866025
3.72e-07 -2.19729e-11
3.72333e-07 0.866025
3.72667e-07 0.866025
3.73e-07 2.20974e-11
3.73333e-07 -0.866025
3.73667e-07 -0.866025
3.74e-07 -2.22218e-11
3.74333e-07 0.866025
3.74667e-07 0.866025
3.75e-07 2.23463e-11
3.75333e-07 -0.866025
3.75667e-07 -0.866025
3.76e-07 -2.24708e-11
3.76333e-07 0.866025
3.76667e-07 0.866025
3.77e-07 2.23679e-11
3.77333e-07 -0.866025
3.77667e-07 -0.866025
3.78e-07 -2.24923e-11
3.78333e-07 0.866025
3.78667e-07 0.866025
3.79e-07 2.26168e-11
3.79333e-07 -0.866025
3.79667e-07 -0.866025
3.8e-07 -2.27413e-11
3.80333e-07 0.866025
3.80667e-07 0.866025
3.81e-07 2.28657e-11
3.81333e-07 -0.866025
3.81667e-07 -0.866025
3.82e-07 -2.29902e-11
3.82333e-07 0.866025
3.82667e-07 0.866025
3.83e-07 2.31147e-11
3.83333e-07 -0.866025
3.83667e-07 -0.866025
3.84e-07 -2.32391e-11
3.84333e-07 0.866025
3.84667e-07 0.866025
3.85e-07 2.31362e-11
3.85333e-07 -0.866025
3.85667e-07 -0.866025
3.86e-07 -2.32607e-11
3.86333e-07 0.866025
3.86667e-07 0.866025
3.87e-07 2.33852e-11
3.87333e-07 -0.866025
3.87667e-07 -0.866025
3.88e-07 -2.35096e-11
3.88333e-07 0.866025
3.88667e-07 0.866025
3.89e-07 2.36341e-11
3.89333e-07 -0.866025
3.89667e-07 -0.866025
3.9e-07 -2.37586e-11
3.90333e-07 0.866025
3.90667e-07 0.866025
3.91e-07 2.3883e-11
3.91333e-07 -0.866025
3.91667e-07 -0.866025
3.92e-07 -2.40075e-11
3.92333e-07 0.866025
3.92667e-07 0.866025
3.93e-07 2.39046e-11
3.93333e-07 -0.866025
3.93667e-07 -0.866025
3.94e-07 -2.40291e-11
3.94333e-07 0.866025
3.94667e-07 0.866025
3.95e-07 2.41535e-11
3.95333e-07 -0.866025
3.95667e-07 -0.866025
3.96e-07 -2.4278e-11
3.96333e-07 0.866025
3.96667e-07 0.866025
3.97e-07 2.44025e-11
3.97333e-07 -0.866025
3.97667e-07 -0.866025
3.98e-07 -2.45269e-11
3.98333e-07 0.866025
3.98667e-07 0.866025
3.99e-07 2.46514e-11
3.99333e-07 -0.866025
3.99667e-07 -0.866025
4e-07 -2.47759e-11
4.00333e-07 0.866025
4.00667e-07 0.866025
4.01e-07 2.4673e-11
4.01333e-07 -0.866025
4.01667e-07 -0.866025
4.02e-07 -2.47974e-11
4.02333e-07 0.866025
4.02667e-07 0.866025
4.03e-07 2.49219e-11
4.03333e-07 -0.866025
4.03667e-07 -0.866025
4.04e-07 -2.50464e-11
4.04333e-07 0.866025
4.04667e-07 0.866025
4.05e-07 2.51708e-11
4.05333e-07 -0.866025
4.05667e-07 -0.866025
4.06e-07 -2.52953e-11
4.06333e-07 0.866025
4.06667e-07 0.866025
4.07e-07 2.54198e-11
4.07333e-07 -0.866025
4.07667e-07 -0.866025
4.08e-07 -2.55442e-11
4.08333e-07 0.866025
4.08667e-07 0.866025
4.09e-07 2.54413e-11
4.09333e-07 -0.866025
4.09667e-07 -0.866025
4.1e-07 -2.55658e-11
4.10333e-07 0.866025
4.10667e-07 0.866025
4.11e-07 2.56903e-11
4.11333e-07 -0.866025
4.11667e-07 -0.866025
4.12e-07 -2.58147e-11
4.12333e-07 0.866025
4.12667e-07 0.866025
4.13e-07 2.59392e-11
4.13333e-07 -0.866025
4.13667e-07 -0.866025
4.14e-07 -2.60637e-11
4.14333e-07 0.866025
4.14667e-07 0.866025
4.15e-07 2.61881e-11
4.15333e-07 -0.866025
4.15667e-07 -0.866025
4.16e-07 -2.63126e-11
4.16333e-07 0.866025
4.16667e-07 0.866025
4.17e-07 2.64371e-11
4.17333e-07 -0.866025
4.17667e-07 -0.866025
4.18e-07 -2.63342e-11
4.18333e-07 0.866025
4.18667e-07 0.866025
4.19e-07 2.64586e-11
4.19333e-07 -0.866025
4.19667e-07 -0.866025
4.2e-07 -2.65831e-11
4.20333e-07 0.866025
4.20667e-07 0.866025
4.21e-07 2.67076e-11
4.21333e-07 -0.866025
4.21667e-07 -0.866025
4.22e-07 -2.6832e-11
4.22333e-07 0.866025
4.22667e-07 0.866025
4.23e-07 2.69565e-11
4.23333e-07 -0.866025
4.23667e-07 -0.866025
4.24e-07 -2.7081e-11
4.24333e-07 0.866025
4.24667e-07 0.866025
4.25e-07 2.72054e-11
4.25333e-07 -0.866025
4.25667e-07 -0.866025
4.26e-07 -2.71025e-11
4.26333e-07 0.866025
4.26667e-07 0.866025
4.27e-07 2.7227e-11
4.27333e-07 -0.866025
4.27667e-07 -0.866025
4.28e-07 -2.73515e-11
4.28333e-07 0.866025
4.28667e-07 0.866025
4.29e-07 2.74759e-11
4.29333e-07 -0.866025
4.29667e-07 -0.866025
4.3e-07 -2.76004e-11
4.30333e-07 0.866025
4.30667e-07 0.866025
4.31e-07 2.77249e-11
4.31333e-07 -0.866025
4.31667e-07 -0.866025
4.32e-07 -2.78493e-11
4.32333e-07 0.866025
4.32667e-07 0.866025
4.33e-07 2.79738e-11
4.33333e-07 -0.866025
4.33667e-07 -0.866025
4.34e-07 -2.78709e-11
4.34333e-07 0.866025
4.34667e-07 0.866025
4.35e-07 2.79954e-11
4.35333e-07 -0.866025
4.35667e-07 -0.866025
4.36e-07 -2.81198e-11
4.36333e-07 0.866025
4.36667e-07 0.866025
4.37e-07 2.82443e-11
4.37333e-07 -0.866025
4.37667e-07 -0.866025
4.38e-07 -2.83688e-11
4.38333e-07 0.866025
4.38667e-07 0.866025
4.39e-07 2.84932e-11
4.39333e-07 -0.866025
4.39667e-07 -0.866025
4.4e-07 -2.86177e-11
4.40333e-07 0.866025
4.40667e-07 0.866025
4.41e-07 2.87422e-11
4.41333e-07 -0.866025
4.41667e-07 -0.866025
4.42e-07 -2.86393e-11
4.42333e-07 0.866025
4.42667e-07 0.866025
4.43e-07 2.87637e-11
4.43333e-07 -0.866025
4.43667e-07 -0.866025
4.44e-07 -2.88882e-11
4.44333e-07 0.866025
4.44667e-07 0.866025
4.45e-07 2.90127e-11
4.45333e-07 -0.866025
4.45667e-07 -0.866025
4.46e-07 -2.91371e-11
4.46333e-07 0.866025
4.46667e-07 0.866025
4.47e-07 2.92616e-11
4.47333e-07 -0.866025
4.47667e-07 -0.866025
4.48e-07 -2.93861e-11
4.48333e-07 0.866025
4.48667e-07 0.866025
4.49e-07 2.95105e-11
4.49333e-07 -0.866025
4.49667e-07 -0.866025
4.5e-07 -2.94076e-11
4.50333e-07 0.866025
4.50667e-07 0.866025
4.51e-07 2.95321e-11
4.51333e-07 -0.866025
4.51667e-07 -0.866025
4.52e-07 -2.96566e-11
4.52333e-07 0.866025
4.52667e-07 0.866025
4.53e-07 2.9781e-11
4.53333e-07 -0.866025
4.53667e-07 -0.866025
4.54e-07 -2.99055e-11
4.54333e-07 0.866025
4.54667e-07 0.866025
4.55e-07 3.003e-11
4.55333e-07 -0.866025
4.55667e-07 -0.866025
4.56e-07 -3.01544e-11
4.56333e-07 0.866025
4.56667e-07 0.866025
4.57e-07 3.02789e-11
4.57333e-07 -0.866025
4.57667e-07 -0.866025
4.58e-07 -3.04034e-11
4.58333e-07 0.866025
4.58667e-07 0.866025
4.59e-07 3.03005e-11
4.59333e-07 -0.866025
4.59667e-07 -0.866025
4.6e-07 -3.04249e-11
4.60333e-07 0.866025
4.60667e-07 0.866025
4.61e-07 3.05494e-11
4.61333e-07 -0.866025
4.61667e-07 -0.866025
4.62e-07 -3.06739e-11
4.62333e-07 0.866025
4.62667e-07 0.866025
4.63e-07 3.07983e-11
4.63333e-07 -0.866025
4.63667e-07 -0.866025
4.64e-07 -3.09228e-11
4.64333e-07 0.866025
4.64667e-07 0.866025
4.65e-07 3.10473e-11
4.65333e-07 -0.866025
4.65667e-07 -0.866025
4.66e-07 -3.11717e-11
4.66333e-07 0.866025
4.66667e-07 0.866025
4.67e-07 3.10688e-11
4.67333e-07 -0.866025
4.67667e-07 -0.866025
4.68e-07 -3.11933e-11
4.68333e-07 0.866025
4.68667e-07 0.866025
4.69e-07 3.13178e-11
4.69333e-07 -0.866025
4.69667e-07 -0.866025
4.7e-07 -3.14422e-11
4.70333e-07 0.866025
4.70667e-07 0.866025
4.71e-07 3.15667e-11
4.71333e-07 -0.866025
4.71667e-07 -0.866025
4.72e-07 -3.16912e-11
4.72333e-07 0.866025
4.72667e-07 0.866025
4.73e-07 3.18156e-11
4.73333e-07 -0.866025
4.73667e-07 -0.866025
4.74e-07 -3.19401e-11
4.74333e-07 0.866025
4.74667e-07 0.866025
4.75e-07 3.18372e-11
4.75333e-07 -0.866025
4.75667e-07 -0.866025
4.76e-07 -3.19617e-11
4.76333e-07 0.866025
4.76667e-07 0.866025
4.77e-07 3.20861e-11
4.77333e-07 -0.866025
4.77667e-07 -0.866025
4.78e-07 -3.22106e-11
4.78333e-07 0.866025
4.78667e-07 0.866025
4.79e-07 3.23351e-11
4.79333e-07 -0.866025
4.79667e-07 -0.866025
4.8e-07 -3.24595e-11
4.80333e-07 0.866025
4.80667e-07 0.866025
4.81e-07 3.2584e-11
4.81333e-07 -0.866025
4.81667e-07 -0.866025
4.82e-07 -3.27085e-11
4.82333e-07 0.866025
4.82667e-07 0.866025
4.83e-07 3.26056e-11
4.83333e-07 -0.866025
4.83667e-07 -0.866025
4.84e-07 -3.273e-11
4.84333e-07 0.866025
4.84667e-07 0.866025
4.85e-07 3.28545e-11
4.85333e-07 -0.866025
4.85667e-07 -0.866025
4.86e-07 -3.2979e-11
4.86333e-07 0.866025
4.86667e-07 0.866025
4.87e-07 3.31034e-11
4.87333e-07 -0.866025
4.87667e-07 -0.866025
4.88e-07 -3.32279e-11
4.88333e-07 0.866025
4.88667e-07 0.866025
4.89e-07 3.33524e-11
4.89333e-07 -0.866025
4.89667e-07 -0.866025
4.9e-07 -3.34768e-11
4.90333e-07 0.866025
4.90667e-07 0.866025
4.91e-07 3.33739e-11
4.91333e-07 -0.866025
4.91667e-07 -0.866025
4.92e-07 -3.34984e-11
4.92333e-07 0.866025
4.92667e-07 0.866025
4.93e-07 3.36229e-11
4.93333e-07 -0.866025
4.93667e-07 -0.866025
4.94e-07 -3.37473e-11
4.94333e-07 0.866025
4.94667e-07 0.866025
4.95e-07 3.38718e-11
4.95333e-07 -0.866025
4.95667e-07 -0.866025
4.96e-07 -3.39963e-11
4.96333e-07 0.866025
4.96667e-07 0.866025
4.97e-07 3.41207e-11
4.97333e-07 -0.866025
4.97667e-07 -0.866025
4.98e-07 -3.42452e-11
4.98333e-07 0.866025
4.98667e-07 0.866025
4.99e-07 3.41423e-11
4.99333e-07 -0.866025
4.99667e-07 -0.866025
5e-07 -3.42668e-11
5.00333e-07 0.866025
5.00667e-07 0.866025
5.01e-07 3.43912e-11
5.01333e-07 -0.866025
5.01667e-07 -0.866025
5.02e-07 -3.45157e-11
5.02333e-07 0.866025
5.02667e-07 0.866025
5.03e-07 3.46402e-11
5.03333e-07 -0.866025
5.03667e-07 -0.866025
5.04e-07 -3.47646e-11
5.04333e-07 0.866025
5.04667e-07 0.866025
5.05e-07 3.48891e-11
5.05333e-07 -0.866025
5.05667e-07 -0.866025
5.06e-07 -3.50136e-11
5.06333e-07 0.866025
5.06667e-07 0.866025
5.07e-07 3.5138e-11
5.07333e-07 -0.866025
5.07667e-07 -0.866025
5.08e-07 -3.50351e-11
5.08333e-07 0.866025
5.08667e-07 0.866025
5.09e-07 3.51596e-11
5.09333e-07 -0.866025
5.09667e-07 -0.866025
5.1e-07 -3.52841e-11
5.10333e-07 0.866025
5.10667e-07 0.866025
5.11e-07 3.54085e-11
5.11333e-07 -0.866025
5.11667e-07 -0.866025
5.12e-07 -3.5533e-11
5.12333e-07 0.866025
5.12667e-07 0.866025
5.13e-07 3.56575e-11
5.13333e-07 -0.866025
5.13667e-07 -0.866025
5.14e-07 -3.57819e-11
5.14333e-07 0.866025
5.14667e-07 0.866025
5.15e-07 3.59064e-11
5.15333e-07 -0.866025
5.15667e-07 -0.866025
5.16e-07 -3.58035e-11
5.16333e-07 0.866025
5.16667e-07 0.866025
5.17e-07 3.5928e-11
5.17333e-07 -0.866025
5.17667e-07 -0.866025
5.18e-07 -3.60524e-11
5.18333e-07 0.866025
5.18667e-07 0.866025
5.19e-07 3.61769e-11
5.19333e-07 -0.866025
5.19667e-07 -0.866025
5.2e-07 -3.63014e-11
5.20333e-07 0.866025
5.20667e-07 0.866025
5.21e-07 3.64258e-11
5.21333e-07 -0.866025
5.21667e-07 -0.866025
5.22e-07 -3.65503e-11
5.22333e-07 0.866025
5.22667e-07 0.866025
5.23e-07 3.66748e-11
5.23333e-07 -0.866025
5.23667e-07 -0.866025
5.24e-07 -3.65719e-11
5.24333e-07 0.866025
5.24667e-07 0.866025
5.25e-07 3.66963e-11
5.25333e-07 -0.866025
5.25667e-07 -0.866025
5.26e-07 -3.68208e-11
5.26333e-07 0.866025
5.26667e-07 0.866025
5.27e-07 3.69453e-11
5.27333e-07 -0.866025
5.27667e-07 -0.866025
5.28e-07 -3.70697e-11
5.28333e-07 0.866025
5.28667e-07 0.866025
5.29e-07 3.71942e-11
5.29333e-07 -0.866025
5.29667e-07 -0.866025
5.3e-07 -3.73187e-11
5.30333e-07 0.866025
5.30667e-07 0.866025
5.31e-07 3.74431e-11
5.31333e-07 -0.866025
5.31667e-07 -0.866025
5.32e-07 -3.73402e-11
5.32333e-07 0.866025
5.32667e-07 0.866025
5.33e-07 3.74647e-11
5.33333e-07 -0.866025
5.33667e-07 -0.866025
5.34e-07 -3.75892e-11
5.34333e-07 0.866025
5.34667e-07 0.866025
5.35e-07 3.77136e-11
5.35333e-07 -0.866025
5.35667e-07 -0.866025
5.36e-07 -3.78381e-11
5.36333e-07 0.866025
5.36667e-07 0.866025
5.37e-07 3.79626e-11
5.37333e-07 -0.866025
5.37667e-07 -0.866025
5.38e-07 -3.8087e-11
5.38333e-07 0.866025
5.38667e-07 0.866025
5.39e-07 3.82115e-11
5.39333e-07 -0.866025
5.39667e-07 -0.866025
5.4e-07 -3.81086e-11
5.40333e-07 0.866025
5.40667e-07 0.866025
5.41e-07 3.82331e-11
5.41333e-07 -0.866025
5.41667e-07 -0.866025
5.42e-07 -3.83575e-11
5.42333e-07 0.866025
5.42667e-07 0.866025
5.43e-07 3.8482e-11
5.43333e-07 -0.866025
5.43667e-07 -0.866025
5.44e-07 -3.86065e-11
5.44333e-07 0.866025
5.44667e-07 0.866025
5.45e-07 3.87309e-11
5.45333e-07 -0.866025
5.45667e-07 -0.866025
5.46e-07 -3.88554e-11
5.46333e-07 0.866025
5.46667e-07 0.866025
5.47e-07 3.89799e-11
5.47333e-07 -0.866025
5.47667e-07 -0.866025
5.48e-07 -3.8877e-11
5.48333e-07 0.866025
5.48667e-07 0.866025
5.49e-07 3.90014e-11
5.49333e-07 -0.866025
5.49667e-07 -0.866025
5.5e-07 -3.91259e-11
5.50333e-07 0.866025
5.50667e-07 0.866025
5.51e-07 3.92504e-11
5.51333e-07 -0.866025
5.51667e-07 -0.866025
5.52e-07 -3.93748e-11
5.52333e-07 0.866025
5.52667e-07 0.866025
5.53e-07 3.94993e-11
5.53333e-07 -0.866025
5.53667e-07 -0.866025
5.54e-07 -3.96238e-11
5.54333e-07 0.866025
5.54667e-07 0.866025
5.55e-07 3.97482e-11
5.55333e-07 -0.866025
5.55667e-07 -0.866025
5.56e-07 -3.98727e-11
5.56333e-07 0.866025
5.56667e-07 0.866025
5.57e-07 3.97698e-11
5.57333e-07 -0.866025
5.57667e-07 -0.866025
5.58e-07 -3.98943e-11
5.58333e-07 0.866025
5.58667e-07 0.866025
5.59e-07 4.00187e-11
5.59333e-07 -0.866025
5.59667e-07 -0.866025
5.6e-07 -4.01432e-11
5.60333e-07 0.866025
5.60667e-07 0.866025
5.61e-07 4.02677e-11
5.61333e-07 -0.866025
5.61667e-07 -0.866025
5.62e-07 -4.03921e-11
5.62333e-07 0.866025
5.62667e-07 0.866025
5.63e-07 4.05166e-11
5.63333e-07 -0.866025
5.63667e-07 -0.866025
5.64e-07 -4.06411e-11
5.64333e-07 0.866025
5.64667e-07 0.866025
5.65e-07 4.05382e-11
5.65333e-07 -0.866025
5.65667e-07 -0.866025
5.66e-07 -4.06626e-11
5.66333e-07 0.866025
5.66667e-07 0.866025
5.67e-07 4.07871e-11
5.67333e-07 -0.866025
5.67667e-07 -0.866025
5.68e-07 -4.09116e-11
5.68333e-07 0.866025
5.68667e-07 0.866025
5.69e-07 4.1036e-11
5.69333e-07 -0.866025
5.69667e-07 -0.866025
5.7e-07 -4.11605e-11
5.70333e-07 0.866025
5.70667e-07 0.866025
5.71e-07 4.1285e-11
5.71333e-07 -0.866025
5.71667e-07 -0.866025
5.72e-07 -4.14094e-11
5.72333e-07 0.866025
5.72667e-07 0.866025
5.73e-07 4.13065e-11
5.73333e-07 -0.866025
5.73667e-07 -0.866025
5.74e-07 -4.1431e-11
5.74333e-07 0.866025
5.74667e-07 0.866025
5.75e-07 4.15555e-11
5.75333e-07 -0.866025
5.75667e-07 -0.866025
5.76e-07 -4.16799e-11
5.76333e-07 0.866025
5.76667e-07 0.866025
5.77e-07 4.18044e-11
5.77333e-07 -0.866025
5.77667e-07 -0.866025
5.78e-07 -4.19289e-11
5.78333e-07 0.866025
5.78667e-07 0.866025
5.79e-07 4.20533e-11
5.79333e-07 -0.866025
5.79667e-07 -0.866025
5.8e-07 -4.21778e-11
5.80333e-07 0.866025
5.80667e-07 0.866025
5.81e-07 4.20749e-11
5.81333e-07 -0.866025
5.81667e-07 -0.866025
5.82e-07 -4.21994e-11
5.82333e-07 0.866025
5.82667e-07 0.866025
5.83e-07 4.23238e-11
5.83333e-07 -0.866025
5.83667e-07 -0.866025
5.84e-07 -4.24483e-11
5.84333e-07 0.866025
5.84667e-07 0.866025
5.85e-07 4.25728e-11
5.85333e-07 -0.866025
5.85667e-07 -0.866025
5.86e-07 -4.26972e-11
5.86333e-07 0.866025
5.86667e-07 0.866025
5.87e-07 4.28217e-11
5.87333e-07 -0.866025
5.87667e-07 -0.866025
5.88e-07 -4.29462e-11
5.88333e-07 0.866025
5.88667e-07 0.866025
5.89e-07 4.28432e-11
5.89333e-07 -0.866025
5.89667e-07 -0.866025
5.9e-07 -4.29677e-11
5.90333e-07 0.866025
5.90667e-07 0.866025
5.91e-07 4.30922e-11
5.91333e-07 -0.866025
5.91667e-07 -0.866025
5.92e-07 -4.32167e-11
5.92333e-07 0.866025
5.92667e-07 0.866025
5.93e-07 4.33411e-11
5.93333e-07 -0.866025
5.93667e-07 -0.866025
5.94e-07 -4.34656e-11
5.94333e-07 0.866025
5.94667e-07 0.866025
5.95e-07 4.35901e-11
5.95333e-07 -0.866025
5.95667e-07 -0.866025
5.96e-07 -4.37145e-11
5.96333e-07 0.866025
5.96667e-07 0.866025
5.97e-07 4.36116e-11
5.97333e-07 -0.866025
5.97667e-07 -0.866025
5.98e-07 -4.37361e-11
5.98333e-07 0.866025
5.98667e-07 0.866025
5.99e-07 4.38606e-11
5.99333e-07 -0.866025
5.99667e-07 -0.866025
6e-07 -4.3985e-11
6.00333e-07 0.866025
6.00667e-07 0.866025
6.01e-07 4.41095e-11
6.01333e-07 -0.866025
6.01667e-07 -0.866025
6.02e-07 -4.4234e-11
6.02333e-07 0.866025
6.02667e-07 0.866025
6.03e-07 4.43584e-11
6.03333e-07 -0.866025
6.03667e-07 -0.866025
6.04e-07 -4.44829e-11
6.04333e-07 0.866025
6.04667e-07 0.866025
6.05e-07 4.46074e-11
6.05333e-07 -0.866025
6.05667e-07 -0.866025
6.06e-07 -4.45044e-11
6.06333e-07 0.866025
6.06667e-07 0.866025
6.07e-07 4.46289e-11
6.07333e-07 -0.866025
6.07667e-07 -0.866025
6.08e-07 -4.47534e-11
6.08333e-07 0.866025
6.08667e-07 0.866025
6.09e-07 4.48779e-11
6.09333e-07 -0.866025
6.09667e-07 -0.866025
6.1e-07 -4.50023e-11
6.10333e-07 0.866025
6.10667e-07 0.866025
6.11e-07 4.51268e-11
6.11333e-07 -0.866025
6.11667e-07 -0.866025
6.12e-07 -4.52513e-11
6.12333e-07 0.866025
6.12667e-07 0.866025
6.13e-07 4.53757e-11
6.13333e-07 -0.866025
6.13667e-07 -0.866025
6.14e-07 -4.52728e-11
6.14333e-07 0.866025
6.14667e-07 0.866025
6.15e-07 4.53973e-11
6.15333e-07 -0.866025
6.15667e-07 -0.866025
6.16e-07 -4.55217e-11
6.16333e-07 0.866025
6.16667e-07 0.866025
6.17e-07 4.56462e-11
6.17333e-07 -0.866025
6.17667e-07 -0.866025
6.18e-07 -4.57707e-11
6.18333e-07 0.866025
6.18667e-07 0.866025
6.19e-07 4.58952e-11
6.19333e-07 -0.866025
6.19667e-07 -0.866025
6.2e-07 -4.60196e-11
6.20333e-07 0.866025
6.20667e-07 0.866025
6.21e-07 4.61441e-11
6.21333e-07 -0.866025
6.21667e-07 -0.866025
6.22e-07 -4.60412e-11
6.22333e-07 0.866025
6.22667e-07 0.866025
6.23e-07 4.61656e-11
6.23333e-07 -0.866025
6.23667e-07 -0.866025
6.24e-07 -4.62901e-11
6.24333e-07 0.866025
6.24667e-07 0.866025
6.25e-07 4.64146e-11
6.25333e-07 -0.866025
6.25667e-07 -0.866025
6.26e-07 -4.6539e-11
6.26333e-07 0.866025
6.26667e-07 0.866025
6.27e-07 4.66635e-11
6.27333e-07 -0.866025
6.27667e-07 -0.866025
6.28e-07 -4.6788e-11
6.28333e-07 0.866025
6.28667e-07 0.866025
6.29e-07 4.69125e-11
6.29333e-07 -0.866025
6.29667e-07 -0.866025
6.3e-07 -4.68095e-11
6.30333e-07 0.866025
6.30667e-07 0.866025
6.31e-07 4.6934e-11
6.31333e-07 -0.866025
6.31667e-07 -0.866025
6.32e-07 -4.70585e-11
6.32333e-07 0.866025
6.32667e-07 0.866025
6.33e-07 4.71829e-11
6.33333e-07 -0.866025
6.33667e-07 -0.866025
6.34e-07 -4.73074e-11
6.34333e-07 0.866025
6.34667e-07 0.866025
6.35e-07 4.74319e-11
6.35333e-07 -0.866025
6.35667e-07 -0.866025
6.36e-07 -4.75564e-11
6.36333e-07 0.866025
6.36667e-07 0.866025
6.37e-07 4.76808e-11
6.37333e-07 -0.866025
6.37667e-07 -0.866025
6.38e-07 -4.75779e-11
6.38333e-07 0.866025
6.38667e-07 0.866025
6.39e-07 4.77024e-11
6.39333e-07 -0.866025
6.39667e-07 -0.866025
6.4e-07 -4.78268e-11
6.40333e-07 0.866025
6.40667e-07 0.866025
6.41e-07 4.79513e-11
6.41333e-07 -0.866025
6.41667e-07 -0.866025
6.42e-07 -4.80758e-11
6.42333e-07 0.866025
6.42667e-07 0.866025
6.43e-07 4.82002e-11
6.43333e-07 -0.866025
6.43667e-07 -0.866025
6.44e-07 -4.83247e-11
6.44333e-07 0.866025
6.44667e-07 0.866025
6.45e-07 4.84492e-11
6.45333e-07 -0.866025
6.45667e-07 -0.866025
6.46e-07 -4.83463e-11
6.46333e-07 0.866025
6.46667e-07 0.866025
6.47e-07 4.84707e-11
6.47333e-07 -0.866025
6.47667e-07 -0.866025
6.48e-07 -4.85952e-11
6.48333e-07 0.866025
6.48667e-07 0.866025
6.49e-07 4.87197e-11
6.49333e-07 -0.866025
6.49667e-07 -0.866025
6.5e-07 -4.88441e-11
6.50333e-07 0.866025
6.50667e-07 0.866025
6.51e-07 4.89686e-11
6.51333e-07 -0.866025
6.51667e-07 -0.866025
6.52e-07 -4.88657e-11
6.52333e-07 0.866025
6.52667e-07 0.866025
6.53e-07 4.89902e-11
6.53333e-07 -0.866025
6.53667e-07 -0.866025
6.54e-07 -4.91146e-11
6.54333e-07 0.866025
6.54667e-07 0.866025
6.55e-07 4.92391e-11
6.55333e-07 -0.866025
6.55667e-07 -0.866025
6.56e-07 -4.93636e-11
6.56333e-07 0.866025
6.56667e-07 0.866025
6.57e-07 4.9488e-11
6.57333e-07 -0.866025
6.57667e-07 -0.866025
6.58e-07 -4.96125e-11
6.58333e-07 0.866025
6.58667e-07 0.866025
6.59e-07 4.9737e-11
6.59333e-07 -0.866025
6.59667e-07 -0.866025
6.6e-07 -4.98614e-11
6.60333e-07 0.866025
6.60667e-07 0.866025
6.61e-07 4.99859e-11
6.61333e-07 -0.866025
6.61667e-07 -0.866025
6.62e-07 -5.01104e-11
6.62333e-07 0.866025
6.62667e-07 0.866025
6.63e-07 5.02349e-11
6.63333e-07 -0.866025
6.63667e-07 -0.866025
6.64e-07 -5.03593e-11
6.64333e-07 0.866025
6.64667e-07 0.866025
6.65e-07 5.04838e-11
6.65333e-07 -0.866025
6.65667e-07 -0.866025
6.66e-07 -5.06083e-11
6.66333e-07 0.866025
6.66667e-07 0.866025
6.67e-07 5.0278e-11
6.67333e-07 -0.866025
6.67667e-07 -0.866025
6.68e-07 -5.04024e-11
6.68333e-07 0.866025
6.68667e-07 0.866025
6.69e-07 5.05269e-11
6.69333e-07 -0.866025
6.69667e-07 -0.866025
6.7e-07 -5.06514e-11
6.70333e-07 0.866025
6.70667e-07 0.866025
6.71e-07 5.07758e-11
6.71333e-07 -0.866025
6.71667e-07 -0.866025
