0 0
3.33333e-10 0.130526
6.66667e-10 0.258819
1e-09 0.382683
1.33333e-09 0.5
1.66667e-09 0.608761
2e-09 0.707107
2.33333e-09 0.793353
2.66667e-09 0.866025
3e-09 0.92388
3.33333e-09 0.965926
3.66667e-09 0.991445
4e-09 1
4.33333e-09 0.991445
4.66667e-09 0.965926
5e-09 0.92388
5.33333e-09 0.866025
5.66667e-09 0.793353
6e-09 0.707107
6.33333e-09 0.608761
6.66667e-09 0.5
7e-09 0.382683
7.33333e-09 0.258819
7.66667e-09 0.130526
8e-09 1.01064e-15
8.33333e-09 -0.130526
8.66667e-09 -0.258819
9e-09 -0.382683
9.33333e-09 -0.5
9.66667e-09 -0.608761
1e-08 -0.707107
1.03333e-08 -0.793353
1.06667e-08 -0.866025
1.1e-08 -0.92388
1.13333e-08 -0.965926
1.16667e-08 -0.991445
1.2e-08 -1
1.23333e-08 -0.991445
1.26667e-08 -0.965926
1.3e-08 -0.92388
1.33333e-08 -0.866025
1.36667e-08 -0.793353
1.4e-08 -0.707107
1.43333e-08 -0.608761
1.46667e-08 -0.5
1.5e-08 -0.382683
1.53333e-08 -0.258819
1.56667e-08 -0.130526
1.6e-08 -3.79763e-15
1.63333e-08 0.130526
1.66667e-08 0.258819
1.7e-08 0.382683
1.73333e-08 0.5
1.76667e-08 0.608761
1.8e-08 0.707107
1.83333e-08 0.793353
1.86667e-08 0.866025
1.9e-08 0.92388
1.93333e-08 0.965926
1.96667e-08 0.991445
2e-08 1
2.03333e-08 0.991445
2.06667e-08 0.965926
2.1e-08 0.92388
2.13333e-08 0.866025
2.16667e-08 0.793353
2.2e-08 0.707107
2.23333e-08 0.608761
2.26667e-08 0.5
2.3e-08 0.382683
2.33333e-08 0.258819
2.36667e-08 0.130526
2.4e-08 7.47281e-15
2.43333e-08 -0.130526
2.46667e-08 -0.258819
2.5e-08 -0.382683
2.53333e-08 -0.5
2.56667e-08 -0.608761
2.6e-08 -0.707107
2.63333e-08 -0.793353
2.66667e-08 -0.866025
2.7e-08 -0.92388
2.73333e-08 -0.965926
2.76667e-08 -0.991445
2.8e-08 -1
2.83333e-08 -0.991445
2.86667e-08 -0.965926
2.9e-08 -0.92388
2.93333e-08 -0.866025
2.96667e-08 -0.793353
3e-08 -0.707107
3.03333e-08 -0.608761
3.06667e-08 -0.5
3.1e-08 -0.382683
3.13333e-08 -0.258819
3.16667e-08 -0.130526
3.2e-08 -2.2662e-15
3.23333e-08 0.130526
3.26667e-08 0.258819
3.3e-08 0.382683
3.33333e-08 0.5
3.36667e-08 0.608761
3.4e-08 0.707107
3.43333e-08 0.793353
3.46667e-08 0.866025
3.5e-08 0.92388
3.53333e-08 0.965926
3.56667e-08 0.991445
3.6e-08 1
3.63333e-08 0.991445
3.66667e-08 0.965926
3.7e-08 0.92388
3.73333e-08 0.866025
3.76667e-08 0.793353
3.8e-08 0.707107
3.83333e-08 0.608761
3.86667e-08 0.5
3.9e-08 0.382683
3.93333e-08 0.258819
3.96667e-08 0.130526
4e-08 -2.6033e-14
4.03333e-08 -0.130526
4.06667e-08 -0.258819
4.1e-08 -0.382683
4.13333e-08 -0.5
4.16667e-08 -0.608761
4.2e-08 -0.707107
4.23333e-08 -0.793353
4.26667e-08 -0.866025
4.3e-08 -0.92388
4.33333e-08 -0.965926
4.36667e-08 -0.991445
4.4e-08 -1
4.43333e-08 -0.991445
4.46667e-08 -0.965926
4.5e-08 -0.92388
4.53333e-08 -0.866025
4.56667e-08 -0.793353
4.6e-08 -0.707107
4.63333e-08 -0.608761
4.66667e-08 -0.5
4.7e-08 -0.382683
4.73333e-08 -0.258819
4.76667e-08 -0.130526
4.8e-08 5.25559e-14
4.83333e-08 0.130526
4.86667e-08 0.258819
4.9e-08 0.382683
4.93333e-08 0.5
4.96667e-08 0.608761
5e-08 0.707107
5.03333e-08 0.793353
5.06667e-08 0.866025
5.1e-08 0.92388
5.13333e-08 0.965926
5.16667e-08 0.991445
5.2e-08 1
5.23333e-08 0.991445
5.26667e-08 0.965926
5.3e-08 0.92388
5.33333e-08 0.866025
5.36667e-08 0.793353
5.4e-08 0.707107
5.43333e-08 0.608761
5.46667e-08 0.5
5.5e-08 0.382683
5.53333e-08 0.258819
5.56667e-08 0.130526
5.6e-08 -8.08552e-14
5.63333e-08 -0.130526
5.66667e-08 -0.258819
5.7e-08 -0.382683
5.73333e-08 -0.5
5.76667e-08 -0.608761
5.8e-08 -0.707107
5.83333e-08 -0.793353
5.86667e-08 -0.866025
5.9e-08 -0.92388
5.93333e-08 -0.965926
5.96667e-08 -0.991445
6e-08 -1
6.03333e-08 -0.991445
6.06667e-08 -0.965926
6.1e-08 -0.92388
6.13333e-08 -0.866025
6.16667e-08 -0.793353
6.2e-08 -0.707107
6.23333e-08 -0.608761
6.26667e-08 -0.5
6.3e-08 -0.382683
6.33333e-08 -0.258819
6.36667e-08 -0.130526
6.4e-08 1.09154e-13
6.43333e-08 0.130526
6.46667e-08 0.258819
6.5e-08 0.382683
6.53333e-08 0.5
6.56667e-08 0.608761
6.6e-08 0.707107
6.63333e-08 0.793353
6.66667e-08 0.866025
6.7e-08 0.92388
6.73333e-08 0.965926
6.76667e-08 0.991445
6.8e-08 1
6.83333e-08 0.991445
6.86667e-08 0.965926
6.9e-08 0.92388
6.93333e-08 0.866025
6.96667e-08 0.793353
7e-08 0.707107
7.03333e-08 0.608761
7.06667e-08 0.5
7.1e-08 0.382683
7.13333e-08 0.258819
7.16667e-08 0.130526
7.2e-08 -1.37454e-13
7.23333e-08 -0.130526
7.26667e-08 -0.258819
7.3e-08 -0.382683
7.33333e-08 -0.5
7.36667e-08 -0.608761
7.4e-08 -0.707107
7.43333e-08 -0.793353
7.46667e-08 -0.866025
7.5e-08 -0.92388
7.53333e-08 -0.965926
7.56667e-08 -0.991445
7.6e-08 -1
7.63333e-08 -0.991445
7.66667e-08 -0.965926
7.7e-08 -0.92388
7.73333e-08 -0.866025
7.76667e-08 -0.793353
7.8e-08 -0.707107
7.83333e-08 -0.608761
7.86667e-08 -0.5
7.9e-08 -0.382683
7.93333e-08 -0.258819
7.96667e-08 -0.130526
8e-08 1.65753e-13
8.03333e-08 0.130526
8.06667e-08 0.258819
8.1e-08 0.382683
8.13333e-08 0.5
8.16667e-08 0.608761
8.2e-08 0.707107
8.23333e-08 0.793353
8.26667e-08 0.866025
8.3e-08 0.92388
8.33333e-08 0.965926
8.36667e-08 0.991445
8.4e-08 1
8.43333e-08 0.991445
8.46667e-08 0.965926
8.5e-08 0.92388
8.53333e-08 0.866025
8.56667e-08 0.793353
8.6e-08 0.707107
8.63333e-08 0.608761
8.66667e-08 0.5
8.7e-08 0.382683
8.73333e-08 0.258819
8.76667e-08 0.130526
8.8e-08 -1.94052e-13
8.83333e-08 -0.130526
8.86667e-08 -0.258819
8.9e-08 -0.382683
8.93333e-08 -0.5
8.96667e-08 -0.608761
9e-08 -0.707107
9.03333e-08 -0.793353
9.06667e-08 -0.866025
9.1e-08 -0.92388
9.13333e-08 -0.965926
9.16667e-08 -0.991445
9.2e-08 -1
9.23333e-08 -0.991445
9.26667e-08 -0.965926
9.3e-08 -0.92388
9.33333e-08 -0.866025
9.36667e-08 -0.793353
9.4e-08 -0.707107
9.43333e-08 -0.608761
9.46667e-08 -0.5
9.5e-08 -0.382683
9.53333e-08 -0.258819
9.56667e-08 -0.130526
9.6e-08 2.25904e-13
9.63333e-08 0.130526
9.66667e-08 0.258819
9.7e-08 0.382683
9.73333e-08 0.5
9.76667e-08 0.608761
9.8e-08 0.707107
9.83333e-08 0.793353
9.86667e-08 0.866025
9.9e-08 0.92388
9.93333e-08 0.965926
9.96667e-08 0.991445
1e-07 1
1.00333e-07 0.991445
1.00667e-07 0.965926
1.01e-07 0.92388
1.01333e-07 0.866025
1.01667e-07 0.793353
1.02e-07 0.707107
1.02333e-07 0.608761
1.02667e-07 0.5
1.03e-07 0.382683
1.03333e-07 0.258819
1.03667e-07 0.130526
1.04e-07 -2.50651e-13
1.04333e-07 -0.130526
1.04667e-07 -0.258819
1.05e-07 -0.382683
1.05333e-07 -0.5
1.05667e-07 -0.608761
1.06e-07 -0.707107
1.06333e-07 -0.793353
1.06667e-07 -0.866025
1.07e-07 -0.92388
1.07333e-07 -0.965926
1.07667e-07 -0.991445
1.08e-07 -1
1.08333e-07 -0.991445
1.08667e-07 -0.965926
1.09e-07 -0.92388
1.09333e-07 -0.866025
1.09667e-07 -0.793353
1.1e-07 -0.707107
1.10333e-07 -0.608761
1.10667e-07 -0.5
1.11e-07 -0.382683
1.11333e-07 -0.258819
1.11667e-07 -0.130526
1.12e-07 2.82503e-13
1.12333e-07 0.130526
1.12667e-07 0.258819
1.13e-07 0.382683
1.13333e-07 0.5
1.13667e-07 0.608761
1.14e-07 0.707107
1.14333e-07 0.793353
1.14667e-07 0.866025
1.15e-07 0.92388
1.15333e-07 0.965926
1.15667e-07 0.991445
1.16e-07 1
1.16333e-07 0.991445
1.16667e-07 0.965926
1.17e-07 0.92388
1.17333e-07 0.866025
1.17667e-07 0.793353
1.18e-07 0.707107
1.18333e-07 0.608761
1.18667e-07 0.5
1.19e-07 0.382683
1.19333e-07 0.258819
1.19667e-07 0.130526
1.2e-07 -3.00144e-13
1.20333e-07 -0.130526
1.20667e-07 -0.258819
1.21e-07 -0.382683
1.21333e-07 -0.5
1.21667e-07 -0.608761
1.22e-07 -0.707107
1.22333e-07 -0.793353
1.22667e-07 -0.866025
1.23e-07 -0.92388
1.23333e-07 -0.965926
1.23667e-07 -0.991445
1.24e-07 -1
1.24333e-07 -0.991445
1.24667e-07 -0.965926
1.25e-07 -0.92388
1.25333e-07 -0.866025
1.25667e-07 -0.793353
1.26e-07 -0.707107
1.26333e-07 -0.608761
1.26667e-07 -0.5
1.27e-07 -0.382683
1.27333e-07 -0.258819
1.27667e-07 -0.130526
1.28e-07 1.96993e-13
1.28333e-07 0.130526
1.28667e-07 0.258819
1.29e-07 0.382683
1.29333e-07 0.5
1.29667e-07 0.608761
1.3e-07 0.707107
1.30333e-07 0.793353
1.30667e-07 0.866025
1.31e-07 0.92388
1.31333e-07 0.965926
1.31667e-07 0.991445
1.32e-07 1
1.32333e-07 0.991445
1.32667e-07 0.965926
1.33e-07 0.92388
1.33333e-07 0.866025
1.33667e-07 0.793353
1.34e-07 0.707107
1.34333e-07 0.608761
1.34667e-07 0.5
1.35e-07 0.382683
1.35333e-07 0.258819
1.35667e-07 0.130526
1.36e-07 -1.00947e-13
1.36333e-07 -0.130526
1.36667e-07 -0.258819
1.37e-07 -0.382683
1.37333e-07 -0.5
1.37667e-07 -0.608761
1.38e-07 -0.707107
1.38333e-07 -0.793353
1.38667e-07 -0.866025
1.39e-07 -0.92388
1.39333e-07 -0.965926
1.39667e-07 -0.991445
1.4e-07 -1
1.40333e-07 -0.991445
1.40667e-07 -0.965926
1.41e-07 -0.92388
1.41333e-07 -0.866025
1.41667e-07 -0.793353
1.42e-07 -0.707107
1.42333e-07 -0.608761
1.42667e-07 -0.5
1.43e-07 -0.382683
1.43333e-07 -0.258819
1.43667e-07 -0.130526
1.44e-07 4.90114e-15
1.44333e-07 0.130526
1.44667e-07 0.258819
1.45e-07 0.382683
1.45333e-07 0.5
1.45667e-07 0.608761
1.46e-07 0.707107
1.46333e-07 0.793353
1.46667e-07 0.866025
1.47e-07 0.92388
1.47333e-07 0.965926
1.47667e-07 0.991445
1.48e-07 1
1.48333e-07 0.991445
1.48667e-07 0.965926
1.49e-07 0.92388
1.49333e-07 0.866025
1.49667e-07 0.793353
1.5e-07 0.707107
1.50333e-07 0.608761
1.50667e-07 0.5
1.51e-07 0.382683
1.51333e-07 0.258819
1.51667e-07 0.130526
1.52e-07 9.11446e-14
1.52333e-07 -0.130526
1.52667e-07 -0.258819
1.53e-07 -0.382683
1.53333e-07 -0.5
1.53667e-07 -0.608761
1.54e-07 -0.707107
1.54333e-07 -0.793353
1.54667e-07 -0.866025
1.55e-07 -0.92388
1.55333e-07 -0.965926
1.55667e-07 -0.991445
1.56e-07 -1
1.56333e-07 -0.991445
1.56667e-07 -0.965926
1.57e-07 -0.92388
1.57333e-07 -0.866025
1.57667e-07 -0.793353
1.58e-07 -0.707107
1.58333e-07 -0.608761
1.58667e-07 -0.5
1.59e-07 -0.382683
1.59333e-07 -0.258819
1.59667e-07 -0.130526
1.6e-07 -1.8719e-13
1.60333e-07 0.130526
1.60667e-07 0.258819
1.61e-07 0.382683
1.61333e-07 0.5
1.61667e-07 0.608761
1.62e-07 0.707107
1.62333e-07 0.793353
1.62667e-07 0.866025
1.63e-07 0.92388
1.63333e-07 0.965926
1.63667e-07 0.991445
1.64e-07 1
1.64333e-07 0.991445
1.64667e-07 0.965926
1.65e-07 0.92388
1.65333e-07 0.866025
1.65667e-07 0.793353
1.66e-07 0.707107
1.66333e-07 0.608761
1.66667e-07 0.5
1.67e-07 0.382683
1.67333e-07 0.258819
1.67667e-07 0.130526
1.68e-07 2.83236e-13
1.68333e-07 -0.130526
1.68667e-07 -0.258819
1.69e-07 -0.382683
1.69333e-07 -0.5
1.69667e-07 -0.608761
1.7e-07 -0.707107
1.70333e-07 -0.793353
1.70667e-07 -0.866025
1.71e-07 -0.92388
1.71333e-07 -0.965926
1.71667e-07 -0.991445
1.72e-07 -1
1.72333e-07 -0.991445
1.72667e-07 -0.965926
1.73e-07 -0.92388
1.73333e-07 -0.866025
1.73667e-07 -0.793353
1.74e-07 -0.707107
1.74333e-07 -0.608761
1.74667e-07 -0.5
1.75e-07 -0.382683
1.75333e-07 -0.258819
1.75667e-07 -0.130526
1.76e-07 -3.79282e-13
1.76333e-07 0.130526
1.76667e-07 0.258819
1.77e-07 0.382683
1.77333e-07 0.5
1.77667e-07 0.608761
1.78e-07 0.707107
1.78333e-07 0.793353
1.78667e-07 0.866025
1.79e-07 0.92388
1.79333e-07 0.965926
1.79667e-07 0.991445
1.8e-07 1
1.80333e-07 0.991445
1.80667e-07 0.965926
1.81e-07 0.92388
1.81333e-07 0.866025
1.81667e-07 0.793353
1.82e-07 0.707107
1.82333e-07 0.608761
1.82667e-07 0.5
1.83e-07 0.382683
1.83333e-07 0.258819
1.83667e-07 0.130526
1.84e-07 4.75328e-13
1.84333e-07 -0.130526
1.84667e-07 -0.258819
1.85e-07 -0.382683
1.85333e-07 -0.5
1.85667e-07 -0.608761
1.86e-07 -0.707107
1.86333e-07 -0.793353
1.86667e-07 -0.866025
1.87e-07 -0.92388
1.87333e-07 -0.965926
1.87667e-07 -0.991445
1.88e-07 -1
1.88333e-07 -0.991445
1.88667e-07 -0.965926
1.89e-07 -0.92388
1.89333e-07 -0.866025
1.89667e-07 -0.793353
1.9e-07 -0.707107
1.90333e-07 -0.608761
1.90667e-07 -0.5
1.91e-07 -0.382683
1.91333e-07 -0.258819
1.91667e-07 -0.130526
1.92e-07 -5.71373e-13
1.92333e-07 0.130526
1.92667e-07 0.258819
1.93e-07 0.382683
1.93333e-07 0.5
1.93667e-07 0.608761
1.94e-07 0.707107
1.94333e-07 0.793353
1.94667e-07 0.866025
1.95e-07 0.92388
1.95333e-07 0.965926
1.95667e-07 0.991445
1.96e-07 1
1.96333e-07 0.991445
1.96667e-07 0.965926
1.97e-07 0.92388
1.97333e-07 0.866025
1.97667e-07 0.793353
1.98e-07 0.707107
1.98333e-07 0.608761
1.98667e-07 0.5
1.99e-07 0.382683
1.99333e-07 0.258819
1.99667e-07 0.130526
2e-07 6.67419e-13
2.00333e-07 -0.130526
2.00667e-07 -0.258819
2.01e-07 -0.382683
2.01333e-07 -0.5
2.01667e-07 -0.608761
2.02e-07 -0.707107
2.02333e-07 -0.793353
2.02667e-07 -0.866025
2.03e-07 -0.92388
2.03333e-07 -0.965926
2.03667e-07 -0.991445
2.04e-07 -1
2.04333e-07 -0.991445
2.04667e-07 -0.965926
2.05e-07 -0.92388
2.05333e-07 -0.866025
2.05667e-07 -0.793353
2.06e-07 -0.707107
2.06333e-07 -0.608761
2.06667e-07 -0.5
2.07e-07 -0.382683
2.07333e-07 -0.258819
2.07667e-07 -0.130526
2.08e-07 -7.63465e-13
2.08333e-07 0.130526
2.08667e-07 0.258819
2.09e-07 0.382683
2.09333e-07 0.5
2.09667e-07 0.608761
2.1e-07 0.707107
2.10333e-07 0.793353
2.10667e-07 0.866025
2.11e-07 0.92388
2.11333e-07 0.965926
2.11667e-07 0.991445
2.12e-07 1
2.12333e-07 0.991445
2.12667e-07 0.965926
2.13e-07 0.92388
2.13333e-07 0.866025
2.13667e-07 0.793353
2.14e-07 0.707107
2.14333e-07 0.608761
2.14667e-07 0.5
2.15e-07 0.382683
2.15333e-07 0.258819
2.15667e-07 0.130526
2.16e-07 8.5951e-13
2.16333e-07 -0.130526
2.16667e-07 -0.258819
2.17e-07 -0.382683
2.17333e-07 -0.5
2.17667e-07 -0.608761
2.18e-07 -0.707107
2.18333e-07 -0.793353
2.18667e-07 -0.866025
2.19e-07 -0.92388
2.19333e-07 -0.965926
2.19667e-07 -0.991445
2.2e-07 -1
2.20333e-07 -0.991445
2.20667e-07 -0.965926
2.21e-07 -0.92388
2.21333e-07 -0.866025
2.21667e-07 -0.793353
2.22e-07 -0.707107
2.22333e-07 -0.608761
2.22667e-07 -0.5
2.23e-07 -0.382683
2.23333e-07 -0.258819
2.23667e-07 -0.130526
2.24e-07 -9.55556e-13
2.24333e-07 0.130526
2.24667e-07 0.258819
2.25e-07 0.382683
2.25333e-07 0.5
2.25667e-07 0.608761
2.26e-07 0.707107
2.26333e-07 0.793353
2.26667e-07 0.866025
2.27e-07 0.92388
2.27333e-07 0.965926
2.27667e-07 0.991445
2.28e-07 1
2.28333e-07 0.991445
2.28667e-07 0.965926
2.29e-07 0.92388
2.29333e-07 0.866025
2.29667e-07 0.793353
2.3e-07 0.707107
2.30333e-07 0.608761
2.30667e-07 0.5
2.31e-07 0.382683
2.31333e-07 0.258819
2.31667e-07 0.130526
2.32e-07 1.0516e-12
2.32333e-07 -0.130526
2.32667e-07 -0.258819
2.33e-07 -0.382683
2.33333e-07 -0.5
2.33667e-07 -0.608761
2.34e-07 -0.707107
2.34333e-07 -0.793353
2.34667e-07 -0.866025
2.35e-07 -0.92388
2.35333e-07 -0.965926
2.35667e-07 -0.991445
2.36e-07 -1
2.36333e-07 -0.991445
2.36667e-07 -0.965926
2.37e-07 -0.92388
2.37333e-07 -0.866025
2.37667e-07 -0.793353
2.38e-07 -0.707107
2.38333e-07 -0.608761
2.38667e-07 -0.5
2.39e-07 -0.382683
2.39333e-07 -0.258819
2.39667e-07 -0.130526
2.4e-07 -1.14765e-12
2.40333e-07 0.130526
2.40667e-07 0.258819
2.41e-07 0.382683
2.41333e-07 0.5
2.41667e-07 0.608761
2.42e-07 0.707107
2.42333e-07 0.793353
2.42667e-07 0.866025
2.43e-07 0.92388
2.43333e-07 0.965926
2.43667e-07 0.991445
2.44e-07 1
2.44333e-07 0.991445
2.44667e-07 0.965926
2.45e-07 0.92388
2.45333e-07 0.866025
2.45667e-07 0.793353
2.46e-07 0.707107
2.46333e-07 0.608761
2.46667e-07 0.5
2.47e-07 0.382683
2.47333e-07 0.258819
2.47667e-07 0.130526
2.48e-07 1.24369e-12
2.48333e-07 -0.130526
2.48667e-07 -0.258819
2.49e-07 -0.382683
2.49333e-07 -0.5
2.49667e-07 -0.608761
2.5e-07 -0.707107
2.50333e-07 -0.793353
2.50667e-07 -0.866025
2.51e-07 -0.92388
2.51333e-07 -0.965926
2.51667e-07 -0.991445
2.52e-07 -1
2.52333e-07 -0.991445
2.52667e-07 -0.965926
2.53e-07 -0.92388
2.53333e-07 -0.866025
2.53667e-07 -0.793353
2.54e-07 -0.707107
2.54333e-07 -0.608761
2.54667e-07 -0.5
2.55e-07 -0.382683
2.55333e-07 -0.258819
2.55667e-07 -0.130526
2.56e-07 -1.33974e-12
2.56333e-07 0.130526
2.56667e-07 0.258819
2.57e-07 0.382683
2.57333e-07 0.5
2.57667e-07 0.608761
2.58e-07 0.707107
2.58333e-07 0.793353
2.58667e-07 0.866025
2.59e-07 0.92388
2.59333e-07 0.965926
2.59667e-07 0.991445
2.6e-07 1
2.60333e-07 0.991445
2.60667e-07 0.965926
2.61e-07 0.92388
2.61333e-07 0.866025
2.61667e-07 0.793353
2.62e-07 0.707107
2.62333e-07 0.608761
2.62667e-07 0.5
2.63e-07 0.382683
2.63333e-07 0.258819
2.63667e-07 0.130526
2.64e-07 1.43578e-12
2.64333e-07 -0.130526
2.64667e-07 -0.258819
2.65e-07 -0.382683
2.65333e-07 -0.5
2.65667e-07 -0.608761
2.66e-07 -0.707107
2.66333e-07 -0.793353
2.66667e-07 -0.866025
2.67e-07 -0.92388
2.67333e-07 -0.965926
2.67667e-07 -0.991445
2.68e-07 -1
2.68333e-07 -0.991445
2.68667e-07 -0.965926
2.69e-07 -0.92388
2.69333e-07 -0.866025
2.69667e-07 -0.793353
2.7e-07 -0.707107
2.70333e-07 -0.608761
2.70667e-07 -0.5
2.71e-07 -0.382683
2.71333e-07 -0.258819
2.71667e-07 -0.130526
2.72e-07 -1.54604e-12
2.72333e-07 0.130526
2.72667e-07 0.258819
2.73e-07 0.382683
2.73333e-07 0.5
2.73667e-07 0.608761
2.74e-07 0.707107
2.74333e-07 0.793353
2.74667e-07 0.866025
2.75e-07 0.92388
2.75333e-07 0.965926
2.75667e-07 0.991445
2.76e-07 1
2.76333e-07 0.991445
2.76667e-07 0.965926
2.77e-07 0.92388
2.77333e-07 0.866025
2.77667e-07 0.793353
2.78e-07 0.707107
2.78333e-07 0.608761
2.78667e-07 0.5
2.79e-07 0.382683
2.79333e-07 0.258819
2.79667e-07 0.130526
2.8e-07 1.64209e-12
2.80333e-07 -0.130526
2.80667e-07 -0.258819
2.81e-07 -0.382683
2.81333e-07 -0.5
2.81667e-07 -0.608761
2.82e-07 -0.707107
2.82333e-07 -0.793353
2.82667e-07 -0.866025
2.83e-07 -0.92388
2.83333e-07 -0.965926
2.83667e-07 -0.991445
2.84e-07 -1
2.84333e-07 -0.991445
2.84667e-07 -0.965926
2.85e-07 -0.92388
2.85333e-07 -0.866025
2.85667e-07 -0.793353
2.86e-07 -0.707107
2.86333e-07 -0.608761
2.86667e-07 -0.5
2.87e-07 -0.382683
2.87333e-07 -0.258819
2.87667e-07 -0.130526
2.88e-07 -1.73813e-12
2.88333e-07 0.130526
2.88667e-07 0.258819
2.89e-07 0.382683
2.89333e-07 0.5
2.89667e-07 0.608761
2.9e-07 0.707107
2.90333e-07 0.793353
2.90667e-07 0.866025
2.91e-07 0.92388
2.91333e-07 0.965926
2.91667e-07 0.991445
2.92e-07 1
2.92333e-07 0.991445
2.92667e-07 0.965926
2.93e-07 0.92388
2.93333e-07 0.866025
2.93667e-07 0.793353
2.94e-07 0.707107
2.94333e-07 0.608761
2.94667e-07 0.5
2.95e-07 0.382683
2.95333e-07 0.258819
2.95667e-07 0.130526
2.96e-07 1.83418e-12
2.96333e-07 -0.130526
2.96667e-07 -0.258819
2.97e-07 -0.382683
2.97333e-07 -0.5
2.97667e-07 -0.608761
2.98e-07 -0.707107
2.98333e-07 -0.793353
2.98667e-07 -0.866025
2.99e-07 -0.92388
2.99333e-07 -0.965926
2.99667e-07 -0.991445
3e-07 -1
3.00333e-07 -0.991445
3.00667e-07 -0.965926
3.01e-07 -0.92388
3.01333e-07 -0.866025
3.01667e-07 -0.793353
3.02e-07 -0.707107
3.02333e-07 -0.608761
3.02667e-07 -0.5
3.03e-07 -0.382683
3.03333e-07 -0.258819
3.03667e-07 -0.130526
3.04e-07 -1.93022e-12
3.04333e-07 0.130526
3.04667e-07 0.258819
3.05e-07 0.382683
3.05333e-07 0.5
3.05667e-07 0.608761
3.06e-07 0.707107
3.06333e-07 0.793353
3.06667e-07 0.866025
3.07e-07 0.92388
3.07333e-07 0.965926
3.07667e-07 0.991445
3.08e-07 1
3.08333e-07 0.991445
3.08667e-07 0.965926
3.09e-07 0.92388
3.09333e-07 0.866025
3.09667e-07 0.793353
3.1e-07 0.707107
3.10333e-07 0.608761
3.10667e-07 0.5
3.11e-07 0.382683
3.11333e-07 0.258819
3.11667e-07 0.130526
3.12e-07 2.02627e-12
3.12333e-07 -0.130526
3.12667e-07 -0.258819
3.13e-07 -0.382683
3.13333e-07 -0.5
3.13667e-07 -0.608761
3.14e-07 -0.707107
3.14333e-07 -0.793353
3.14667e-07 -0.866025
3.15e-07 -0.92388
3.15333e-07 -0.965926
3.15667e-07 -0.991445
3.16e-07 -1
3.16333e-07 -0.991445
3.16667e-07 -0.965926
3.17e-07 -0.92388
3.17333e-07 -0.866025
3.17667e-07 -0.793353
3.18e-07 -0.707107
3.18333e-07 -0.608761
3.18667e-07 -0.5
3.19e-07 -0.382683
3.19333e-07 -0.258819
3.19667e-07 -0.130526
3.2e-07 -2.12232e-12
3.20333e-07 0.130526
3.20667e-07 0.258819
3.21e-07 0.382683
3.21333e-07 0.5
3.21667e-07 0.608761
3.22e-07 0.707107
3.22333e-07 0.793353
3.22667e-07 0.866025
3.23e-07 0.92388
3.23333e-07 0.965926
3.23667e-07 0.991445
3.24e-07 1
3.24333e-07 0.991445
3.24667e-07 0.965926
3.25e-07 0.92388
3.25333e-07 0.866025
3.25667e-07 0.793353
3.26e-07 0.707107
3.26333e-07 0.608761
3.26667e-07 0.5
3.27e-07 0.382683
3.27333e-07 0.258819
3.27667e-07 0.130526
3.28e-07 2.20415e-12
3.28333e-07 -0.130526
3.28667e-07 -0.258819
3.29e-07 -0.382683
3.29333e-07 -0.5
3.29667e-07 -0.608761
3.3e-07 -0.707107
3.30333e-07 -0.793353
3.30667e-07 -0.866025
3.31e-07 -0.92388
3.31333e-07 -0.965926
3.31667e-07 -0.991445
3.32e-07 -1
3.32333e-07 -0.991445
3.32667e-07 -0.965926
3.33e-07 -0.92388
3.33333e-07 -0.866025
3.33667e-07 -0.793353
3.34e-07 -0.707107
3.34333e-07 -0.608761
3.34667e-07 -0.5
3.35e-07 -0.382683
3.35333e-07 -0.258819
3.35667e-07 -0.130526
3.36e-07 -2.3002e-12
3.36333e-07 0.130526
3.36667e-07 0.258819
3.37e-07 0.382683
3.37333e-07 0.5
3.37667e-07 0.608761
3.38e-07 0.707107
3.38333e-07 0.793353
3.38667e-07 0.866025
3.39e-07 0.92388
3.39333e-07 0.965926
3.39667e-07 0.991445
3.4e-07 1
3.40333e-07 0.991445
3.40667e-07 0.965926
3.41e-07 0.92388
3.41333e-07 0.866025
3.41667e-07 0.793353
3.42e-07 0.707107
3.42333e-07 0.608761
3.42667e-07 0.5
3.43e-07 0.382683
3.43333e-07 0.258819
3.43667e-07 0.130526
3.44e-07 2.39624e-12
3.44333e-07 -0.130526
3.44667e-07 -0.258819
3.45e-07 -0.382683
3.45333e-07 -0.5
3.45667e-07 -0.608761
3.46e-07 -0.707107
3.46333e-07 -0.793353
3.46667e-07 -0.866025
3.47e-07 -0.92388
3.47333e-07 -0.965926
3.47667e-07 -0.991445
3.48e-07 -1
3.48333e-07 -0.991445
3.48667e-07 -0.965926
3.49e-07 -0.92388
3.49333e-07 -0.866025
3.49667e-07 -0.793353
3.5e-07 -0.707107
3.50333e-07 -0.608761
3.50667e-07 -0.5
3.51e-07 -0.382683
3.51333e-07 -0.258819
3.51667e-07 -0.130526
3.52e-07 -2.49229e-12
3.52333e-07 0.130526
3.52667e-07 0.258819
3.53e-07 0.382683
3.53333e-07 0.5
3.53667e-07 0.608761
3.54e-07 0.707107
3.54333e-07 0.793353
3.54667e-07 0.866025
3.55e-07 0.92388
3.55333e-07 0.965926
3.55667e-07 0.991445
3.56e-07 1
3.56333e-07 0.991445
3.56667e-07 0.965926
3.57e-07 0.92388
3.57333e-07 0.866025
3.57667e-07 0.793353
3.58e-07 0.707107
3.58333e-07 0.608761
3.58667e-07 0.5
3.59e-07 0.382683
3.59333e-07 0.258819
3.59667e-07 0.130526
3.6e-07 2.58833e-12
3.60333e-07 -0.130526
3.60667e-07 -0.258819
3.61e-07 -0.382683
3.61333e-07 -0.5
3.61667e-07 -0.608761
3.62e-07 -0.707107
3.62333e-07 -0.793353
3.62667e-07 -0.866025
3.63e-07 -0.92388
3.63333e-07 -0.965926
3.63667e-07 -0.991445
3.64e-07 -1
3.64333e-07 -0.991445
3.64667e-07 -0.965926
3.65e-07 -0.92388
3.65333e-07 -0.866025
3.65667e-07 -0.793353
3.66e-07 -0.707107
3.66333e-07 -0.608761
3.66667e-07 -0.5
3.67e-07 -0.382683
3.67333e-07 -0.258819
3.67667e-07 -0.130526
3.68e-07 -2.7128e-12
3.68333e-07 0.130526
3.68667e-07 0.258819
3.69e-07 0.382683
3.69333e-07 0.5
3.69667e-07 0.608761
3.7e-07 0.707107
3.70333e-07 0.793353
3.70667e-07 0.866025
3.71e-07 0.92388
3.71333e-07 0.965926
3.71667e-07 0.991445
3.72e-07 1
3.72333e-07 0.991445
3.72667e-07 0.965926
3.73e-07 0.92388
3.73333e-07 0.866025
3.73667e-07 0.793353
3.74e-07 0.707107
3.74333e-07 0.608761
3.74667e-07 0.5
3.75e-07 0.382683
3.75333e-07 0.258819
3.75667e-07 0.130526
3.76e-07 2.80885e-12
3.76333e-07 -0.130526
3.76667e-07 -0.258819
3.77e-07 -0.382683
3.77333e-07 -0.5
3.77667e-07 -0.608761
3.78e-07 -0.707107
3.78333e-07 -0.793353
3.78667e-07 -0.866025
3.79e-07 -0.92388
3.79333e-07 -0.965926
3.79667e-07 -0.991445
3.8e-07 -1
3.80333e-07 -0.991445
3.80667e-07 -0.965926
3.81e-07 -0.92388
3.81333e-07 -0.866025
3.81667e-07 -0.793353
3.82e-07 -0.707107
3.82333e-07 -0.608761
3.82667e-07 -0.5
3.83e-07 -0.382683
3.83333e-07 -0.258819
3.83667e-07 -0.130526
3.84e-07 -2.90489e-12
3.84333e-07 0.130526
3.84667e-07 0.258819
3.85e-07 0.382683
3.85333e-07 0.5
3.85667e-07 0.608761
3.86e-07 0.707107
3.86333e-07 0.793353
3.86667e-07 0.866025
3.87e-07 0.92388
3.87333e-07 0.965926
3.87667e-07 0.991445
3.88e-07 1
3.88333e-07 0.991445
3.88667e-07 0.965926
3.89e-07 0.92388
3.89333e-07 0.866025
3.89667e-07 0.793353
3.9e-07 0.707107
3.90333e-07 0.608761
3.90667e-07 0.5
3.91e-07 0.382683
3.91333e-07 0.258819
3.91667e-07 0.130526
3.92e-07 3.00094e-12
3.92333e-07 -0.130526
3.92667e-07 -0.258819
3.93e-07 -0.382683
3.93333e-07 -0.5
3.93667e-07 -0.608761
3.94e-07 -0.707107
3.94333e-07 -0.793353
3.94667e-07 -0.866025
3.95e-07 -0.92388
3.95333e-07 -0.965926
3.95667e-07 -0.991445
3.96e-07 -1
3.96333e-07 -0.991445
3.96667e-07 -0.965926
3.97e-07 -0.92388
3.97333e-07 -0.866025
3.97667e-07 -0.793353
3.98e-07 -0.707107
3.98333e-07 -0.608761
3.98667e-07 -0.5
3.99e-07 -0.382683
3.99333e-07 -0.258819
3.99667e-07 -0.130526
4e-07 -3.09698e-12
4.00333e-07 0.130526
4.00667e-07 0.258819
4.01e-07 0.382683
4.01333e-07 0.5
4.01667e-07 0.608761
4.02e-07 0.707107
4.02333e-07 0.793353
4.02667e-07 0.866025
4.03e-07 0.92388
4.03333e-07 0.965926
4.03667e-07 0.991445
4.04e-07 1
4.04333e-07 0.991445
4.04667e-07 0.965926
4.05e-07 0.92388
4.05333e-07 0.866025
4.05667e-07 0.793353
4.06e-07 0.707107
4.06333e-07 0.608761
4.06667e-07 0.5
4.07e-07 0.382683
4.07333e-07 0.258819
4.07667e-07 0.130526
4.08e-07 3.19303e-12
4.08333e-07 -0.130526
4.08667e-07 -0.258819
4.09e-07 -0.382683
4.09333e-07 -0.5
4.09667e-07 -0.608761
4.1e-07 -0.707107
4.10333e-07 -0.793353
4.10667e-07 -0.866025
4.11e-07 -0.92388
4.11333e-07 -0.965926
4.11667e-07 -0.991445
4.12e-07 -1
4.12333e-07 -0.991445
4.12667e-07 -0.965926
4.13e-07 -0.92388
4.13333e-07 -0.866025
4.13667e-07 -0.793353
4.14e-07 -0.707107
4.14333e-07 -0.608761
4.14667e-07 -0.5
4.15e-07 -0.382683
4.15333e-07 -0.258819
4.15667e-07 -0.130526
4.16e-07 -3.28908e-12
4.16333e-07 0.130526
4.16667e-07 0.258819
4.17e-07 0.382683
4.17333e-07 0.5
4.17667e-07 0.608761
4.18e-07 0.707107
4.18333e-07 0.793353
4.18667e-07 0.866025
4.19e-07 0.92388
4.19333e-07 0.965926
4.19667e-07 0.991445
4.2e-07 1
4.20333e-07 0.991445
4.20667e-07 0.965926
4.21e-07 0.92388
4.21333e-07 0.866025
4.21667e-07 0.793353
4.22e-07 0.707107
4.22333e-07 0.608761
4.22667e-07 0.5
4.23e-07 0.382683
4.23333e-07 0.258819
4.23667e-07 0.130526
4.24e-07 3.38512e-12
4.24333e-07 -0.130526
4.24667e-07 -0.258819
4.25e-07 -0.382683
4.25333e-07 -0.5
4.25667e-07 -0.608761
4.26e-07 -0.707107
4.26333e-07 -0.793353
4.26667e-07 -0.866025
4.27e-07 -0.92388
4.27333e-07 -0.965926
4.27667e-07 -0.991445
4.28e-07 -1
4.28333e-07 -0.991445
4.28667e-07 -0.965926
4.29e-07 -0.92388
4.29333e-07 -0.866025
4.29667e-07 -0.793353
4.3e-07 -0.707107
4.30333e-07 -0.608761
4.30667e-07 -0.5
4.31e-07 -0.382683
4.31333e-07 -0.258819
4.31667e-07 -0.130526
4.32e-07 -3.48117e-12
4.32333e-07 0.130526
4.32667e-07 0.258819
4.33e-07 0.382683
4.33333e-07 0.5
4.33667e-07 0.608761
4.34e-07 0.707107
4.34333e-07 0.793353
4.34667e-07 0.866025
4.35e-07 0.92388
4.35333e-07 0.965926
4.35667e-07 0.991445
4.36e-07 1
4.36333e-07 0.991445
4.36667e-07 0.965926
4.37e-07 0.92388
4.37333e-07 0.866025
4.37667e-07 0.793353
4.38e-07 0.707107
4.38333e-07 0.608761
4.38667e-07 0.5
4.39e-07 0.382683
4.39333e-07 0.258819
4.39667e-07 0.130526
4.4e-07 3.57721e-12
4.40333e-07 -0.130526
4.40667e-07 -0.258819
4.41e-07 -0.382683
4.41333e-07 -0.5
4.41667e-07 -0.608761
4.42e-07 -0.707107
4.42333e-07 -0.793353
4.42667e-07 -0.866025
4.43e-07 -0.92388
4.43333e-07 -0.965926
4.43667e-07 -0.991445
4.44e-07 -1
4.44333e-07 -0.991445
4.44667e-07 -0.965926
4.45e-07 -0.92388
4.45333e-07 -0.866025
4.45667e-07 -0.793353
4.46e-07 -0.707107
4.46333e-07 -0.608761
4.46667e-07 -0.5
4.47e-07 -0.382683
4.47333e-07 -0.258819
4.47667e-07 -0.130526
4.48e-07 -3.67326e-12
4.48333e-07 0.130526
4.48667e-07 0.258819
4.49e-07 0.382683
4.49333e-07 0.5
4.49667e-07 0.608761
4.5e-07 0.707107
4.50333e-07 0.793353
4.50667e-07 0.866025
4.51e-07 0.92388
4.51333e-07 0.965926
4.51667e-07 0.991445
4.52e-07 1
4.52333e-07 0.991445
4.52667e-07 0.965926
4.53e-07 0.92388
4.53333e-07 0.866025
4.53667e-07 0.793353
4.54e-07 0.707107
4.54333e-07 0.608761
4.54667e-07 0.5
4.55e-07 0.382683
4.55333e-07 0.258819
4.55667e-07 0.130526
4.56e-07 3.7693e-12
4.56333e-07 -0.130526
4.56667e-07 -0.258819
4.57e-07 -0.382683
4.57333e-07 -0.5
4.57667e-07 -0.608761
4.58e-07 -0.707107
4.58333e-07 -0.793353
4.58667e-07 -0.866025
4.59e-07 -0.92388
4.59333e-07 -0.965926
4.59667e-07 -0.991445
4.6e-07 -1
4.60333e-07 -0.991445
4.60667e-07 -0.965926
4.61e-07 -0.92388
4.61333e-07 -0.866025
4.61667e-07 -0.793353
4.62e-07 -0.707107
4.62333e-07 -0.608761
4.62667e-07 -0.5
4.63e-07 -0.382683
4.63333e-07 -0.258819
4.63667e-07 -0.130526
4.64e-07 -3.86535e-12
4.64333e-07 0.130526
4.64667e-07 0.258819
4.65e-07 0.382683
4.65333e-07 0.5
4.65667e-07 0.608761
4.66e-07 0.707107
4.66333e-07 0.793353
4.66667e-07 0.866025
4.67e-07 0.92388
4.67333e-07 0.965926
4.67667e-07 0.991445
4.68e-07 1
4.68333e-07 0.991445
4.68667e-07 0.965926
4.69e-07 0.92388
4.69333e-07 0.866025
4.69667e-07 0.793353
4.7e-07 0.707107
4.70333e-07 0.608761
4.70667e-07 0.5
4.71e-07 0.382683
4.71333e-07 0.258819
4.71667e-07 0.130526
4.72e-07 3.9614e-12
4.72333e-07 -0.130526
4.72667e-07 -0.258819
4.73e-07 -0.382683
4.73333e-07 -0.5
4.73667e-07 -0.608761
4.74e-07 -0.707107
4.74333e-07 -0.793353
4.74667e-07 -0.866025
4.75e-07 -0.92388
4.75333e-07 -0.965926
4.75667e-07 -0.991445
4.76e-07 -1
4.76333e-07 -0.991445
4.76667e-07 -0.965926
4.77e-07 -0.92388
4.77333e-07 -0.866025
4.77667e-07 -0.793353
4.78e-07 -0.707107
4.78333e-07 -0.608761
4.78667e-07 -0.5
4.79e-07 -0.382683
4.79333e-07 -0.258819
4.79667e-07 -0.130526
4.8e-07 -4.05744e-12
4.80333e-07 0.130526
4.80667e-07 0.258819
4.81e-07 0.382683
4.81333e-07 0.5
4.81667e-07 0.608761
4.82e-07 0.707107
4.82333e-07 0.793353
4.82667e-07 0.866025
4.83e-07 0.92388
4.83333e-07 0.965926
4.83667e-07 0.991445
4.84e-07 1
4.84333e-07 0.991445
4.84667e-07 0.965926
4.85e-07 0.92388
4.85333e-07 0.866025
4.85667e-07 0.793353
4.86e-07 0.707107
4.86333e-07 0.608761
4.86667e-07 0.5
4.87e-07 0.382683
4.87333e-07 0.258819
4.87667e-07 0.130526
4.88e-07 4.15349e-12
4.88333e-07 -0.130526
4.88667e-07 -0.258819
4.89e-07 -0.382683
4.89333e-07 -0.5
4.89667e-07 -0.608761
4.9e-07 -0.707107
4.90333e-07 -0.793353
4.90667e-07 -0.866025
4.91e-07 -0.92388
4.91333e-07 -0.965926
4.91667e-07 -0.991445
4.92e-07 -1
4.92333e-07 -0.991445
4.92667e-07 -0.965926
4.93e-07 -0.92388
4.93333e-07 -0.866025
4.93667e-07 -0.793353
4.94e-07 -0.707107
4.94333e-07 -0.608761
4.94667e-07 -0.5
4.95e-07 -0.382683
4.95333e-07 -0.258819
4.95667e-07 -0.130526
4.96e-07 -4.24953e-12
4.96333e-07 0.130526
4.96667e-07 0.258819
4.97e-07 0.382683
4.97333e-07 0.5
4.97667e-07 0.608761
4.98e-07 0.707107
4.98333e-07 0.793353
4.98667e-07 0.866025
4.99e-07 0.92388
4.99333e-07 0.965926
4.99667e-07 0.991445
5e-07 1
5.00333e-07 0.991445
5.00667e-07 0.965926
5.01e-07 0.92388
5.01333e-07 0.866025
5.01667e-07 0.793353
5.02e-07 0.707107
5.02333e-07 0.608761
5.02667e-07 0.5
5.03e-07 0.382683
5.03333e-07 0.258819
5.03667e-07 0.130526
5.04e-07 4.34558e-12
5.04333e-07 -0.130526
5.04667e-07 -0.258819
5.05e-07 -0.382683
5.05333e-07 -0.5
5.05667e-07 -0.608761
5.06e-07 -0.707107
5.06333e-07 -0.793353
5.06667e-07 -0.866025
5.07e-07 -0.92388
5.07333e-07 -0.965926
5.07667e-07 -0.991445
5.08e-07 -1
5.08333e-07 -0.991445
5.08667e-07 -0.965926
5.09e-07 -0.92388
5.09333e-07 -0.866025
5.09667e-07 -0.793353
5.1e-07 -0.707107
5.10333e-07 -0.608761
5.10667e-07 -0.5
5.11e-07 -0.382683
5.11333e-07 -0.258819
5.11667e-07 -0.130526
5.12e-07 -4.44162e-12
5.12333e-07 0.130526
5.12667e-07 0.258819
5.13e-07 0.382683
5.13333e-07 0.5
5.13667e-07 0.608761
5.14e-07 0.707107
5.14333e-07 0.793353
5.14667e-07 0.866025
5.15e-07 0.92388
5.15333e-07 0.965926
5.15667e-07 0.991445
5.16e-07 1
5.16333e-07 0.991445
5.16667e-07 0.965926
5.17e-07 0.92388
5.17333e-07 0.866025
5.17667e-07 0.793353
5.18e-07 0.707107
5.18333e-07 0.608761
5.18667e-07 0.5
5.19e-07 0.382683
5.19333e-07 0.258819
5.19667e-07 0.130526
5.2e-07 4.53767e-12
5.20333e-07 -0.130526
5.20667e-07 -0.258819
5.21e-07 -0.382683
5.21333e-07 -0.5
5.21667e-07 -0.608761
5.22e-07 -0.707107
5.22333e-07 -0.793353
5.22667e-07 -0.866025
5.23e-07 -0.92388
5.23333e-07 -0.965926
5.23667e-07 -0.991445
5.24e-07 -1
5.24333e-07 -0.991445
5.24667e-07 -0.965926
5.25e-07 -0.92388
5.25333e-07 -0.866025
5.25667e-07 -0.793353
5.26e-07 -0.707107
5.26333e-07 -0.608761
5.26667e-07 -0.5
5.27e-07 -0.382683
5.27333e-07 -0.258819
5.27667e-07 -0.130526
5.28e-07 -4.63372e-12
5.28333e-07 0.130526
5.28667e-07 0.258819
5.29e-07 0.382683
5.29333e-07 0.5
5.29667e-07 0.608761
5.3e-07 0.707107
5.30333e-07 0.793353
5.30667e-07 0.866025
5.31e-07 0.92388
5.31333e-07 0.965926
5.31667e-07 0.991445
5.32e-07 1
5.32333e-07 0.991445
5.32667e-07 0.965926
5.33e-07 0.92388
5.33333e-07 0.866025
5.33667e-07 0.793353
5.34e-07 0.707107
5.34333e-07 0.608761
5.34667e-07 0.5
5.35e-07 0.382683
5.35333e-07 0.258819
5.35667e-07 0.130526
5.36e-07 4.72976e-12
5.36333e-07 -0.130526
5.36667e-07 -0.258819
5.37e-07 -0.382683
5.37333e-07 -0.5
5.37667e-07 -0.608761
5.38e-07 -0.707107
5.38333e-07 -0.793353
5.38667e-07 -0.866025
5.39e-07 -0.92388
5.39333e-07 -0.965926
5.39667e-07 -0.991445
5.4e-07 -1
5.40333e-07 -0.991445
5.40667e-07 -0.965926
5.41e-07 -0.92388
5.41333e-07 -0.866025
5.41667e-07 -0.793353
5.42e-07 -0.707107
5.42333e-07 -0.608761
5.42667e-07 -0.5
5.43e-07 -0.382683
5.43333e-07 -0.258819
5.43667e-07 -0.130526
5.44e-07 -4.82581e-12
5.44333e-07 0.130526
5.44667e-07 0.258819
5.45e-07 0.382683
5.45333e-07 0.5
5.45667e-07 0.608761
5.46e-07 0.707107
5.46333e-07 0.793353
5.46667e-07 0.866025
5.47e-07 0.92388
5.47333e-07 0.965926
5.47667e-07 0.991445
5.48e-07 1
5.48333e-07 0.991445
5.48667e-07 0.965926
5.49e-07 0.92388
5.49333e-07 0.866025
5.49667e-07 0.793353
5.5e-07 0.707107
5.50333e-07 0.608761
5.50667e-07 0.5
5.51e-07 0.382683
5.51333e-07 0.258819
5.51667e-07 0.130526
5.52e-07 4.92185e-12
5.52333e-07 -0.130526
5.52667e-07 -0.258819
5.53e-07 -0.382683
5.53333e-07 -0.5
5.53667e-07 -0.608761
5.54e-07 -0.707107
5.54333e-07 -0.793353
5.54667e-07 -0.866025
5.55e-07 -0.92388
5.55333e-07 -0.965926
5.55667e-07 -0.991445
5.56e-07 -1
5.56333e-07 -0.991445
5.56667e-07 -0.965926
5.57e-07 -0.92388
5.57333e-07 -0.866025
5.57667e-07 -0.793353
5.58e-07 -0.707107
5.58333e-07 -0.608761
5.58667e-07 -0.5
5.59e-07 -0.382683
5.59333e-07 -0.258819
5.59667e-07 -0.130526
5.6e-07 -5.0179e-12
5.60333e-07 0.130526
5.60667e-07 0.258819
5.61e-07 0.382683
5.61333e-07 0.5
5.61667e-07 0.608761
5.62e-07 0.707107
5.62333e-07 0.793353
5.62667e-07 0.866025
5.63e-07 0.92388
5.63333e-07 0.965926
5.63667e-07 0.991445
5.64e-07 1
5.64333e-07 0.991445
5.64667e-07 0.965926
5.65e-07 0.92388
5.65333e-07 0.866025
5.65667e-07 0.793353
5.66e-07 0.707107
5.66333e-07 0.608761
5.66667e-07 0.5
5.67e-07 0.382683
5.67333e-07 0.258819
5.67667e-07 0.130526
5.68e-07 5.11394e-12
5.68333e-07 -0.130526
5.68667e-07 -0.258819
5.69e-07 -0.382683
5.69333e-07 -0.5
5.69667e-07 -0.608761
5.7e-07 -0.707107
5.70333e-07 -0.793353
5.70667e-07 -0.866025
5.71e-07 -0.92388
5.71333e-07 -0.965926
5.71667e-07 -0.991445
5.72e-07 -1
5.72333e-07 -0.991445
5.72667e-07 -0.965926
5.73e-07 -0.92388
5.73333e-07 -0.866025
5.73667e-07 -0.793353
5.74e-07 -0.707107
5.74333e-07 -0.608761
5.74667e-07 -0.5
5.75e-07 -0.382683
5.75333e-07 -0.258819
5.75667e-07 -0.130526
5.76e-07 -5.20999e-12
5.76333e-07 0.130526
5.76667e-07 0.258819
5.77e-07 0.382683
5.77333e-07 0.5
5.77667e-07 0.608761
5.78e-07 0.707107
5.78333e-07 0.793353
5.78667e-07 0.866025
5.79e-07 0.92388
5.79333e-07 0.965926
5.79667e-07 0.991445
5.8e-07 1
5.80333e-07 0.991445
5.80667e-07 0.965926
5.81e-07 0.92388
5.81333e-07 0.866025
5.81667e-07 0.793353
5.82e-07 0.707107
5.82333e-07 0.608761
5.82667e-07 0.5
5.83e-07 0.382683
5.83333e-07 0.258819
5.83667e-07 0.130526
5.84e-07 5.30604e-12
5.84333e-07 -0.130526
5.84667e-07 -0.258819
5.85e-07 -0.382683
5.85333e-07 -0.5
5.85667e-07 -0.608761
5.86e-07 -0.707107
5.86333e-07 -0.793353
5.86667e-07 -0.866025
5.87e-07 -0.92388
5.87333e-07 -0.965926
5.87667e-07 -0.991445
5.88e-07 -1
5.88333e-07 -0.991445
5.88667e-07 -0.965926
5.89e-07 -0.92388
5.89333e-07 -0.866025
5.89667e-07 -0.793353
5.9e-07 -0.707107
5.90333e-07 -0.608761
5.90667e-07 -0.5
5.91e-07 -0.382683
5.91333e-07 -0.258819
5.91667e-07 -0.130526
5.92e-07 -5.40208e-12
5.92333e-07 0.130526
5.92667e-07 0.258819
5.93e-07 0.382683
5.93333e-07 0.5
5.93667e-07 0.608761
5.94e-07 0.707107
5.94333e-07 0.793353
5.94667e-07 0.866025
5.95e-07 0.92388
5.95333e-07 0.965926
5.95667e-07 0.991445
5.96e-07 1
5.96333e-07 0.991445
5.96667e-07 0.965926
5.97e-07 0.92388
5.97333e-07 0.866025
5.97667e-07 0.793353
5.98e-07 0.707107
5.98333e-07 0.608761
5.98667e-07 0.5
5.99e-07 0.382683
5.99333e-07 0.258819
5.99667e-07 0.130526
6e-07 5.49813e-12
6.00333e-07 -0.130526
6.00667e-07 -0.258819
6.01e-07 -0.382683
6.01333e-07 -0.5
6.01667e-07 -0.608761
6.02e-07 -0.707107
6.02333e-07 -0.793353
6.02667e-07 -0.866025
6.03e-07 -0.92388
6.03333e-07 -0.965926
6.03667e-07 -0.991445
6.04e-07 -1
6.04333e-07 -0.991445
6.04667e-07 -0.965926
6.05e-07 -0.92388
6.05333e-07 -0.866025
6.05667e-07 -0.793353
6.06e-07 -0.707107
6.06333e-07 -0.608761
6.06667e-07 -0.5
6.07e-07 -0.382683
6.07333e-07 -0.258819
6.07667e-07 -0.130526
6.08e-07 -5.59417e-12
6.08333e-07 0.130526
6.08667e-07 0.258819
6.09e-07 0.382683
6.09333e-07 0.5
6.09667e-07 0.608761
6.1e-07 0.707107
6.10333e-07 0.793353
6.10667e-07 0.866025
6.11e-07 0.92388
6.11333e-07 0.965926
6.11667e-07 0.991445
6.12e-07 1
6.12333e-07 0.991445
6.12667e-07 0.965926
6.13e-07 0.92388
6.13333e-07 0.866025
6.13667e-07 0.793353
6.14e-07 0.707107
6.14333e-07 0.608761
6.14667e-07 0.5
6.15e-07 0.382683
6.15333e-07 0.258819
6.15667e-07 0.130526
6.16e-07 5.69022e-12
6.16333e-07 -0.130526
6.16667e-07 -0.258819
6.17e-07 -0.382683
6.17333e-07 -0.5
6.17667e-07 -0.608761
6.18e-07 -0.707107
6.18333e-07 -0.793353
6.18667e-07 -0.866025
6.19e-07 -0.92388
6.19333e-07 -0.965926
6.19667e-07 -0.991445
6.2e-07 -1
6.20333e-07 -0.991445
6.20667e-07 -0.965926
6.21e-07 -0.92388
6.21333e-07 -0.866025
6.21667e-07 -0.793353
6.22e-07 -0.707107
6.22333e-07 -0.608761
6.22667e-07 -0.5
6.23e-07 -0.382683
6.23333e-07 -0.258819
6.23667e-07 -0.130526
6.24e-07 -5.78626e-12
6.24333e-07 0.130526
6.24667e-07 0.258819
6.25e-07 0.382683
6.25333e-07 0.5
6.25667e-07 0.608761
6.26e-07 0.707107
6.26333e-07 0.793353
6.26667e-07 0.866025
6.27e-07 0.92388
6.27333e-07 0.965926
6.27667e-07 0.991445
6.28e-07 1
6.28333e-07 0.991445
6.28667e-07 0.965926
6.29e-07 0.92388
6.29333e-07 0.866025
6.29667e-07 0.793353
6.3e-07 0.707107
6.30333e-07 0.608761
6.30667e-07 0.5
6.31e-07 0.382683
6.31333e-07 0.258819
6.31667e-07 0.130526
6.32e-07 5.88231e-12
6.32333e-07 -0.130526
6.32667e-07 -0.258819
6.33e-07 -0.382683
6.33333e-07 -0.5
6.33667e-07 -0.608761
6.34e-07 -0.707107
6.34333e-07 -0.793353
6.34667e-07 -0.866025
6.35e-07 -0.92388
6.35333e-07 -0.965926
6.35667e-07 -0.991445
6.36e-07 -1
6.36333e-07 -0.991445
6.36667e-07 -0.965926
6.37e-07 -0.92388
6.37333e-07 -0.866025
6.37667e-07 -0.793353
6.38e-07 -0.707107
6.38333e-07 -0.608761
6.38667e-07 -0.5
6.39e-07 -0.382683
6.39333e-07 -0.258819
6.39667e-07 -0.130526
6.4e-07 -5.97836e-12
6.40333e-07 0.130526
6.40667e-07 0.258819
6.41e-07 0.382683
6.41333e-07 0.5
6.41667e-07 0.608761
6.42e-07 0.707107
6.42333e-07 0.793353
6.42667e-07 0.866025
6.43e-07 0.92388
6.43333e-07 0.965926
6.43667e-07 0.991445
6.44e-07 1
6.44333e-07 0.991445
6.44667e-07 0.965926
6.45e-07 0.92388
6.45333e-07 0.866025
6.45667e-07 0.793353
6.46e-07 0.707107
6.46333e-07 0.608761
6.46667e-07 0.5
6.47e-07 0.382683
6.47333e-07 0.258819
6.47667e-07 0.130526
6.48e-07 6.0744e-12
6.48333e-07 -0.130526
6.48667e-07 -0.258819
6.49e-07 -0.382683
6.49333e-07 -0.5
6.49667e-07 -0.608761
6.5e-07 -0.707107
6.50333e-07 -0.793353
6.50667e-07 -0.866025
6.51e-07 -0.92388
6.51333e-07 -0.965926
6.51667e-07 -0.991445
6.52e-07 -1
6.52333e-07 -0.991445
6.52667e-07 -0.965926
6.53e-07 -0.92388
6.53333e-07 -0.866025
6.53667e-07 -0.793353
6.54e-07 -0.707107
6.54333e-07 -0.608761
6.54667e-07 -0.5
6.55e-07 -0.382683
6.55333e-07 -0.258819
6.55667e-07 -0.130526
6.56e-07 -6.17045e-12
6.56333e-07 0.130526
6.56667e-07 0.258819
6.57e-07 0.382683
6.57333e-07 0.5
6.57667e-07 0.608761
6.58e-07 0.707107
6.58333e-07 0.793353
6.58667e-07 0.866025
6.59e-07 0.92388
6.59333e-07 0.965926
6.59667e-07 0.991445
6.6e-07 1
6.60333e-07 0.991445
6.60667e-07 0.965926
6.61e-07 0.92388
6.61333e-07 0.866025
6.61667e-07 0.793353
6.62e-07 0.707107
6.62333e-07 0.608761
6.62667e-07 0.5
6.63e-07 0.382683
6.63333e-07 0.258819
6.63667e-07 0.130526
6.64e-07 6.29491e-12
6.64333e-07 -0.130526
6.64667e-07 -0.258819
6.65e-07 -0.382683
6.65333e-07 -0.5
6.65667e-07 -0.608761
6.66e-07 -0.707107
6.66333e-07 -0.793353
6.66667e-07 -0.866025
6.67e-07 -0.92388
6.67333e-07 -0.965926
6.67667e-07 -0.991445
6.68e-07 -1
6.68333e-07 -0.991445
6.68667e-07 -0.965926
6.69e-07 -0.92388
6.69333e-07 -0.866025
6.69667e-07 -0.793353
6.7e-07 -0.707107
6.70333e-07 -0.608761
6.70667e-07 -0.5
6.71e-07 -0.382683
6.71333e-07 -0.258819
6.71667e-07 -0.130526
