freq Xk_re Xk_im Xk_mag Xk_err
2.225e+07 0.0417788 -0.274951 0.278107
2.226e+07 0.0400448 -0.237628 0.240979
2.227e+07 0.0369661 -0.199809 0.2032
2.228e+07 0.0325431 -0.16156 0.164805
2.229e+07 0.0267786 -0.122949 0.125831
2.23e+07 0.0196778 -0.0840424 0.0863154
2.231e+07 0.0112482 -0.0449102 0.0462974
2.232e+07 0.00149965 -0.00562141 0.00581801
2.233e+07 -0.00955577 0.0337543 0.0350809
2.234e+07 -0.0219036 0.073147 0.0763561
2.235e+07 -0.035527 0.112487 0.117964
2.236e+07 -0.0504071 0.151703 0.159858
2.237e+07 -0.0665225 0.190726 0.201994
2.238e+07 -0.0838499 0.229485 0.244324
2.239e+07 -0.102364 0.267911 0.286801
2.24e+07 -0.122036 0.305936 0.329378
2.241e+07 -0.142837 0.34349 0.372005
2.242e+07 -0.164735 0.380506 0.414635
2.243e+07 -0.187696 0.416916 0.457218
2.244e+07 -0.211684 0.452655 0.499706
2.245e+07 -0.236662 0.487657 0.54205
2.246e+07 -0.26259 0.52186 0.584201
2.247e+07 -0.289427 0.555199 0.62611
2.248e+07 -0.317129 0.587615 0.667729
2.249e+07 -0.345654 0.619047 0.70901
2.25e+07 -0.374953 0.649438 0.749906
2.251e+07 -0.404981 0.678731 0.79037
2.252e+07 -0.435687 0.706872 0.830356
2.253e+07 -0.467022 0.733809 0.869819
2.254e+07 -0.498934 0.759491 0.908715
2.255e+07 -0.531371 0.78387 0.946999
2.256e+07 -0.56428 0.8069 0.984631
2.257e+07 -0.597605 0.828537 1.02157
2.258e+07 -0.631291 0.848739 1.05777
2.259e+07 -0.665282 0.867469 1.09321
2.26e+07 -0.699521 0.884689 1.12783
2.261e+07 -0.733951 0.900365 1.16161
2.262e+07 -0.768514 0.914468 1.19451
2.263e+07 -0.803151 0.926967 1.22651
2.264e+07 -0.837805 0.937839 1.25756
2.265e+07 -0.872416 0.94706 1.28765
2.266e+07 -0.906926 0.95461 1.31674
2.267e+07 -0.941275 0.960472 1.34481
2.268e+07 -0.975406 0.964633 1.37184
2.269e+07 -1.00926 0.967082 1.3978
2.27e+07 -1.04278 0.96781 1.42269
2.271e+07 -1.07591 0.966814 1.44648
2.272e+07 -1.10858 0.96409 1.46916
2.273e+07 -1.14075 0.959641 1.49071
2.274e+07 -1.17236 0.953471 1.51114
2.275e+07 -1.20335 0.945587 1.53042
2.276e+07 -1.23368 0.936 1.54857
2.277e+07 -1.26328 0.924723 1.56556
2.278e+07 -1.2921 0.911773 1.58141
2.279e+07 -1.3201 0.897169 1.59611
2.28e+07 -1.34723 0.880934 1.60968
2.281e+07 -1.37343 0.863094 1.62211
2.282e+07 -1.39866 0.843676 1.63342
2.283e+07 -1.42289 0.822713 1.64361
2.284e+07 -1.44605 0.800238 1.65271
2.285e+07 -1.46812 0.776288 1.66072
2.286e+07 -1.48905 0.750903 1.66767
2.287e+07 -1.50881 0.724124 1.67358
2.288e+07 -1.52736 0.695997 1.67846
2.289e+07 -1.54466 0.666569 1.68235
2.29e+07 -1.56069 0.63589 1.68527
2.291e+07 -1.57542 0.604011 1.68724
2.292e+07 -1.58881 0.570987 1.6883
2.293e+07 -1.60085 0.536874 1.68848
2.294e+07 -1.61151 0.50173 1.68781
2.295e+07 -1.62077 0.465617 1.68633
2.296e+07 -1.62861 0.428595 1.68407
2.297e+07 -1.63502 0.39073 1.68106
2.298e+07 -1.63999 0.352087 1.67736
2.299e+07 -1.6435 0.312733 1.67299
2.3e+07 -1.64555 0.272736 1.668
2.301e+07 -1.64613 0.232167 1.66242
2.302e+07 -1.64523 0.191096 1.65629
2.303e+07 -1.64287 0.149596 1.64966
2.304e+07 -1.63903 0.107739 1.64257
2.305e+07 -1.63373 0.0655995 1.63505
2.306e+07 -1.62697 0.0232517 1.62714
2.307e+07 -1.61877 -0.0192293 1.61888
2.308e+07 -1.60913 -0.0617684 1.61031
2.309e+07 -1.59807 -0.10429 1.60146
2.31e+07 -1.5856 -0.146718 1.59238
2.311e+07 -1.57176 -0.188976 1.58308
2.312e+07 -1.55656 -0.23099 1.5736
2.313e+07 -1.54002 -0.272684 1.56398
2.314e+07 -1.52218 -0.313982 1.55422
2.315e+07 -1.50306 -0.354811 1.54437
2.316e+07 -1.48269 -0.395096 1.53443
2.317e+07 -1.46112 -0.434766 1.52443
2.318e+07 -1.43837 -0.473747 1.51437
2.319e+07 -1.41448 -0.511968 1.50428
2.32e+07 -1.3895 -0.549361 1.49416
2.321e+07 -1.36347 -0.585856 1.48401
2.322e+07 -1.33643 -0.621387 1.47383
2.323e+07 -1.30844 -0.655889 1.46362
2.324e+07 -1.27953 -0.689296 1.45338
2.325e+07 -1.24976 -0.721549 1.4431
2.326e+07 -1.21918 -0.752586 1.43275
2.327e+07 -1.18785 -0.782349 1.42234
2.328e+07 -1.15581 -0.810783 1.41183
2.329e+07 -1.12313 -0.837834 1.40121
2.33e+07 -1.08986 -0.863451 1.39045
2.331e+07 -1.05606 -0.887585 1.37952
2.332e+07 -1.0218 -0.91019 1.3684
2.333e+07 -0.987124 -0.931222 1.35705
2.334e+07 -0.952105 -0.950639 1.34544
2.335e+07 -0.916801 -0.968405 1.33354
2.336e+07 -0.881277 -0.984483 1.32131
2.337e+07 -0.845596 -0.99884 1.30871
2.338e+07 -0.809821 -1.01145 1.2957
2.339e+07 -0.774019 -1.02228 1.28225
2.34e+07 -0.738252 -1.03131 1.26832
2.341e+07 -0.702587 -1.03853 1.25386
2.342e+07 -0.667088 -1.0439 1.23885
2.343e+07 -0.631819 -1.04743 1.22324
2.344e+07 -0.596845 -1.0491 1.20699
2.345e+07 -0.562231 -1.0489 1.19008
2.346e+07 -0.52804 -1.04682 1.17246
2.347e+07 -0.494334 -1.04288 1.1541
2.348e+07 -0.461178 -1.03706 1.13498
2.349e+07 -0.428632 -1.02938 1.11506
2.35e+07 -0.396757 -1.01985 1.09431
2.351e+07 -0.365613 -1.00847 1.0727
2.352e+07 -0.335259 -0.99527 1.05022
2.353e+07 -0.305752 -0.980262 1.02684
2.354e+07 -0.277149 -0.963471 1.00254
2.355e+07 -0.249504 -0.944921 0.977307
2.356e+07 -0.222871 -0.924642 0.951123
2.357e+07 -0.1973 -0.902667 0.923978
2.358e+07 -0.172843 -0.879029 0.895861
2.359e+07 -0.149547 -0.853768 0.866766
2.36e+07 -0.127458 -0.826924 0.836689
2.361e+07 -0.106622 -0.798541 0.805628
2.362e+07 -0.0870792 -0.768668 0.773584
2.363e+07 -0.0688708 -0.737352 0.740561
2.364e+07 -0.0520345 -0.704647 0.706566
2.365e+07 -0.0366058 -0.670607 0.671606
2.366e+07 -0.0226181 -0.635291 0.635693
2.367e+07 -0.0101021 -0.598757 0.598842
2.368e+07 0.00091367 -0.561069 0.561069
2.369e+07 0.0104035 -0.522289 0.522393
2.37e+07 0.018344 -0.482486 0.482834
2.371e+07 0.0247146 -0.441727 0.442417
2.372e+07 0.0294974 -0.400082 0.401168
2.373e+07 0.0326771 -0.357624 0.359114
2.374e+07 0.0342413 -0.314426 0.316285
2.375e+07 0.0341802 -0.270564 0.272714
2.376e+07 0.0324869 -0.226114 0.228435
2.377e+07 0.0291573 -0.181153 0.183484
2.378e+07 0.0241902 -0.135761 0.137899
2.379e+07 0.0175871 -0.0900167 0.0917187
2.38e+07 0.00935258 -0.0440016 0.0449846
2.381e+07 -0.000506154 0.00220333 0.00226072
2.382e+07 -0.0119789 0.0485163 0.0499733
2.383e+07 -0.0250528 0.0948551 0.0981078
2.384e+07 -0.0397118 0.141137 0.146618
2.385e+07 -0.0559375 0.18728 0.195456
2.386e+07 -0.0737085 0.233202 0.244573
2.387e+07 -0.0930005 0.278819 0.293921
2.388e+07 -0.113787 0.324051 0.343448
2.389e+07 -0.136038 0.368815 0.393104
2.39e+07 -0.159721 0.413031 0.442838
2.391e+07 -0.184802 0.456618 0.492597
2.392e+07 -0.211244 0.499498 0.542331
2.393e+07 -0.239006 0.541593 0.591986
2.394e+07 -0.268047 0.582825 0.641509
2.395e+07 -0.298322 0.623119 0.69085
2.396e+07 -0.329784 0.662401 0.739954
2.397e+07 -0.362384 0.700599 0.788771
2.398e+07 -0.396071 0.737641 0.837249
2.399e+07 -0.430792 0.773459 0.885336
2.4e+07 -0.466491 0.807987 0.932983
2.401e+07 -0.503113 0.841159 0.980138
2.402e+07 -0.540597 0.872912 1.02675
2.403e+07 -0.578884 0.903188 1.07278
2.404e+07 -0.617912 0.931928 1.11817
2.405e+07 -0.657617 0.959078 1.16288
2.406e+07 -0.697934 0.984584 1.20686
2.407e+07 -0.738797 1.0084 1.25008
2.408e+07 -0.780139 1.03047 1.29247
2.409e+07 -0.821892 1.05076 1.33402
2.41e+07 -0.863987 1.06923 1.37467
2.411e+07 -0.906353 1.08584 1.4144
2.412e+07 -0.948921 1.10055 1.45316
2.413e+07 -0.991618 1.11334 1.49091
2.414e+07 -1.03437 1.12417 1.52764
2.415e+07 -1.07712 1.13302 1.5633
2.416e+07 -1.11977 1.13987 1.59787
2.417e+07 -1.16227 1.14471 1.63133
2.418e+07 -1.20454 1.14752 1.66364
2.419e+07 -1.2465 1.14829 1.69479
2.42e+07 -1.2881 1.14701 1.72476
2.421e+07 -1.32924 1.14367 1.75353
2.422e+07 -1.36988 1.13829 1.78109
2.423e+07 -1.40992 1.13087 1.80742
2.424e+07 -1.44932 1.12141 1.83251
2.425e+07 -1.48799 1.10992 1.85635
2.426e+07 -1.52587 1.09642 1.87894
2.427e+07 -1.5629 1.08093 1.90028
2.428e+07 -1.599 1.06347 1.92036
2.429e+07 -1.63413 1.04407 1.93919
2.43e+07 -1.66821 1.02276 1.95677
2.431e+07 -1.70118 0.99956 1.9731
2.432e+07 -1.73299 0.974519 1.9882
2.433e+07 -1.76358 0.947673 2.00208
2.434e+07 -1.7929 0.919065 2.01474
2.435e+07 -1.82089 0.888742 2.02621
2.436e+07 -1.84751 0.856753 2.0365
2.437e+07 -1.8727 0.82315 2.04563
2.438e+07 -1.89642 0.78799 2.05362
2.439e+07 -1.91863 0.75133 2.0605
2.44e+07 -1.93929 0.713232 2.06628
2.441e+07 -1.95835 0.67376 2.07101
2.442e+07 -1.97579 0.63298 2.0747
2.443e+07 -1.99156 0.590962 2.07739
2.444e+07 -2.00565 0.547777 2.07911
2.445e+07 -2.01802 0.503499 2.07988
2.446e+07 -2.02865 0.458203 2.07975
2.447e+07 -2.03752 0.411968 2.07875
2.448e+07 -2.0446 0.364874 2.07691
2.449e+07 -2.0499 0.317001 2.07426
2.45e+07 -2.05338 0.268433 2.07085
2.451e+07 -2.05505 0.219255 2.06671
2.452e+07 -2.0549 0.169552 2.06188
2.453e+07 -2.05292 0.119411 2.05639
2.454e+07 -2.04912 0.0689216 2.05028
2.455e+07 -2.0435 0.0181712 2.04358
2.456e+07 -2.03607 -0.0327501 2.03634
2.457e+07 -2.02684 -0.0837521 2.02857
2.458e+07 -2.01582 -0.134744 2.02032
2.459e+07 -2.00302 -0.185636 2.01161
2.46e+07 -1.98848 -0.236336 2.00247
2.461e+07 -1.9722 -0.286754 1.99294
2.462e+07 -1.95422 -0.336799 1.98303
2.463e+07 -1.93456 -0.386382 1.97277
2.464e+07 -1.91327 -0.435412 1.96219
2.465e+07 -1.89036 -0.483801 1.95129
2.466e+07 -1.86589 -0.53146 1.9401
2.467e+07 -1.83989 -0.578304 1.92863
2.468e+07 -1.8124 -0.624246 1.91689
2.469e+07 -1.78347 -0.669203 1.90489
2.47e+07 -1.75315 -0.71309 1.89263
2.471e+07 -1.7215 -0.755828 1.88012
2.472e+07 -1.68856 -0.797337 1.86735
2.473e+07 -1.6544 -0.83754 1.85432
2.474e+07 -1.61906 -0.876361 1.84103
2.475e+07 -1.58262 -0.913728 1.82746
2.476e+07 -1.54514 -0.949569 1.8136
2.477e+07 -1.50667 -0.983817 1.79943
2.478e+07 -1.4673 -1.01641 1.78495
2.479e+07 -1.42708 -1.04727 1.77013
2.48e+07 -1.38609 -1.07636 1.75494
2.481e+07 -1.3444 -1.10361 1.73936
2.482e+07 -1.30209 -1.12897 1.72337
2.483e+07 -1.25923 -1.15238 1.70694
2.484e+07 -1.21589 -1.17381 1.69003
2.485e+07 -1.17215 -1.1932 1.67262
2.486e+07 -1.1281 -1.21052 1.65468
2.487e+07 -1.08381 -1.22572 1.63617
2.488e+07 -1.03936 -1.23879 1.61705
2.489e+07 -0.994832 -1.24968 1.59731
2.49e+07 -0.950306 -1.25837 1.57689
2.491e+07 -0.905863 -1.26484 1.55577
2.492e+07 -0.861586 -1.26907 1.53391
2.493e+07 -0.817555 -1.27105 1.51128
2.494e+07 -0.773851 -1.27077 1.48785
2.495e+07 -0.730556 -1.26822 1.46359
2.496e+07 -0.687749 -1.2634 1.43846
2.497e+07 -0.645511 -1.25631 1.41244
2.498e+07 -0.603921 -1.24695 1.3855
2.499e+07 -0.563057 -1.23535 1.35761
2.5e+07 -0.522996 -1.2215 1.32876
2.501e+07 -0.483815 -1.20544 1.2989
2.502e+07 -0.445588 -1.18717 1.26804
2.503e+07 -0.408389 -1.16673 1.23614
2.504e+07 -0.37229 -1.14415 1.2032
2.505e+07 -0.337362 -1.11946 1.16919
2.506e+07 -0.303672 -1.0927 1.13411
2.507e+07 -0.271288 -1.06391 1.09795
2.508e+07 -0.240274 -1.03313 1.06071
2.509e+07 -0.210692 -1.00042 1.02237
2.51e+07 -0.182603 -0.965825 0.982936
2.511e+07 -0.156064 -0.929402 0.942414
2.512e+07 -0.13113 -0.891211 0.900806
2.513e+07 -0.107855 -0.851314 0.858119
2.514e+07 -0.0862888 -0.809777 0.814361
2.515e+07 -0.0664777 -0.766669 0.769545
2.516e+07 -0.0484664 -0.722062 0.723687
2.517e+07 -0.0322962 -0.676031 0.676802
2.518e+07 -0.0180054 -0.628654 0.628911
2.519e+07 -0.00562909 -0.58001 0.580037
2.52e+07 0.00480067 -0.530182 0.530204
2.521e+07 0.0132553 -0.479256 0.47944
2.522e+07 0.0197093 -0.427319 0.427773
2.523e+07 0.0241409 -0.37446 0.375237
2.524e+07 0.0265315 -0.320769 0.321865
2.525e+07 0.0268661 -0.266341 0.267693
2.526e+07 0.0251331 -0.21127 0.212759
2.527e+07 0.0213245 -0.155651 0.157105
2.528e+07 0.0154361 -0.0995823 0.100772
2.529e+07 0.00746681 -0.0431618 0.0438029
2.53e+07 -0.00258038 0.0135111 0.0137553
2.531e+07 -0.0146991 0.0703364 0.0718559
2.532e+07 -0.0288792 0.127213 0.13045
2.533e+07 -0.0451072 0.184041 0.189488
2.534e+07 -0.0633657 0.240718 0.248919
2.535e+07 -0.0836339 0.297144 0.308689
2.536e+07 -0.105887 0.353216 0.368746
2.537e+07 -0.130098 0.408835 0.429035
2.538e+07 -0.156235 0.463899 0.489501
2.539e+07 -0.184263 0.518309 0.550088
2.54e+07 -0.214143 0.571967 0.61074
2.541e+07 -0.245834 0.624774 0.671399
2.542e+07 -0.279292 0.676633 0.732009
2.543e+07 -0.314467 0.727451 0.792511
2.544e+07 -0.351309 0.777131 0.852849
2.545e+07 -0.389763 0.825584 0.912964
2.546e+07 -0.429772 0.872718 0.9728
2.547e+07 -0.471275 0.918446 1.0323
2.548e+07 -0.514209 0.962681 1.09141
2.549e+07 -0.558509 1.00534 1.15006
2.55e+07 -0.604106 1.04634 1.20821
2.551e+07 -0.65093 1.08561 1.2658
2.552e+07 -0.698906 1.12307 1.32278
2.553e+07 -0.747959 1.15864 1.37909
2.554e+07 -0.798012 1.19226 1.43468
2.555e+07 -0.848985 1.22387 1.48951
2.556e+07 -0.900796 1.25339 1.54351
2.557e+07 -0.953362 1.28077 1.59664
2.558e+07 -1.0066 1.30595 1.64887
2.559e+07 -1.06042 1.32889 1.70013
2.56e+07 -1.11473 1.34953 1.75039
2.561e+07 -1.16946 1.36783 1.79961
2.562e+07 -1.22449 1.38375 1.84774
2.563e+07 -1.27976 1.39725 1.89475
2.564e+07 -1.33516 1.4083 1.94061
2.565e+07 -1.3906 1.41687 1.98527
2.566e+07 -1.44599 1.42295 2.02871
2.567e+07 -1.50124 1.4265 2.0709
2.568e+07 -1.55626 1.42752 2.11181
2.569e+07 -1.61094 1.42599 2.15142
2.57e+07 -1.66521 1.42192 2.18969
2.571e+07 -1.71896 1.41529 2.22662
2.572e+07 -1.7721 1.40611 2.26219
2.573e+07 -1.82455 1.3944 2.29638
2.574e+07 -1.87622 1.38015 2.32917
2.575e+07 -1.92701 1.36339 2.36055
2.576e+07 -1.97684 1.34414 2.39053
2.577e+07 -2.02562 1.32243 2.41908
2.578e+07 -2.07327 1.29828 2.44622
2.579e+07 -2.1197 1.27173 2.47193
2.58e+07 -2.16484 1.24282 2.49622
2.581e+07 -2.20859 1.2116 2.5191
2.582e+07 -2.25089 1.1781 2.54056
2.583e+07 -2.29167 1.14238 2.56062
2.584e+07 -2.33084 1.10451 2.57929
2.585e+07 -2.36833 1.06453 2.59658
2.586e+07 -2.40409 1.02251 2.6125
2.587e+07 -2.43804 0.978517 2.62708
2.588e+07 -2.47013 0.932628 2.64033
2.589e+07 -2.50029 0.884913 2.65227
2.59e+07 -2.52847 0.835452 2.66292
2.591e+07 -2.55462 0.784327 2.67231
2.592e+07 -2.57869 0.731622 2.68046
2.593e+07 -2.60062 0.677426 2.68741
2.594e+07 -2.62039 0.62183 2.69316
2.595e+07 -2.63795 0.564928 2.69776
2.596e+07 -2.65327 0.506816 2.70124
2.597e+07 -2.66631 0.447593 2.70362
2.598e+07 -2.67705 0.387362 2.70493
2.599e+07 -2.68547 0.326225 2.70521
2.6e+07 -2.69154 0.264287 2.70449
2.601e+07 -2.69526 0.201656 2.70279
2.602e+07 -2.69661 0.138442 2.70016
2.603e+07 -2.69558 0.0747533 2.69661
2.604e+07 -2.69217 0.0107025 2.69219
2.605e+07 -2.68638 -0.0535981 2.68691
2.606e+07 -2.67822 -0.118035 2.68082
2.607e+07 -2.6677 -0.182494 2.67393
2.608e+07 -2.65482 -0.246861 2.66628
2.609e+07 -2.63962 -0.311021 2.65788
2.61e+07 -2.62211 -0.374859 2.64876
2.611e+07 -2.60231 -0.438261 2.63895
2.612e+07 -2.58026 -0.501112 2.62847
2.613e+07 -2.55599 -0.563298 2.61733
2.614e+07 -2.52954 -0.624707 2.60554
2.615e+07 -2.50096 -0.685227 2.59313
2.616e+07 -2.47028 -0.744746 2.5801
2.617e+07 -2.43756 -0.803156 2.56647
2.618e+07 -2.40285 -0.860347 2.55224
2.619e+07 -2.36622 -0.916215 2.53741
2.62e+07 -2.32771 -0.970655 2.52199
2.621e+07 -2.28741 -1.02356 2.50597
2.622e+07 -2.24536 -1.07484 2.48936
2.623e+07 -2.20165 -1.1244 2.47215
2.624e+07 -2.15635 -1.17213 2.45433
2.625e+07 -2.10954 -1.21795 2.43589
2.626e+07 -2.0613 -1.26176 2.41682
2.627e+07 -2.01171 -1.30349 2.3971
2.628e+07 -1.96086 -1.34305 2.37671
2.629e+07 -1.90884 -1.38036 2.35565
2.63e+07 -1.85574 -1.41535 2.33387
2.631e+07 -1.80165 -1.44794 2.31138
2.632e+07 -1.74667 -1.47807 2.28813
2.633e+07 -1.69089 -1.50568 2.26411
2.634e+07 -1.63442 -1.53071 2.23929
2.635e+07 -1.57736 -1.5531 2.21363
2.636e+07 -1.5198 -1.57281 2.18713
2.637e+07 -1.46186 -1.58978 2.15973
2.638e+07 -1.40364 -1.60398 2.13142
2.639e+07 -1.34525 -1.61537 2.10216
2.64e+07 -1.28678 -1.62392 2.07193
2.641e+07 -1.22836 -1.6296 2.0407
2.642e+07 -1.17008 -1.6324 2.00843
2.643e+07 -1.11205 -1.63229 1.9751
2.644e+07 -1.05439 -1.62927 1.94068
2.645e+07 -0.997205 -1.62332 1.90515
2.646e+07 -0.940596 -1.61446 1.86847
2.647e+07 -0.884673 -1.60268 1.83063
2.648e+07 -0.829543 -1.58798 1.7916
2.649e+07 -0.775311 -1.5704 1.75136
2.65e+07 -0.722082 -1.54994 1.70989
2.651e+07 -0.669959 -1.52664 1.66717
2.652e+07 -0.619045 -1.50051 1.62319
2.653e+07 -0.569438 -1.4716 1.57793
2.654e+07 -0.521238 -1.43995 1.53139
2.655e+07 -0.474542 -1.4056 1.48354
2.656e+07 -0.429442 -1.3686 1.43439
2.657e+07 -0.386032 -1.32901 1.38394
2.658e+07 -0.3444 -1.28688 1.33217
2.659e+07 -0.304634 -1.24229 1.27909
2.66e+07 -0.266816 -1.1953 1.22471
2.661e+07 -0.231029 -1.14598 1.16903
2.662e+07 -0.19735 -1.09441 1.11206
2.663e+07 -0.165854 -1.04068 1.05381
2.664e+07 -0.136611 -0.984872 0.994302
2.665e+07 -0.109689 -0.927075 0.933541
2.666e+07 -0.0851524 -0.867384 0.871554
2.667e+07 -0.0630604 -0.805898 0.808362
2.668e+07 -0.0434694 -0.742719 0.74399
2.669e+07 -0.0264313 -0.677951 0.678466
2.67e+07 -0.0119939 -0.611704 0.611822
2.671e+07 -0.000200845 -0.544088 0.544088
2.672e+07 0.00890874 -0.475219 0.475302
2.673e+07 0.0153001 -0.405212 0.405501
2.674e+07 0.0189431 -0.334188 0.334725
2.675e+07 0.0198121 -0.262269 0.263016
2.676e+07 0.0178863 -0.189578 0.19042
2.677e+07 0.0131493 -0.116241 0.116982
2.678e+07 0.00558973 -0.042386 0.0427529
2.679e+07 -0.00479893 0.0318583 0.0322177
2.68e+07 -0.0180185 0.106362 0.107877
2.681e+07 -0.0340658 0.180993 0.184171
2.682e+07 -0.0529328 0.25562 0.261043
2.683e+07 -0.0746066 0.330111 0.338437
2.684e+07 -0.0990695 0.404333 0.416293
2.685e+07 -0.126299 0.478152 0.494551
2.686e+07 -0.156267 0.551436 0.57315
2.687e+07 -0.188941 0.624053 0.652028
2.688e+07 -0.224284 0.69587 0.731121
2.689e+07 -0.262254 0.766757 0.810366
2.69e+07 -0.302804 0.836584 0.889698
2.691e+07 -0.345883 0.905222 0.969052
2.692e+07 -0.391435 0.972544 1.04836
2.693e+07 -0.439399 1.03843 1.12756
2.694e+07 -0.48971 1.10274 1.20659
2.695e+07 -0.542299 1.16537 1.28537
2.696e+07 -0.597093 1.2262 1.36385
2.697e+07 -0.654012 1.28511 1.44196
2.698e+07 -0.712977 1.34198 1.51962
2.699e+07 -0.773901 1.39671 1.59679
2.7e+07 -0.836694 1.4492 1.67339
2.701e+07 -0.901263 1.49932 1.74936
2.702e+07 -0.967513 1.547 1.82463
2.703e+07 -1.03534 1.59213 1.89916
2.704e+07 -1.10465 1.63462 1.97287
2.705e+07 -1.17532 1.67438 2.04571
2.706e+07 -1.24726 1.71133 2.11762
2.707e+07 -1.32035 1.74539 2.18854
2.708e+07 -1.39447 1.77649 2.25843
2.709e+07 -1.46952 1.80456 2.32722
2.71e+07 -1.54536 1.82954 2.39486
2.711e+07 -1.62188 1.85136 2.46131
2.712e+07 -1.69896 1.86998 2.52652
2.713e+07 -1.77647 1.88535 2.59044
2.714e+07 -1.85429 1.89741 2.65303
2.715e+07 -1.93229 1.90615 2.71425
2.716e+07 -2.01035 1.91152 2.77406
2.717e+07 -2.08833 1.9135 2.83242
2.718e+07 -2.16611 1.91207 2.8893
2.719e+07 -2.24356 1.90723 2.94467
2.72e+07 -2.32055 1.89895 2.99849
2.721e+07 -2.39695 1.88724 3.05075
2.722e+07 -2.47264 1.8721 3.1014
2.723e+07 -2.54748 1.85355 3.15044
2.724e+07 -2.62135 1.83161 3.19785
2.725e+07 -2.69412 1.80628 3.2436
2.726e+07 -2.76567 1.77761 3.28768
2.727e+07 -2.83588 1.74562 3.33007
2.728e+07 -2.90462 1.71037 3.37078
2.729e+07 -2.97178 1.67188 3.40979
2.73e+07 -3.03723 1.63023 3.44709
2.731e+07 -3.10087 1.58546 3.48269
2.732e+07 -3.16259 1.53765 3.51658
2.733e+07 -3.22226 1.48685 3.54876
2.734e+07 -3.27979 1.43315 3.57924
2.735e+07 -3.33508 1.37663 3.60803
2.736e+07 -3.38802 1.31737 3.63512
2.737e+07 -3.43852 1.25546 3.66054
2.738e+07 -3.48648 1.19101 3.6843
2.739e+07 -3.53182 1.12411 3.70639
2.74e+07 -3.57445 1.05487 3.72685
2.741e+07 -3.61429 0.983402 3.74569
2.742e+07 -3.65127 0.909821 3.76292
2.743e+07 -3.68532 0.834246 3.77856
2.744e+07 -3.71636 0.756801 3.79264
2.745e+07 -3.74435 0.677615 3.80517
2.746e+07 -3.76922 0.59682 3.81617
2.747e+07 -3.79091 0.514549 3.82567
2.748e+07 -3.80939 0.430941 3.83369
2.749e+07 -3.82462 0.346138 3.84025
2.75e+07 -3.83655 0.260285 3.84537
2.751e+07 -3.84517 0.173527 3.84908
2.752e+07 -3.85044 0.0860133 3.8514
2.753e+07 -3.85234 -0.00210388 3.85234
2.754e+07 -3.85087 -0.090672 3.85194
2.755e+07 -3.84602 -0.179537 3.85021
2.756e+07 -3.83779 -0.268541 3.84717
2.757e+07 -3.82617 -0.35753 3.84284
2.758e+07 -3.81119 -0.446344 3.83724
2.759e+07 -3.79286 -0.534826 3.83039
2.76e+07 -3.77121 -0.622816 3.82229
2.761e+07 -3.74625 -0.710157 3.81297
2.762e+07 -3.71803 -0.796691 3.80243
2.763e+07 -3.68659 -0.88226 3.79069
2.764e+07 -3.65197 -0.966706 3.77775
2.765e+07 -3.61422 -1.04988 3.76362
2.766e+07 -3.57341 -1.13161 3.7483
2.767e+07 -3.52959 -1.21177 3.73181
2.768e+07 -3.48284 -1.29019 3.71413
2.769e+07 -3.43323 -1.36672 3.69527
2.77e+07 -3.38084 -1.44123 3.67522
2.771e+07 -3.32576 -1.51357 3.65398
2.772e+07 -3.26808 -1.5836 3.63154
2.773e+07 -3.20789 -1.65118 3.6079
2.774e+07 -3.14529 -1.71618 3.58303
2.775e+07 -3.08039 -1.77846 3.55693
2.776e+07 -3.0133 -1.83792 3.52958
2.777e+07 -2.94414 -1.89442 3.50097
2.778e+07 -2.87302 -1.94784 3.47107
2.779e+07 -2.80006 -1.99809 3.43987
2.78e+07 -2.7254 -2.04504 3.40734
2.781e+07 -2.64916 -2.0886 3.37347
2.782e+07 -2.57148 -2.12867 3.33823
2.783e+07 -2.4925 -2.16516 3.30159
2.784e+07 -2.41236 -2.198 3.26353
2.785e+07 -2.33119 -2.22708 3.22403
2.786e+07 -2.24915 -2.25236 3.18305
2.787e+07 -2.1664 -2.27375 3.14058
2.788e+07 -2.08306 -2.29121 3.09657
2.789e+07 -1.99931 -2.30466 3.05102
2.79e+07 -1.9153 -2.31408 3.00389
2.791e+07 -1.83117 -2.31942 2.95515
2.792e+07 -1.7471 -2.32064 2.90478
2.793e+07 -1.66323 -2.31773 2.85275
2.794e+07 -1.57974 -2.31065 2.79905
2.795e+07 -1.49676 -2.2994 2.74364
2.796e+07 -1.41448 -2.28398 2.68651
2.797e+07 -1.33304 -2.26439 2.62763
2.798e+07 -1.25261 -2.24063 2.567
2.799e+07 -1.17334 -2.21274 2.50458
2.8e+07 -1.0954 -2.18072 2.44037
2.801e+07 -1.01893 -2.14461 2.37436
2.802e+07 -0.944098 -2.10445 2.30652
2.803e+07 -0.871051 -2.0603 2.23686
2.804e+07 -0.799943 -2.0122 2.16537
2.805e+07 -0.730921 -1.96021 2.09205
2.806e+07 -0.664132 -1.9044 2.01688
2.807e+07 -0.599721 -1.84485 1.93988
2.808e+07 -0.537827 -1.78164 1.86105
2.809e+07 -0.478587 -1.71487 1.7804
2.81e+07 -0.422136 -1.64461 1.69793
2.811e+07 -0.368602 -1.57099 1.61366
2.812e+07 -0.318111 -1.49411 1.5276
2.813e+07 -0.270785 -1.41408 1.43977
2.814e+07 -0.226741 -1.33102 1.3502
2.815e+07 -0.186089 -1.24507 1.2589
2.816e+07 -0.148938 -1.15636 1.16591
2.817e+07 -0.115389 -1.06503 1.07126
2.818e+07 -0.0855389 -0.971212 0.974971
2.819e+07 -0.0594773 -0.87507 0.877089
2.82e+07 -0.0372897 -0.776755 0.77765
2.821e+07 -0.019055 -0.676427 0.676696
2.822e+07 -0.00484581 -0.574251 0.574271
2.823e+07 0.00527131 -0.470394 0.470423
2.824e+07 0.0112364 -0.365029 0.365202
2.825e+07 0.0129962 -0.258333 0.25866
2.826e+07 0.010504 -0.150486 0.150852
2.827e+07 0.00372024 -0.0416699 0.0418356
2.828e+07 -0.00738796 0.0679292 0.0683298
2.829e+07 -0.0228462 0.178123 0.179582
2.83e+07 -0.042673 0.288721 0.291857
2.831e+07 -0.0668795 0.39953 0.405089
2.832e+07 -0.0954696 0.510357 0.519209
2.833e+07 -0.12844 0.621005 0.634149
2.834e+07 -0.16578 0.73128 0.749835
2.835e+07 -0.20747 0.840983 0.866196
2.836e+07 -0.253486 0.949917 0.983157
2.837e+07 -0.303794 1.05789 1.10064
2.838e+07 -0.358352 1.16469 1.21857
2.839e+07 -0.417114 1.27014 1.33688
2.84e+07 -0.480023 1.37403 1.45547
2.841e+07 -0.547017 1.47618 1.57427
2.842e+07 -0.618024 1.57638 1.6932
2.843e+07 -0.692969 1.67445 1.81218
2.844e+07 -0.771765 1.77021 1.93113
2.845e+07 -0.854321 1.86347 2.04997
2.846e+07 -0.940538 1.95404 2.16861
2.847e+07 -1.03031 2.04175 2.28698
2.848e+07 -1.12353 2.12642 2.40499
2.849e+07 -1.22007 2.20789 2.52256
2.85e+07 -1.31981 2.28598 2.63962
2.851e+07 -1.42262 2.36054 2.75608
2.852e+07 -1.52836 2.4314 2.87186
2.853e+07 -1.63688 2.49843 2.98689
2.854e+07 -1.74804 2.56146 3.10109
2.855e+07 -1.86169 2.62037 3.21438
2.856e+07 -1.97765 2.67502 3.32669
2.857e+07 -2.09578 2.72529 3.43795
2.858e+07 -2.21589 2.77104 3.54808
2.859e+07 -2.33782 2.81217 3.65701
2.86e+07 -2.46138 2.84858 3.76468
2.861e+07 -2.58639 2.88016 3.87101
2.862e+07 -2.71267 2.90682 3.97595
2.863e+07 -2.84003 2.92848 4.07944
2.864e+07 -2.96827 2.94507 4.1814
2.865e+07 -3.0972 2.95651 4.28178
2.866e+07 -3.22662 2.96276 4.38052
2.867e+07 -3.35632 2.96375 4.47758
2.868e+07 -3.48612 2.95945 4.57289
2.869e+07 -3.61579 2.94982 4.66641
2.87e+07 -3.74515 2.93484 4.75809
2.871e+07 -3.87397 2.9145 4.84789
2.872e+07 -4.00206 2.88879 4.93575
2.873e+07 -4.12921 2.85772 5.02165
2.874e+07 -4.25521 2.8213 5.10554
2.875e+07 -4.37986 2.77954 5.18739
2.876e+07 -4.50294 2.73249 5.26716
2.877e+07 -4.62426 2.68018 5.34482
2.878e+07 -4.7436 2.62267 5.42035
2.879e+07 -4.86078 2.56 5.49371
2.88e+07 -4.97559 2.49227 5.56488
2.881e+07 -5.08784 2.41953 5.63385
2.882e+07 -5.19733 2.34188 5.70058
2.883e+07 -5.30387 2.25942 5.76507
2.884e+07 -5.40728 2.17226 5.82729
2.885e+07 -5.50737 2.08049 5.88724
2.886e+07 -5.60396 1.98426 5.94489
2.887e+07 -5.69688 1.88369 6.00023
2.888e+07 -5.78597 1.77893 6.05327
2.889e+07 -5.87106 1.67012 6.10398
2.89e+07 -5.95198 1.55742 6.15237
2.891e+07 -6.02859 1.44099 6.19842
2.892e+07 -6.10075 1.32101 6.24213
2.893e+07 -6.16831 1.19766 6.2835
2.894e+07 -6.23114 1.07112 6.32253
2.895e+07 -6.28911 0.9416 6.35921
2.896e+07 -6.34211 0.809289 6.39354
2.897e+07 -6.39003 0.674397 6.42552
2.898e+07 -6.43276 0.53714 6.45515
2.899e+07 -6.4702 0.397737 6.48242
2.9e+07 -6.50228 0.256414 6.50734
2.901e+07 -6.52891 0.1134 6.5299
2.902e+07 -6.55002 -0.0310679 6.5501
2.903e+07 -6.56556 -0.176751 6.56794
2.904e+07 -6.57547 -0.323404 6.58342
2.905e+07 -6.5797 -0.47078 6.59652
2.906e+07 -6.57824 -0.618628 6.60726
2.907e+07 -6.57104 -0.766693 6.61562
2.908e+07 -6.5581 -0.914718 6.62159
2.909e+07 -6.53942 -1.06245 6.62517
2.91e+07 -6.515 -1.20961 6.62634
2.911e+07 -6.48485 -1.35596 6.6251
2.912e+07 -6.44901 -1.50122 6.62144
2.913e+07 -6.40751 -1.64514 6.61533
2.914e+07 -6.36039 -1.78744 6.60677
2.915e+07 -6.3077 -1.92787 6.59574
2.916e+07 -6.24953 -2.06617 6.58222
2.917e+07 -6.18594 -2.20206 6.56619
2.918e+07 -6.11701 -2.3353 6.54763
2.919e+07 -6.04285 -2.46562 6.52651
2.92e+07 -5.96356 -2.59277 6.50281
2.921e+07 -5.87926 -2.7165 6.4765
2.922e+07 -5.79007 -2.83656 6.44756
2.923e+07 -5.69613 -2.95271 6.41595
2.924e+07 -5.59758 -3.0647 6.38164
2.925e+07 -5.49458 -3.1723 6.3446
2.926e+07 -5.38729 -3.27528 6.30479
2.927e+07 -5.27589 -3.37341 6.26218
2.928e+07 -5.16055 -3.46648 6.21673
2.929e+07 -5.04147 -3.55427 6.16841
2.93e+07 -4.91885 -3.63659 6.11717
2.931e+07 -4.79289 -3.71322 6.06298
2.932e+07 -4.6638 -3.78398 6.00579
2.933e+07 -4.53182 -3.84869 5.94557
2.934e+07 -4.39717 -3.90717 5.88227
2.935e+07 -4.26009 -3.95926 5.81585
2.936e+07 -4.12082 -4.00479 5.74627
2.937e+07 -3.97962 -4.04364 5.67348
2.938e+07 -3.83674 -4.07565 5.59745
2.939e+07 -3.69245 -4.10069 5.51814
2.94e+07 -3.547 -4.11866 5.4355
2.941e+07 -3.40069 -4.12945 5.34949
2.942e+07 -3.25378 -4.13295 5.26007
2.943e+07 -3.10656 -4.12909 5.16722
2.944e+07 -2.95932 -4.1178 5.07088
2.945e+07 -2.81234 -4.099 4.97102
2.946e+07 -2.66592 -4.07266 4.86762
2.947e+07 -2.52036 -4.03873 4.76063
2.948e+07 -2.37596 -3.9972 4.65003
2.949e+07 -2.23301 -3.94804 4.53578
2.95e+07 -2.09182 -3.89125 4.41787
2.951e+07 -1.9527 -3.82686 4.29626
2.952e+07 -1.81594 -3.75488 4.17094
2.953e+07 -1.68185 -3.67535 4.04188
2.954e+07 -1.55073 -3.58832 3.90907
2.955e+07 -1.4229 -3.49386 3.77249
2.956e+07 -1.29864 -3.39204 3.63214
2.957e+07 -1.17826 -3.28296 3.48799
2.958e+07 -1.06205 -3.16671 3.34006
2.959e+07 -0.950317 -3.04341 3.18833
2.96e+07 -0.843345 -2.91318 3.0328
2.961e+07 -0.741424 -2.77618 2.87348
2.962e+07 -0.644839 -2.63255 2.71037
2.963e+07 -0.553867 -2.48246 2.54349
2.964e+07 -0.468783 -2.32608 2.37285
2.965e+07 -0.389858 -2.16362 2.19847
2.966e+07 -0.317352 -1.99527 2.02035
2.967e+07 -0.251524 -1.82125 1.83854
2.968e+07 -0.192622 -1.64179 1.65305
2.969e+07 -0.14089 -1.45712 1.46391
2.97e+07 -0.0965615 -1.26749 1.27116
2.971e+07 -0.0598635 -1.07317 1.07484
2.972e+07 -0.0310141 -0.874423 0.874972
2.973e+07 -0.0102225 -0.671537 0.671615
2.974e+07 0.00231165 -0.464804 0.46481
2.975e+07 0.00639824 -0.254524 0.254605
2.976e+07 0.00185732 -0.0410097 0.0410518
2.977e+07 -0.0114806 0.175419 0.175794
2.978e+07 -0.0337741 0.394431 0.395875
2.979e+07 -0.0651708 0.615691 0.619131
2.98e+07 -0.105807 0.838852 0.845499
2.981e+07 -0.155806 1.06356 1.07491
2.982e+07 -0.215281 1.28946 1.30731
2.983e+07 -0.284332 1.51618 1.54261
2.984e+07 -0.363045 1.74335 1.78075
2.985e+07 -0.451495 1.97059 2.02165
2.986e+07 -0.549744 2.19751 2.26523
2.987e+07 -0.657838 2.42374 2.51143
2.988e+07 -0.775814 2.64887 2.76015
2.989e+07 -0.90369 2.87252 3.01132
2.99e+07 -1.04148 3.09428 3.26485
2.991e+07 -1.18916 3.31375 3.52066
2.992e+07 -1.34673 3.53053 3.77867
2.993e+07 -1.51414 3.74421 4.03878
2.994e+07 -1.69134 3.9544 4.30092
2.995e+07 -1.87828 4.16068 4.56499
2.996e+07 -2.07486 4.36264 4.83091
2.997e+07 -2.28101 4.55989 5.09859
2.998e+07 -2.4966 4.75203 5.36794
2.999e+07 -2.72153 4.93864 5.63887
3e+07 -2.95565 5.11933 5.9113
3.001e+07 -3.19881 5.29372 6.18513
3.002e+07 -3.45085 5.4614 6.46028
3.003e+07 -3.71158 5.62198 6.73666
3.004e+07 -3.98082 5.7751 7.01418
3.005e+07 -4.25836 5.92037 7.29276
3.006e+07 -4.54397 6.05741 7.57231
3.007e+07 -4.83743 6.18588 7.85276
3.008e+07 -5.13847 6.30541 8.13401
3.009e+07 -5.44685 6.41564 8.41598
3.01e+07 -5.76229 6.51625 8.6986
3.011e+07 -6.0845 6.6069 8.98178
3.012e+07 -6.41318 6.68727 9.26545
3.013e+07 -6.74802 6.75704 9.54953
3.014e+07 -7.0887 6.81592 9.83394
3.015e+07 -7.43488 6.86361 10.1186
3.016e+07 -7.78621 6.89983 10.4035
3.017e+07 -8.14234 6.92432 10.6885
3.018e+07 -8.50291 6.93681 10.9735
3.019e+07 -8.86752 6.93708 11.2586
3.02e+07 -9.23581 6.92488 11.5436
3.021e+07 -9.60736 6.9 11.8284
3.022e+07 -9.98178 6.86223 12.1131
3.023e+07 -10.3587 6.8114 12.3975
3.024e+07 -10.7376 6.74733 12.6816
3.025e+07 -11.1181 6.66985 12.9653
3.026e+07 -11.4998 6.57884 13.2486
3.027e+07 -11.8822 6.47415 13.5315
3.028e+07 -12.2648 6.35568 13.8138
3.029e+07 -12.6474 6.22333 14.0956
3.03e+07 -13.0292 6.07704 14.3768
3.031e+07 -13.41 5.91672 14.6573
3.032e+07 -13.7893 5.74235 14.9372
3.033e+07 -14.1665 5.55388 15.2163
3.034e+07 -14.5412 5.35132 15.4946
3.035e+07 -14.913 5.13467 15.7722
3.036e+07 -15.2813 4.90395 16.0489
3.037e+07 -15.6457 4.65921 16.3247
3.038e+07 -16.0057 4.4005 16.5996
3.039e+07 -16.3608 4.1279 16.8736
3.04e+07 -16.7107 3.84152 17.1465
3.041e+07 -17.0547 3.54145 17.4185
3.042e+07 -17.3924 3.22784 17.6894
3.043e+07 -17.7234 2.90082 17.9592
3.044e+07 -18.0472 2.56058 18.228
3.045e+07 -18.3633 2.20728 18.4955
3.046e+07 -18.6714 1.84113 18.7619
3.047e+07 -18.9708 1.46236 19.0271
3.048e+07 -19.2613 1.07118 19.2911
3.049e+07 -19.5423 0.66786 19.5537
3.05e+07 -19.8135 0.252663 19.8151
3.051e+07 -20.0744 -0.174125 20.0751
3.052e+07 -20.3246 -0.612205 20.3338
3.053e+07 -20.5636 -1.06126 20.591
3.054e+07 -20.7912 -1.52095 20.8468
3.055e+07 -21.0069 -1.99094 21.1011
3.056e+07 -21.2104 -2.47086 21.3538
3.057e+07 -21.4012 -2.96034 21.605
3.058e+07 -21.5791 -3.45898 21.8546
3.059e+07 -21.7437 -3.96638 22.1025
3.06e+07 -21.8946 -4.48213 22.3487
3.061e+07 -22.0316 -5.00578 22.5931
3.062e+07 -22.1544 -5.5369 22.8358
3.063e+07 -22.2626 -6.07504 23.0766
3.064e+07 -22.356 -6.61973 23.3155
3.065e+07 -22.4343 -7.17048 23.5524
3.066e+07 -22.4974 -7.72682 23.7873
3.067e+07 -22.5449 -8.28825 24.0202
3.068e+07 -22.5767 -8.85426 24.2509
3.069e+07 -22.5926 -9.42433 24.4794
3.07e+07 -22.5923 -9.99795 24.7057
3.071e+07 -22.5758 -10.5746 24.9296
3.072e+07 -22.5428 -11.1537 25.1512
3.073e+07 -22.4933 -11.7347 25.3703
3.074e+07 -22.4271 -12.3172 25.5869
3.075e+07 -22.3442 -12.9004 25.8009
3.076e+07 -22.2445 -13.484 26.0122
3.077e+07 -22.1279 -14.0673 26.2208
3.078e+07 -21.9943 -14.6497 26.4266
3.079e+07 -21.8439 -15.2307 26.6295
3.08e+07 -21.6765 -15.8097 26.8294
3.081e+07 -21.4921 -16.3862 27.0263
3.082e+07 -21.2909 -16.9595 27.22
3.083e+07 -21.0729 -17.5292 27.4106
3.084e+07 -20.8381 -18.0946 27.5978
3.085e+07 -20.5866 -18.6552 27.7818
3.086e+07 -20.3186 -19.2105 27.9622
3.087e+07 -20.0341 -19.7598 28.1392
3.088e+07 -19.7334 -20.3026 28.3126
3.089e+07 -19.4165 -20.8384 28.4823
3.09e+07 -19.0838 -21.3666 28.6482
3.091e+07 -18.7353 -21.8867 28.8104
3.092e+07 -18.3712 -22.3981 28.9686
3.093e+07 -17.9919 -22.9004 29.1228
3.094e+07 -17.5976 -23.393 29.273
3.095e+07 -17.1885 -23.8754 29.419
3.096e+07 -16.765 -24.3471 29.5609
3.097e+07 -16.3273 -24.8076 29.6984
3.098e+07 -15.8758 -25.2564 29.8317
3.099e+07 -15.4108 -25.6932 29.9605
3.1e+07 -14.9326 -26.1173 30.0848
3.101e+07 -14.4417 -26.5285 30.2047
3.102e+07 -13.9383 -26.9262 30.3199
3.103e+07 -13.423 -27.31 30.4304
3.104e+07 -12.896 -27.6795 30.5363
3.105e+07 -12.3579 -28.0344 30.6374
3.106e+07 -11.8091 -28.3743 30.7337
3.107e+07 -11.25 -28.6988 30.8251
3.108e+07 -10.681 -29.0076 30.9116
3.109e+07 -10.1028 -29.3003 30.9931
3.11e+07 -9.5156 -29.5767 31.0697
3.111e+07 -8.92008 -29.8364 31.1413
3.112e+07 -8.31669 -30.0792 31.2078
3.113e+07 -7.70594 -30.3048 31.2692
3.114e+07 -7.08837 -30.513 31.3256
3.115e+07 -6.46449 -30.7036 31.3768
3.116e+07 -5.83484 -30.8763 31.4228
3.117e+07 -5.19997 -31.0311 31.4637
3.118e+07 -4.56043 -31.1676 31.4995
3.119e+07 -3.91677 -31.2858 31.53
3.12e+07 -3.26956 -31.3855 31.5554
3.121e+07 -2.61935 -31.4667 31.5756
3.122e+07 -1.96672 -31.5293 31.5906
3.123e+07 -1.31223 -31.5732 31.6004
3.124e+07 -0.656469 -31.5983 31.6051
3.125e+07 3.8014e-13 -31.6046 31.6046
3.126e+07 0.656598 -31.5921 31.599
3.127e+07 1.31275 -31.5609 31.5882
3.128e+07 1.96788 -31.511 31.5724
3.129e+07 2.62141 -31.4424 31.5515
3.13e+07 3.27277 -31.3552 31.5255
3.131e+07 3.92139 -31.2495 31.4946
3.132e+07 4.56671 -31.1254 31.4586
3.133e+07 5.20815 -30.9831 31.4178
3.134e+07 5.84517 -30.8226 31.372
3.135e+07 6.4772 -30.6443 31.3213
3.136e+07 7.10371 -30.4482 31.2659
3.137e+07 7.72414 -30.2346 31.2056
3.138e+07 8.33796 -30.0037 31.1407
3.139e+07 8.94465 -29.7557 31.071
3.14e+07 9.54369 -29.491 30.9968
3.141e+07 10.1346 -29.2098 30.918
3.142e+07 10.7168 -28.9124 30.8346
3.143e+07 11.2898 -28.5991 30.7468
3.144e+07 11.8533 -28.2702 30.6546
3.145e+07 12.4066 -27.9262 30.5581
3.146e+07 12.9493 -27.5673 30.4572
3.147e+07 13.4811 -27.194 30.3521
3.148e+07 14.0014 -26.8066 30.2429
3.149e+07 14.5099 -26.4056 30.1296
3.15e+07 15.0061 -25.9913 30.0122
3.151e+07 15.4896 -25.5642 29.8908
3.152e+07 15.9602 -25.1248 29.7655
3.153e+07 16.4173 -24.6735 29.6363
3.154e+07 16.8607 -24.2108 29.5033
3.155e+07 17.29 -23.7372 29.3666
3.156e+07 17.7049 -23.2531 29.2262
3.157e+07 18.1052 -22.7591 29.0822
3.158e+07 18.4905 -22.2556 28.9346
3.159e+07 18.8606 -21.7432 28.7834
3.16e+07 19.2151 -21.2224 28.6289
3.161e+07 19.554 -20.6938 28.4709
3.162e+07 19.877 -20.1578 28.3096
3.163e+07 20.1838 -19.615 28.1449
3.164e+07 20.4744 -19.0661 27.9771
3.165e+07 20.7485 -18.5114 27.806
3.166e+07 21.006 -17.9517 27.6318
3.167e+07 21.2468 -17.3873 27.4545
3.168e+07 21.4709 -16.819 27.2741
3.169e+07 21.678 -16.2473 27.0907
3.17e+07 21.8681 -15.6726 26.9044
3.171e+07 22.0413 -15.0957 26.7151
3.172e+07 22.1974 -14.5171 26.523
3.173e+07 22.3365 -13.9372 26.328
3.174e+07 22.4585 -13.3568 26.1302
3.175e+07 22.5636 -12.7762 25.9297
3.176e+07 22.6517 -12.1962 25.7264
3.177e+07 22.7228 -11.6173 25.5204
3.178e+07 22.7772 -11.0399 25.3117
3.179e+07 22.8149 -10.4647 25.1004
3.18e+07 22.836 -9.89212 24.8865
3.181e+07 22.8407 -9.32277 24.67
3.182e+07 22.829 -8.75715 24.451
3.183e+07 22.8012 -8.19576 24.2294
3.184e+07 22.7575 -7.63912 24.0054
3.185e+07 22.698 -7.08772 23.7789
3.186e+07 22.6231 -6.54206 23.55
3.187e+07 22.5328 -6.0026 23.3187
3.188e+07 22.4276 -5.46982 23.0849
3.189e+07 22.3075 -4.94418 22.8489
3.19e+07 22.173 -4.42611 22.6105
3.191e+07 22.0243 -3.91606 22.3698
3.192e+07 21.8618 -3.41443 22.1268
3.193e+07 21.6856 -2.92165 21.8816
3.194e+07 21.4963 -2.4381 21.6341
3.195e+07 21.2941 -1.96416 21.3845
3.196e+07 21.0794 -1.5002 21.1327
3.197e+07 20.8526 -1.04658 20.8788
3.198e+07 20.614 -0.603618 20.6228
3.199e+07 20.364 -0.17165 20.3648
3.2e+07 20.1031 0.249023 20.1047
3.201e+07 19.8317 0.658111 19.8426
3.202e+07 19.5501 1.05534 19.5786
3.203e+07 19.2589 1.44045 19.3127
3.204e+07 18.9584 1.81321 19.0449
3.205e+07 18.649 2.17338 18.7752
3.206e+07 18.3313 2.52076 18.5038
3.207e+07 18.0057 2.85516 18.2307
3.208e+07 17.6727 3.17641 17.9559
3.209e+07 17.3327 3.48436 17.6794
3.21e+07 16.9861 3.77885 17.4014
3.211e+07 16.6335 4.05978 17.1218
3.212e+07 16.2754 4.32704 16.8408
3.213e+07 15.9122 4.58054 16.5583
3.214e+07 15.5443 4.82022 16.2746
3.215e+07 15.1724 5.04603 15.9895
3.216e+07 14.7968 5.25792 15.7032
3.217e+07 14.418 5.45589 15.4158
3.218e+07 14.0366 5.63994 15.1273
3.219e+07 13.6529 5.81008 14.8378
3.22e+07 13.2676 5.96635 14.5474
3.221e+07 12.8809 6.1088 14.2561
3.222e+07 12.4935 6.2375 13.964
3.223e+07 12.1058 6.35254 13.6713
3.224e+07 11.7181 6.45401 13.3779
3.225e+07 11.3311 6.54204 13.0841
3.226e+07 10.9452 6.61674 12.7898
3.227e+07 10.5607 6.67829 12.4951
3.228e+07 10.1782 6.72682 12.2002
3.229e+07 9.79798 6.76253 11.9051
3.23e+07 9.42058 6.7856 11.61
3.231e+07 9.04638 6.79624 11.3149
3.232e+07 8.67579 6.79467 11.0198
3.233e+07 8.3092 6.78112 10.725
3.234e+07 7.94701 6.75583 10.4305
3.235e+07 7.58958 6.71906 10.1364
3.236e+07 7.2373 6.67109 9.84286
3.237e+07 6.8905 6.61218 9.54987
3.238e+07 6.54955 6.54264 9.25758
3.239e+07 6.21477 6.46276 8.96608
3.24e+07 5.8865 6.37285 8.67548
3.241e+07 5.56502 6.27324 8.38588
3.242e+07 5.25066 6.16426 8.09737
3.243e+07 4.94368 6.04623 7.81005
3.244e+07 4.64437 5.91952 7.52402
3.245e+07 4.35297 5.78448 7.23937
3.246e+07 4.06975 5.64145 6.95621
3.247e+07 3.79492 5.49081 6.67461
3.248e+07 3.5287 5.33294 6.39468
3.249e+07 3.2713 5.1682 6.11651
3.25e+07 3.02291 4.99699 5.84019
3.251e+07 2.7837 4.81968 5.56581
3.252e+07 2.55382 4.63666 5.29345
3.253e+07 2.33344 4.44833 5.02321
3.254e+07 2.12266 4.25509 4.75515
3.255e+07 1.92162 4.05731 4.48937
3.256e+07 1.73042 3.85541 4.22594
3.257e+07 1.54913 3.64978 3.96494
3.258e+07 1.37783 3.44082 3.70644
3.259e+07 1.21658 3.22893 3.45051
3.26e+07 1.06542 3.01449 3.19723
3.261e+07 0.924375 2.79791 2.94665
3.262e+07 0.79346 2.57957 2.69884
3.263e+07 0.672672 2.35987 2.45387
3.264e+07 0.561998 2.13919 2.21178
3.265e+07 0.461406 1.91792 1.97264
3.266e+07 0.370853 1.69642 1.73648
3.267e+07 0.290281 1.47508 1.50337
3.268e+07 0.219619 1.25426 1.27335
3.269e+07 0.158784 1.03433 1.04645
3.27e+07 0.107678 0.815641 0.822717
3.271e+07 0.0661894 0.598539 0.602187
3.272e+07 0.0341969 0.383369 0.384891
3.273e+07 0.0115652 0.170466 0.170857
3.274e+07 -0.00185263 -0.0398441 0.0398871
3.275e+07 -0.00621517 -0.247242 0.24732
3.276e+07 -0.00169218 -0.451418 0.451421
3.277e+07 0.0115356 -0.652071 0.652173
3.278e+07 0.033277 -0.848911 0.849563
3.279e+07 0.0633304 -1.04165 1.04358
3.28e+07 0.101485 -1.23003 1.23421
3.281e+07 0.147519 -1.41378 1.42146
3.282e+07 0.201204 -1.59265 1.60531
3.283e+07 0.262301 -1.7664 1.78577
3.284e+07 0.330565 -1.93481 1.96285
3.285e+07 0.40574 -2.09765 2.13653
3.286e+07 0.487565 -2.25472 2.30684
3.287e+07 0.575774 -2.40583 2.47377
3.288e+07 0.67009 -2.5508 2.63734
3.289e+07 0.770233 -2.68945 2.79757
3.29e+07 0.875919 -2.82162 2.95445
3.291e+07 0.986856 -2.94718 3.10802
3.292e+07 1.10275 -3.06599 3.25828
3.293e+07 1.2233 -3.17793 3.40525
3.294e+07 1.3482 -3.28289 3.54895
3.295e+07 1.47715 -3.38078 3.6894
3.296e+07 1.60985 -3.47151 3.82661
3.297e+07 1.74597 -3.55501 3.96062
3.298e+07 1.88521 -3.63124 4.09144
3.299e+07 2.02726 -3.70013 4.21909
3.3e+07 2.1718 -3.76166 4.34359
3.301e+07 2.31851 -3.81582 4.46497
3.302e+07 2.4671 -3.86258 4.58324
3.303e+07 2.61723 -3.90196 4.69843
3.304e+07 2.76861 -3.93398 4.81055
3.305e+07 2.92092 -3.95866 4.91963
3.306e+07 3.07386 -3.97604 5.02568
3.307e+07 3.22711 -3.98617 5.12872
3.308e+07 3.38039 -3.98912 5.22878
3.309e+07 3.53339 -3.98497 5.32586
3.31e+07 3.68581 -3.97379 5.41998
3.311e+07 3.83738 -3.95569 5.51116
3.312e+07 3.9878 -3.93076 5.59941
3.313e+07 4.13679 -3.89914 5.68474
3.314e+07 4.28408 -3.86094 5.76717
3.315e+07 4.42941 -3.81629 5.84669
3.316e+07 4.5725 -3.76536 5.92332
3.317e+07 4.71312 -3.70828 5.99707
3.318e+07 4.85099 -3.64523 6.06793
3.319e+07 4.9859 -3.57637 6.13593
3.32e+07 5.1176 -3.50188 6.20105
3.321e+07 5.24586 -3.42196 6.26329
3.322e+07 5.37048 -3.33678 6.32267
3.323e+07 5.49123 -3.24657 6.37917
3.324e+07 5.60793 -3.15151 6.4328
3.325e+07 5.72038 -3.05183 6.48355
3.326e+07 5.8284 -2.94775 6.53142
3.327e+07 5.93181 -2.83948 6.5764
3.328e+07 6.03045 -2.72726 6.61848
3.329e+07 6.12417 -2.61132 6.65766
3.33e+07 6.21283 -2.4919 6.69394
3.331e+07 6.29629 -2.36923 6.7273
3.332e+07 6.37442 -2.24357 6.75773
3.333e+07 6.44713 -2.11516 6.78523
3.334e+07 6.51429 -1.98424 6.80978
3.335e+07 6.57582 -1.85107 6.83139
3.336e+07 6.63164 -1.71591 6.85003
3.337e+07 6.68167 -1.57899 6.86571
3.338e+07 6.72585 -1.44058 6.8784
3.339e+07 6.76414 -1.30094 6.88811
3.34e+07 6.7965 -1.1603 6.89483
3.341e+07 6.82288 -1.01894 6.89855
3.342e+07 6.84328 -0.877089 6.89926
3.343e+07 6.85769 -0.73501 6.89696
3.344e+07 6.8661 -0.592949 6.89165
3.345e+07 6.86853 -0.451151 6.88333
3.346e+07 6.865 -0.309859 6.87199
3.347e+07 6.85554 -0.169315 6.85763
3.348e+07 6.84019 -0.0297552 6.84026
3.349e+07 6.81901 0.108588 6.81987
3.35e+07 6.79205 0.245484 6.79649
3.351e+07 6.75939 0.38071 6.7701
3.352e+07 6.7211 0.514046 6.74073
3.353e+07 6.67728 0.645277 6.70838
3.354e+07 6.62801 0.774193 6.67307
3.355e+07 6.57341 0.900592 6.63481
3.356e+07 6.51358 1.02428 6.59363
3.357e+07 6.44866 1.14505 6.54953
3.358e+07 6.37876 1.26274 6.50255
3.359e+07 6.30403 1.37716 6.45271
3.36e+07 6.22461 1.48815 6.40003
3.361e+07 6.14066 1.59553 6.34455
3.362e+07 6.05232 1.69915 6.28631
3.363e+07 5.95976 1.79887 6.22532
3.364e+07 5.86315 1.89454 6.16164
3.365e+07 5.76268 1.98603 6.09531
3.366e+07 5.65851 2.07323 6.02635
3.367e+07 5.55083 2.156 5.95483
3.368e+07 5.43984 2.23425 5.88079
3.369e+07 5.32572 2.30788 5.80428
3.37e+07 5.20868 2.3768 5.72535
3.371e+07 5.08893 2.44093 5.64405
3.372e+07 4.96665 2.50019 5.56045
3.373e+07 4.84207 2.55452 5.4746
3.374e+07 4.71538 2.60388 5.38656
3.375e+07 4.58682 2.6482 5.2964
3.376e+07 4.45658 2.68746 5.20418
3.377e+07 4.32488 2.72163 5.10998
3.378e+07 4.19195 2.75069 5.01385
3.379e+07 4.05799 2.77463 4.91588
3.38e+07 3.92323 2.79345 4.81613
3.381e+07 3.78788 2.80716 4.71468
3.382e+07 3.65216 2.81578 4.61161
3.383e+07 3.51629 2.81932 4.50698
3.384e+07 3.38048 2.81783 4.40089
3.385e+07 3.24494 2.81135 4.2934
3.386e+07 3.10988 2.79993 4.18461
3.387e+07 2.97552 2.78362 4.07459
3.388e+07 2.84206 2.76249 3.96342
3.389e+07 2.70971 2.73662 3.85118
3.39e+07 2.57865 2.70609 3.73797
3.391e+07 2.44911 2.67099 3.62385
3.392e+07 2.32125 2.63141 3.50892
3.393e+07 2.19528 2.58746 3.39326
3.394e+07 2.07138 2.53925 3.27695
3.395e+07 1.94973 2.48689 3.16007
3.396e+07 1.83051 2.43051 3.04272
3.397e+07 1.71387 2.37023 2.92496
3.398e+07 1.6 2.3062 2.80688
3.399e+07 1.48904 2.23855 2.68856
3.4e+07 1.38116 2.16742 2.57008
3.401e+07 1.27649 2.09297 2.45152
3.402e+07 1.17518 2.01536 2.33296
3.403e+07 1.07736 1.93473 2.21447
3.404e+07 0.983156 1.85126 2.09613
3.405e+07 0.892692 1.76511 1.97801
3.406e+07 0.80608 1.67645 1.86018
3.407e+07 0.723426 1.58546 1.74271
3.408e+07 0.644828 1.49231 1.62566
3.409e+07 0.570378 1.39718 1.50912
3.41e+07 0.500159 1.30025 1.39313
3.411e+07 0.434247 1.2017 1.27775
3.412e+07 0.372711 1.10172 1.16306
3.413e+07 0.315611 1.0005 1.0491
3.414e+07 0.263 0.89821 0.935922
3.415e+07 0.214923 0.795051 0.823588
3.416e+07 0.171416 0.691205 0.712143
3.417e+07 0.13251 0.58686 0.601634
3.418e+07 0.0982239 0.482201 0.492104
3.419e+07 0.0685724 0.377415 0.383594
3.42e+07 0.0435604 0.272687 0.276144
3.421e+07 0.0231856 0.168198 0.169789
3.422e+07 0.00743759 0.0641319 0.0645617
3.423e+07 -0.00370144 -0.0393328 0.0395066
3.424e+07 -0.0102571 -0.142018 0.142388
3.425e+07 -0.0122626 -0.24375 0.244059
3.426e+07 -0.00975833 -0.344356 0.344494
3.427e+07 -0.00279235 -0.443667 0.443676
3.428e+07 0.00858029 -0.541518 0.541586
3.429e+07 0.0242974 -0.637747 0.63821
3.43e+07 0.0442899 -0.732196 0.733534
3.431e+07 0.0684819 -0.82471 0.827549
3.432e+07 0.0967909 -0.915141 0.920246
3.433e+07 0.129128 -1.00334 1.01162
3.434e+07 0.165398 -1.08918 1.10167
3.435e+07 0.2055 -1.17251 1.19038
3.436e+07 0.249327 -1.25321 1.27777
3.437e+07 0.296767 -1.33115 1.36383
3.438e+07 0.3477 -1.40621 1.44856
3.439e+07 0.402005 -1.47828 1.53197
3.44e+07 0.459553 -1.54726 1.61407
3.441e+07 0.520211 -1.61304 1.69485
3.442e+07 0.583842 -1.67553 1.77434
3.443e+07 0.650305 -1.73464 1.85253
3.444e+07 0.719455 -1.79028 1.92943
3.445e+07 0.791142 -1.84238 2.00506
3.446e+07 0.865214 -1.89088 2.07943
3.447e+07 0.941517 -1.93571 2.15254
3.448e+07 1.01989 -1.97681 2.2244
3.449e+07 1.10018 -2.01414 2.29502
3.45e+07 1.18221 -2.04765 2.36442
3.451e+07 1.26583 -2.07731 2.4326
3.452e+07 1.35086 -2.10309 2.49957
3.453e+07 1.43714 -2.12498 2.56533
3.454e+07 1.5245 -2.14295 2.62989
3.455e+07 1.61278 -2.157 2.69327
3.456e+07 1.70179 -2.16713 2.75545
3.457e+07 1.79137 -2.17334 2.81645
3.458e+07 1.88135 -2.17565 2.87627
3.459e+07 1.97155 -2.17408 2.9349
3.46e+07 2.06182 -2.16866 2.99235
3.461e+07 2.15198 -2.15941 3.04862
3.462e+07 2.24186 -2.14639 3.10369
3.463e+07 2.33129 -2.12962 3.15757
3.464e+07 2.42012 -2.10918 3.21024
3.465e+07 2.50819 -2.0851 3.26169
3.466e+07 2.59532 -2.05747 3.31193
3.467e+07 2.68137 -2.02634 3.36092
3.468e+07 2.76618 -1.9918 3.40867
3.469e+07 2.84959 -1.95393 3.45514
3.47e+07 2.93147 -1.9128 3.50034
3.471e+07 3.01167 -1.86852 3.54422
3.472e+07 3.09004 -1.82118 3.58679
3.473e+07 3.16645 -1.77089 3.62801
3.474e+07 3.24077 -1.71774 3.66786
3.475e+07 3.31286 -1.66185 3.70632
3.476e+07 3.38261 -1.60333 3.74336
3.477e+07 3.44989 -1.54231 3.77895
3.478e+07 3.5146 -1.4789 3.81308
3.479e+07 3.57662 -1.41323 3.8457
3.48e+07 3.63585 -1.34542 3.8768
3.481e+07 3.69219 -1.27562 3.90634
3.482e+07 3.74555 -1.20395 3.93429
3.483e+07 3.79585 -1.13055 3.96063
3.484e+07 3.84299 -1.05556 3.98532
3.485e+07 3.88691 -0.97913 4.00834
3.486e+07 3.92754 -0.901389 4.02964
3.487e+07 3.9648 -0.822489 4.04922
3.488e+07 3.99866 -0.742573 4.06703
3.489e+07 4.02905 -0.661789 4.08304
3.49e+07 4.05594 -0.580283 4.09724
3.491e+07 4.07927 -0.498205 4.10958
3.492e+07 4.09903 -0.415701 4.12006
3.493e+07 4.11519 -0.332919 4.12863
3.494e+07 4.12772 -0.250008 4.13528
3.495e+07 4.13661 -0.167113 4.13999
3.496e+07 4.14187 -0.0843814 4.14273
3.497e+07 4.14348 -0.00195754 4.14348
3.498e+07 4.14146 0.0800148 4.14223
3.499e+07 4.13582 0.161394 4.13897
3.5e+07 4.12657 0.242038 4.13366
3.501e+07 4.11375 0.321811 4.12631
3.502e+07 4.09737 0.400576 4.11691
3.503e+07 4.07749 0.478199 4.10544
3.504e+07 4.05414 0.55455 4.09189
3.505e+07 4.02738 0.629501 4.07628
3.506e+07 3.99725 0.702928 4.05858
3.507e+07 3.96381 0.774708 4.03881
3.508e+07 3.92714 0.844725 4.01697
3.509e+07 3.88731 0.912865 3.99305
3.51e+07 3.84438 0.979016 3.96708
3.511e+07 3.79844 1.04307 3.93906
3.512e+07 3.74958 1.10493 3.909
3.513e+07 3.69789 1.1645 3.87691
3.514e+07 3.64346 1.22168 3.84283
3.515e+07 3.58639 1.27639 3.80676
3.516e+07 3.52679 1.32854 3.76872
3.517e+07 3.46476 1.37805 3.72875
3.518e+07 3.40041 1.42486 3.68687
3.519e+07 3.33386 1.46888 3.64311
3.52e+07 3.26523 1.51006 3.5975
3.521e+07 3.19463 1.54834 3.55008
3.522e+07 3.1222 1.58367 3.50088
3.523e+07 3.04805 1.616 3.44994
3.524e+07 2.97232 1.64529 3.3973
3.525e+07 2.89514 1.67151 3.34301
3.526e+07 2.81663 1.69461 3.28711
3.527e+07 2.73694 1.71459 3.22965
3.528e+07 2.6562 1.73141 3.17068
3.529e+07 2.57455 1.74507 3.11024
3.53e+07 2.49212 1.75555 3.04838
3.531e+07 2.40906 1.76286 2.98518
3.532e+07 2.32551 1.767 2.92066
3.533e+07 2.2416 1.76797 2.85491
3.534e+07 2.15747 1.7658 2.78796
3.535e+07 2.07327 1.76049 2.71988
3.536e+07 1.98912 1.75208 2.65074
3.537e+07 1.90518 1.7406 2.58059
3.538e+07 1.82158 1.72608 2.50949
3.539e+07 1.73845 1.70856 2.4375
3.54e+07 1.65593 1.6881 2.36469
3.541e+07 1.57415 1.66473 2.29113
3.542e+07 1.49325 1.63851 2.21687
3.543e+07 1.41335 1.60951 2.14198
3.544e+07 1.33457 1.57779 2.06652
3.545e+07 1.25705 1.54343 1.99056
3.546e+07 1.18091 1.50648 1.91416
3.547e+07 1.10626 1.46704 1.83739
3.548e+07 1.03322 1.42518 1.7603
3.549e+07 0.961897 1.38099 1.68296
3.55e+07 0.89241 1.33455 1.60544
3.551e+07 0.82486 1.28597 1.52778
3.552e+07 0.759348 1.23534 1.45006
3.553e+07 0.695972 1.18276 1.37233
3.554e+07 0.634826 1.12832 1.29465
3.555e+07 0.575998 1.07214 1.21707
3.556e+07 0.519574 1.01432 1.13965
3.557e+07 0.465635 0.954975 1.06245
3.558e+07 0.414256 0.894214 0.985509
3.559e+07 0.365508 0.832152 0.908886
3.56e+07 0.319458 0.768905 0.832627
3.561e+07 0.276166 0.704589 0.756779
3.562e+07 0.23569 0.639325 0.681386
3.563e+07 0.19808 0.573232 0.60649
3.564e+07 0.163383 0.50643 0.532133
3.565e+07 0.131639 0.439042 0.458352
3.566e+07 0.102885 0.371188 0.385183
3.567e+07 0.0771495 0.302992 0.31266
3.568e+07 0.0544588 0.234575 0.240814
3.569e+07 0.0348321 0.166059 0.169673
3.57e+07 0.0182838 0.0975668 0.0992652
3.571e+07 0.00482281 0.0292183 0.0296137
3.572e+07 -0.00554726 -0.038866 0.0392598
3.573e+07 -0.0128282 -0.106567 0.107336
3.574e+07 -0.0170271 -0.173766 0.174598
3.575e+07 -0.0181562 -0.240348 0.241032
3.576e+07 -0.0162332 -0.306196 0.306626
3.577e+07 -0.0112809 -0.371199 0.37137
3.578e+07 -0.00332711 -0.435244 0.435257
3.579e+07 0.00759516 -0.498223 0.498281
3.58e+07 0.021448 -0.56003 0.560441
3.581e+07 0.0381886 -0.62056 0.621734
3.582e+07 0.0577693 -0.679712 0.682163
3.583e+07 0.0801378 -0.737388 0.74173
3.584e+07 0.105237 -0.793493 0.800441
3.585e+07 0.133006 -0.847933 0.858301
3.586e+07 0.163379 -0.90062 0.915319
3.587e+07 0.196285 -0.95147 0.971505
3.588e+07 0.231652 -1.0004 1.02687
3.589e+07 0.2694 -1.04733 1.08142
3.59e+07 0.309448 -1.09219 1.13518
3.591e+07 0.351711 -1.13491 1.18816
3.592e+07 0.3961 -1.17542 1.24036
3.593e+07 0.442523 -1.21366 1.29182
3.594e+07 0.490884 -1.24957 1.34253
3.595e+07 0.541086 -1.2831 1.39252
3.596e+07 0.593026 -1.3142 1.44181
3.597e+07 0.646603 -1.34283 1.4904
3.598e+07 0.701709 -1.36894 1.53831
3.599e+07 0.758237 -1.3925 1.58556
3.6e+07 0.816077 -1.41349 1.63215
3.601e+07 0.875115 -1.43186 1.67811
3.602e+07 0.93524 -1.44761 1.72344
3.603e+07 0.996335 -1.46072 1.76816
3.604e+07 1.05828 -1.47117 1.81227
3.605e+07 1.12097 -1.47896 1.85578
3.606e+07 1.18428 -1.48409 1.89869
3.607e+07 1.24809 -1.48655 1.94102
3.608e+07 1.31228 -1.48636 1.98276
3.609e+07 1.37673 -1.48352 2.02391
3.61e+07 1.44132 -1.47806 2.06448
3.611e+07 1.50594 -1.46999 2.10445
3.612e+07 1.57047 -1.45934 2.14384
3.613e+07 1.63478 -1.44614 2.18262
3.614e+07 1.69877 -1.43042 2.22079
3.615e+07 1.76231 -1.41223 2.25834
3.616e+07 1.82529 -1.3916 2.29526
3.617e+07 1.8876 -1.36858 2.33153
3.618e+07 1.94913 -1.34322 2.36713
3.619e+07 2.00976 -1.31558 2.40205
3.62e+07 2.06939 -1.28571 2.43627
3.621e+07 2.12791 -1.25368 2.46976
3.622e+07 2.18522 -1.21956 2.5025
3.623e+07 2.24122 -1.18341 2.53447
3.624e+07 2.29582 -1.1453 2.56563
3.625e+07 2.3489 -1.10531 2.59597
3.626e+07 2.4004 -1.06352 2.62545
3.627e+07 2.4502 -1.02001 2.65404
3.628e+07 2.49823 -0.974872 2.68171
3.629e+07 2.54441 -0.928181 2.70842
3.63e+07 2.58866 -0.88003 2.73415
3.631e+07 2.6309 -0.83051 2.75887
3.632e+07 2.67105 -0.779716 2.78253
3.633e+07 2.70907 -0.727742 2.80511
3.634e+07 2.74487 -0.674685 2.82657
3.635e+07 2.7784 -0.620644 2.84687
3.636e+07 2.8096 -0.565718 2.86599
3.637e+07 2.83843 -0.510008 2.88389
3.638e+07 2.86484 -0.453616 2.90053
3.639e+07 2.88878 -0.396644 2.91589
3.64e+07 2.91022 -0.339197 2.92992
3.641e+07 2.92913 -0.281377 2.94261
3.642e+07 2.94546 -0.223289 2.95392
3.643e+07 2.95922 -0.165036 2.96381
3.644e+07 2.97036 -0.106722 2.97227
3.645e+07 2.97888 -0.0484517 2.97927
3.646e+07 2.98476 0.00967294 2.98478
3.647e+07 2.98801 0.0675492 2.98877
3.648e+07 2.98862 0.125075 2.99123
3.649e+07 2.98659 0.182151 2.99214
3.65e+07 2.98193 0.238677 2.99147
3.651e+07 2.97466 0.294555 2.98921
3.652e+07 2.96479 0.349689 2.98534
3.653e+07 2.95234 0.403984 2.97985
3.654e+07 2.93734 0.457347 2.97274
3.655e+07 2.91983 0.509687 2.96398
3.656e+07 2.89983 0.560915 2.95358
3.657e+07 2.87738 0.610946 2.94153
3.658e+07 2.85253 0.659694 2.92782
3.659e+07 2.82533 0.707079 2.91246
3.66e+07 2.79582 0.753022 2.89545
3.661e+07 2.76406 0.797446 2.8768
3.662e+07 2.73011 0.840281 2.8565
3.663e+07 2.69404 0.881454 2.83457
3.664e+07 2.6559 0.920901 2.81103
3.665e+07 2.61577 0.958557 2.78587
3.666e+07 2.57372 0.994362 2.75913
3.667e+07 2.52982 1.02826 2.73081
3.668e+07 2.48416 1.0602 2.70094
3.669e+07 2.43682 1.09013 2.66954
3.67e+07 2.38787 1.11801 2.63664
3.671e+07 2.33741 1.14379 2.60226
3.672e+07 2.28552 1.16744 2.56642
3.673e+07 2.2323 1.18892 2.52917
3.674e+07 2.17784 1.20821 2.49053
3.675e+07 2.12223 1.22527 2.45054
3.676e+07 2.06557 1.24009 2.40924
3.677e+07 2.00797 1.25264 2.36665
3.678e+07 1.94951 1.26292 2.32283
3.679e+07 1.89029 1.27092 2.27781
3.68e+07 1.83043 1.27662 2.23165
3.681e+07 1.77003 1.28003 2.18437
3.682e+07 1.70917 1.28115 2.13603
3.683e+07 1.64798 1.27998 2.08667
3.684e+07 1.58655 1.27654 2.03635
3.685e+07 1.52499 1.27084 1.98511
3.686e+07 1.4634 1.26291 1.933
3.687e+07 1.40189 1.25275 1.88007
3.688e+07 1.34055 1.2404 1.82638
3.689e+07 1.27949 1.2259 1.77198
3.69e+07 1.21882 1.20926 1.71692
3.691e+07 1.15862 1.19053 1.66126
3.692e+07 1.09901 1.16975 1.60504
3.693e+07 1.04008 1.14697 1.54832
3.694e+07 0.98192 1.12223 1.49116
3.695e+07 0.924634 1.09558 1.43361
3.696e+07 0.868313 1.06708 1.37573
3.697e+07 0.813047 1.03679 1.31756
3.698e+07 0.758925 1.00476 1.25917
3.699e+07 0.706035 0.971058 1.2006
3.7e+07 0.65446 0.93575 1.1419
3.701e+07 0.604282 0.898905 1.08314
3.702e+07 0.555581 0.860594 1.02435
3.703e+07 0.508433 0.820888 0.965589
3.704e+07 0.462911 0.779865 0.906905
3.705e+07 0.419085 0.737601 0.848344
3.706e+07 0.377023 0.694176 0.789954
3.707e+07 0.336789 0.649671 0.731778
3.708e+07 0.298442 0.604169 0.673861
3.709e+07 0.26204 0.557754 0.616243
3.71e+07 0.227637 0.510512 0.558964
3.711e+07 0.195282 0.462529 0.502064
3.712e+07 0.165021 0.413893 0.445578
3.713e+07 0.136896 0.364693 0.38954
3.714e+07 0.110947 0.315018 0.333984
3.715e+07 0.0872078 0.264957 0.27894
3.716e+07 0.0657087 0.214602 0.224436
3.717e+07 0.0464765 0.164042 0.170498
3.718e+07 0.029534 0.113367 0.117151
3.719e+07 0.0148995 0.0626685 0.0644153
3.72e+07 0.0025878 0.0120358 0.0123109
3.721e+07 -0.00739087 -0.0384413 0.0391453
3.722e+07 -0.0150301 -0.0886738 0.0899386
3.723e+07 -0.0203277 -0.138574 0.140057
3.724e+07 -0.0232854 -0.188053 0.189489
3.725e+07 -0.0239091 -0.237026 0.238229
3.726e+07 -0.0222087 -0.285408 0.28627
3.727e+07 -0.0181982 -0.333114 0.33361
3.728e+07 -0.0118955 -0.380062 0.380248
3.729e+07 -0.00332236 -0.426172 0.426185
3.73e+07 0.0074955 -0.471365 0.471425
3.731e+07 0.0205286 -0.515563 0.515972
3.732e+07 0.0357435 -0.558693 0.559835
3.733e+07 0.0531034 -0.60068 0.603023
3.734e+07 0.0725677 -0.641454 0.645546
3.735e+07 0.0940922 -0.680948 0.687418
3.736e+07 0.117629 -0.719095 0.728652
3.737e+07 0.143128 -0.755832 0.769264
3.738e+07 0.170535 -0.791099 0.809271
3.739e+07 0.199792 -0.824838 0.84869
3.74e+07 0.230838 -0.856996 0.88754
3.741e+07 0.263612 -0.887519 0.92584
3.742e+07 0.298046 -0.916359 0.963611
3.743e+07 0.334071 -0.943471 1.00087
3.744e+07 0.371618 -0.968813 1.03764
3.745e+07 0.41061 -0.992346 1.07394
3.746e+07 0.450974 -1.01403 1.10979
3.747e+07 0.49263 -1.03384 1.14521
3.748e+07 0.535498 -1.05175 1.18022
3.749e+07 0.579497 -1.06772 1.21484
3.75e+07 0.624541 -1.08174 1.24908
3.751e+07 0.670547 -1.09378 1.28296
3.752e+07 0.717427 -1.10384 1.3165
3.753e+07 0.765094 -1.11191 1.3497
3.754e+07 0.813458 -1.11796 1.38259
3.755e+07 0.862428 -1.12201 1.41516
3.756e+07 0.911915 -1.12404 1.44743
3.757e+07 0.961827 -1.12407 1.47941
3.758e+07 1.01207 -1.1221 1.51109
3.759e+07 1.06256 -1.11814 1.54249
3.76e+07 1.11319 -1.1122 1.57359
3.761e+07 1.16388 -1.1043 1.6044
3.762e+07 1.21454 -1.09446 1.63491
3.763e+07 1.26506 -1.08271 1.66512
3.764e+07 1.31537 -1.06906 1.69502
3.765e+07 1.36536 -1.05356 1.72459
3.766e+07 1.41496 -1.03624 1.75383
3.767e+07 1.46407 -1.01712 1.78271
3.768e+07 1.5126 -0.996262 1.81122
3.769e+07 1.56047 -0.973694 1.83933
3.77e+07 1.60759 -0.949466 1.86704
3.771e+07 1.65388 -0.923627 1.89431
3.772e+07 1.69926 -0.896227 1.92112
3.773e+07 1.74364 -0.867321 1.94744
3.774e+07 1.78696 -0.836964 1.97325
3.775e+07 1.82912 -0.805214 1.99851
3.776e+07 1.87007 -0.772133 2.0232
3.777e+07 1.90972 -0.737784 2.04728
3.778e+07 1.94801 -0.702232 2.07072
3.779e+07 1.98488 -0.665543 2.09349
3.78e+07 2.02025 -0.627787 2.11555
3.781e+07 2.05408 -0.589033 2.13686
3.782e+07 2.08629 -0.549355 2.15741
3.783e+07 2.11684 -0.508824 2.17713
3.784e+07 2.14567 -0.467516 2.19602
3.785e+07 2.17274 -0.425507 2.21402
3.786e+07 2.198 -0.382874 2.2311
3.787e+07 2.22141 -0.339693 2.24723
3.788e+07 2.24292 -0.296044 2.26238
3.789e+07 2.26251 -0.252005 2.2765
3.79e+07 2.28014 -0.207656 2.28958
3.791e+07 2.29579 -0.163076 2.30157
3.792e+07 2.30942 -0.118346 2.31245
3.793e+07 2.32102 -0.073545 2.32218
3.794e+07 2.33057 -0.0287531 2.33074
3.795e+07 2.33805 0.0159504 2.3381
3.796e+07 2.34346 0.0604862 2.34424
3.797e+07 2.34679 0.104776 2.34912
3.798e+07 2.34803 0.148742 2.35273
3.799e+07 2.34719 0.192306 2.35505
3.8e+07 2.34427 0.235394 2.35605
3.801e+07 2.33927 0.277929 2.35572
3.802e+07 2.33222 0.319838 2.35405
3.803e+07 2.32312 0.361049 2.35101
3.804e+07 2.31199 0.401491 2.3466
3.805e+07 2.29886 0.441093 2.3408
3.806e+07 2.28376 0.479789 2.33361
3.807e+07 2.2667 0.517512 2.32502
3.808e+07 2.24772 0.554198 2.31503
3.809e+07 2.22686 0.589786 2.30364
3.81e+07 2.20416 0.624216 2.29084
3.811e+07 2.17966 0.65743 2.27665
3.812e+07 2.1534 0.689372 2.26105
3.813e+07 2.12543 0.71999 2.24406
3.814e+07 2.0958 0.749234 2.2257
3.815e+07 2.06457 0.777055 2.20596
3.816e+07 2.03179 0.80341 2.18486
3.817e+07 1.99752 0.828254 2.16243
3.818e+07 1.96182 0.851549 2.13866
3.819e+07 1.92476 0.873259 2.11359
3.82e+07 1.8864 0.893348 2.08724
3.821e+07 1.8468 0.911788 2.05962
3.822e+07 1.80605 0.928548 2.03077
3.823e+07 1.7642 0.943606 2.0007
3.824e+07 1.72134 0.956939 1.96946
3.825e+07 1.67754 0.968529 1.93706
3.826e+07 1.63287 0.97836 1.90354
3.827e+07 1.58742 0.986421 1.86894
3.828e+07 1.54126 0.992702 1.83328
3.829e+07 1.49447 0.997197 1.79662
3.83e+07 1.44713 0.999903 1.75897
3.831e+07 1.39933 1.00082 1.72039
3.832e+07 1.35114 0.999957 1.68092
3.833e+07 1.30265 0.997314 1.64059
3.834e+07 1.25394 0.992904 1.59945
3.835e+07 1.2051 0.986739 1.55754
3.836e+07 1.15621 0.978836 1.51491
3.837e+07 1.10735 0.969214 1.4716
3.838e+07 1.0586 0.957895 1.42766
3.839e+07 1.01005 0.944904 1.38313
3.84e+07 0.961783 0.930269 1.33807
3.841e+07 0.913872 0.914021 1.29252
3.842e+07 0.866401 0.896193 1.24652
3.843e+07 0.81945 0.876822 1.20013
3.844e+07 0.773096 0.855947 1.1534
3.845e+07 0.727418 0.833608 1.10636
3.846e+07 0.68249 0.809851 1.05908
3.847e+07 0.638386 0.784721 1.01159
3.848e+07 0.59518 0.758266 0.963954
3.849e+07 0.552942 0.730539 0.916205
3.85e+07 0.511741 0.701591 0.868394
3.851e+07 0.471644 0.671477 0.820567
3.852e+07 0.432716 0.640255 0.772768
3.853e+07 0.395019 0.607984 0.725041
3.854e+07 0.358614 0.574722 0.677428
3.855e+07 0.323558 0.540533 0.629973
3.856e+07 0.289908 0.50548 0.582714
3.857e+07 0.257716 0.469627 0.535692
3.858e+07 0.227031 0.43304 0.488945
3.859e+07 0.197903 0.395787 0.442508
3.86e+07 0.170375 0.357936 0.396416
3.861e+07 0.144488 0.319555 0.350702
3.862e+07 0.120283 0.280714 0.305399
3.863e+07 0.0977934 0.241484 0.260534
3.864e+07 0.077053 0.201935 0.216136
3.865e+07 0.0580912 0.162138 0.172231
3.866e+07 0.0409341 0.122166 0.128841
3.867e+07 0.025605 0.0820886 0.0859893
3.868e+07 0.0121236 0.0419782 0.0436938
3.869e+07 0.000506453 0.00190604 0.00197217
3.87e+07 -0.00923304 -0.0380569 0.0391609
3.871e+07 -0.0170849 -0.0778399 0.0796928
3.872e+07 -0.0230426 -0.117373 0.119613
3.873e+07 -0.0271026 -0.156586 0.158914
3.874e+07 -0.0292651 -0.195411 0.19759
3.875e+07 -0.0295332 -0.233779 0.235637
3.876e+07 -0.0279135 -0.271624 0.273055
3.877e+07 -0.024416 -0.308881 0.309844
3.878e+07 -0.0190537 -0.345483 0.346008
3.879e+07 -0.011843 -0.381369 0.381553
3.88e+07 -0.00280339 -0.416477 0.416486
3.881e+07 0.00804247 -0.450746 0.450818
3.882e+07 0.0206688 -0.484117 0.484558
3.883e+07 0.0350468 -0.516535 0.517723
3.884e+07 0.0511447 -0.547943 0.550325
3.885e+07 0.0689277 -0.57829 0.582383
3.886e+07 0.0883583 -0.607523 0.613915
3.887e+07 0.109396 -0.635595 0.64494
3.888e+07 0.131998 -0.662458 0.67548
3.889e+07 0.156119 -0.688068 0.705557
3.89e+07 0.181709 -0.712382 0.735192
3.891e+07 0.20872 -0.735363 0.76441
3.892e+07 0.237097 -0.756971 0.793234
3.893e+07 0.266785 -0.777173 0.821688
3.894e+07 0.297727 -0.795936 0.849797
3.895e+07 0.329863 -0.813231 0.877584
3.896e+07 0.363132 -0.829031 0.905073
3.897e+07 0.397471 -0.843313 0.932287
3.898e+07 0.432814 -0.856054 0.959248
3.899e+07 0.469096 -0.867237 0.985977
3.9e+07 0.506247 -0.876846 1.01249
3.901e+07 0.5442 -0.884868 1.03882
3.902e+07 0.582882 -0.891293 1.06497
3.903e+07 0.622222 -0.896114 1.09095
3.904e+07 0.662148 -0.899327 1.11679
3.905e+07 0.702586 -0.90093 1.1425
3.906e+07 0.743462 -0.900925 1.16808
3.907e+07 0.7847 -0.899316 1.19353
3.908e+07 0.826226 -0.896111 1.21888
3.909e+07 0.867964 -0.891318 1.24411
3.91e+07 0.909838 -0.884952 1.26923
3.911e+07 0.951772 -0.877027 1.29424
3.912e+07 0.993691 -0.867562 1.31912
3.913e+07 1.03552 -0.856578 1.34388
3.914e+07 1.07718 -0.844098 1.36851
3.915e+07 1.1186 -0.830148 1.39299
3.916e+07 1.1597 -0.814758 1.4173
3.917e+07 1.20042 -0.797958 1.44144
3.918e+07 1.24067 -0.779781 1.46538
3.919e+07 1.28039 -0.760265 1.4891
3.92e+07 1.31951 -0.739446 1.51258
3.921e+07 1.35795 -0.717366 1.53579
3.922e+07 1.39566 -0.694067 1.55871
3.923e+07 1.43255 -0.669593 1.58132
3.924e+07 1.46858 -0.643992 1.60357
3.925e+07 1.50366 -0.617311 1.62545
3.926e+07 1.53776 -0.589601 1.64691
3.927e+07 1.57079 -0.560914 1.66793
3.928e+07 1.60271 -0.531303 1.68848
3.929e+07 1.63346 -0.500824 1.70851
3.93e+07 1.66299 -0.469533 1.728
3.931e+07 1.69124 -0.437487 1.74691
3.932e+07 1.71817 -0.404745 1.7652
3.933e+07 1.74374 -0.371368 1.78284
3.934e+07 1.76789 -0.337417 1.7998
3.935e+07 1.79058 -0.302952 1.81603
3.936e+07 1.81179 -0.268038 1.83151
3.937e+07 1.83146 -0.232736 1.84619
3.938e+07 1.84958 -0.197112 1.86005
3.939e+07 1.8661 -0.161228 1.87305
3.94e+07 1.881 -0.125149 1.88516
3.941e+07 1.89426 -0.088941 1.89635
3.942e+07 1.90585 -0.0526672 1.90658
3.943e+07 1.91576 -0.0163928 1.91583
3.944e+07 1.92398 0.0198179 1.92408
3.945e+07 1.93048 0.0559006 1.93128
3.946e+07 1.93525 0.0917915 1.93743
3.947e+07 1.9383 0.127427 1.94249
3.948e+07 1.93962 0.162745 1.94644
3.949e+07 1.93921 0.197684 1.94926
3.95e+07 1.93706 0.232181 1.95093
3.951e+07 1.93319 0.266178 1.95143
3.952e+07 1.92761 0.299614 1.95076
3.953e+07 1.92032 0.332432 1.94889
3.954e+07 1.91135 0.364575 1.94581
3.955e+07 1.9007 0.395988 1.94151
3.956e+07 1.8884 0.426617 1.93599
3.957e+07 1.87448 0.456408 1.92924
3.958e+07 1.85895 0.485312 1.92125
3.959e+07 1.84184 0.513279 1.91203
3.96e+07 1.8232 0.540262 1.90156
3.961e+07 1.80305 0.566215 1.88986
3.962e+07 1.78143 0.591095 1.87693
3.963e+07 1.75837 0.614861 1.86277
3.964e+07 1.73393 0.637472 1.8474
3.965e+07 1.70814 0.658892 1.83081
3.966e+07 1.68105 0.679085 1.81303
3.967e+07 1.65271 0.698018 1.79406
3.968e+07 1.62316 0.715662 1.77393
3.969e+07 1.59247 0.731988 1.75265
3.97e+07 1.56068 0.74697 1.73023
3.971e+07 1.52786 0.760585 1.70671
3.972e+07 1.49406 0.772812 1.68209
3.973e+07 1.45933 0.783632 1.65642
3.974e+07 1.42375 0.793031 1.62971
3.975e+07 1.38736 0.800995 1.60199
3.976e+07 1.35025 0.807513 1.57329
3.977e+07 1.31246 0.812577 1.54364
3.978e+07 1.27407 0.816181 1.51308
3.979e+07 1.23515 0.818324 1.48164
3.98e+07 1.19576 0.819005 1.44935
3.981e+07 1.15596 0.818226 1.41624
3.982e+07 1.11584 0.815992 1.38236
3.983e+07 1.07545 0.81231 1.34775
3.984e+07 1.03487 0.807191 1.31244
3.985e+07 0.994159 0.800648 1.27648
3.986e+07 0.9534 0.792695 1.23989
3.987e+07 0.912657 0.78335 1.20274
3.988e+07 0.871999 0.772633 1.16505
3.989e+07 0.831496 0.760567 1.12688
3.99e+07 0.791217 0.747176 1.08825
3.991e+07 0.75123 0.732486 1.04923
3.992e+07 0.711603 0.716529 1.00985
3.993e+07 0.672402 0.699334 0.970151
3.994e+07 0.633694 0.680936 0.930184
3.995e+07 0.595544 0.661369 0.88999
3.996e+07 0.558016 0.640673 0.849613
3.997e+07 0.521172 0.618885 0.809098
3.998e+07 0.485073 0.596049 0.768486
3.999e+07 0.449781 0.572205 0.72782
4e+07 0.415353 0.547401 0.687143
4.001e+07 0.381845 0.521681 0.646496
4.002e+07 0.349314 0.495094 0.605919
4.003e+07 0.317812 0.467689 0.565453
4.004e+07 0.28739 0.439517 0.525136
4.005e+07 0.258099 0.410629 0.485007
4.006e+07 0.229985 0.38108 0.445101
4.007e+07 0.203093 0.350922 0.405454
4.008e+07 0.177466 0.320211 0.366101
4.009e+07 0.153146 0.289004 0.327073
4.01e+07 0.130169 0.257355 0.288402
4.011e+07 0.108572 0.225324 0.250118
4.012e+07 0.0883886 0.192967 0.212247
4.013e+07 0.0696489 0.160344 0.174817
4.014e+07 0.0523813 0.127512 0.137851
4.015e+07 0.0366114 0.0945302 0.101372
4.016e+07 0.0223621 0.0614582 0.0654001
4.017e+07 0.00965349 0.0283548 0.029953
4.018e+07 -0.00149693 -0.00472123 0.00495286
4.019e+07 -0.0110745 -0.037711 0.0393035
4.02e+07 -0.0190673 -0.0705562 0.0730872
4.021e+07 -0.0254663 -0.103199 0.106294
4.022e+07 -0.0302651 -0.135581 0.138918
4.023e+07 -0.0334602 -0.167646 0.170952
4.024e+07 -0.035051 -0.199337 0.202396
