freq Xk_re Xk_im Xk_mag Xk_err
2.225e+07 0.0417707 -0.274898 0.278053
2.226e+07 0.040037 -0.237582 0.240932
2.227e+07 0.0369589 -0.199771 0.203161
2.228e+07 0.0325367 -0.161529 0.164773
2.229e+07 0.0267734 -0.122925 0.125807
2.23e+07 0.019674 -0.084026 0.0862986
2.231e+07 0.011246 -0.0449015 0.0462884
2.232e+07 0.00149936 -0.00562032 0.00581688
2.233e+07 -0.00955391 0.0337478 0.035074
2.234e+07 -0.0218993 0.0731328 0.0763412
2.235e+07 -0.0355201 0.112465 0.117941
2.236e+07 -0.0503972 0.151673 0.159827
2.237e+07 -0.0665095 0.190688 0.201954
2.238e+07 -0.0838336 0.22944 0.244276
2.239e+07 -0.102344 0.267859 0.286745
2.24e+07 -0.122012 0.305876 0.329313
2.241e+07 -0.142809 0.343423 0.371933
2.242e+07 -0.164703 0.380432 0.414554
2.243e+07 -0.187659 0.416835 0.457129
2.244e+07 -0.211643 0.452567 0.499609
2.245e+07 -0.236616 0.487562 0.541945
2.246e+07 -0.262539 0.521758 0.584087
2.247e+07 -0.28937 0.555091 0.625988
2.248e+07 -0.317068 0.5875 0.667599
2.249e+07 -0.345586 0.618926 0.708872
2.25e+07 -0.37488 0.649311 0.74976
2.251e+07 -0.404902 0.678599 0.790216
2.252e+07 -0.435602 0.706735 0.830195
2.253e+07 -0.466931 0.733666 0.86965
2.254e+07 -0.498837 0.759343 0.908538
2.255e+07 -0.531268 0.783718 0.946815
2.256e+07 -0.56417 0.806743 0.98444
2.257e+07 -0.597488 0.828375 1.02137
2.258e+07 -0.631168 0.848574 1.05757
2.259e+07 -0.665152 0.8673 1.09299
2.26e+07 -0.699385 0.884516 1.12761
2.261e+07 -0.733808 0.90019 1.16139
2.262e+07 -0.768364 0.91429 1.19428
2.263e+07 -0.802995 0.926787 1.22627
2.264e+07 -0.837642 0.937656 1.25732
2.265e+07 -0.872246 0.946875 1.2874
2.266e+07 -0.906749 0.954424 1.31648
2.267e+07 -0.941092 0.960285 1.34455
2.268e+07 -0.975216 0.964445 1.37157
2.269e+07 -1.00906 0.966894 1.39753
2.27e+07 -1.04258 0.967622 1.42241
2.271e+07 -1.0757 0.966626 1.4462
2.272e+07 -1.10837 0.963903 1.46887
2.273e+07 -1.14053 0.959455 1.49042
2.274e+07 -1.17213 0.953286 1.51084
2.275e+07 -1.20312 0.945403 1.53013
2.276e+07 -1.23344 0.935818 1.54826
2.277e+07 -1.26303 0.924543 1.56526
2.278e+07 -1.29185 0.911595 1.5811
2.279e+07 -1.31984 0.896994 1.5958
2.28e+07 -1.34696 0.880763 1.60936
2.281e+07 -1.37316 0.862926 1.62179
2.282e+07 -1.39839 0.843512 1.6331
2.283e+07 -1.42261 0.822553 1.64329
2.284e+07 -1.44577 0.800082 1.65239
2.285e+07 -1.46784 0.776137 1.6604
2.286e+07 -1.48876 0.750756 1.66735
2.287e+07 -1.50852 0.723983 1.67325
2.288e+07 -1.52706 0.695862 1.67814
2.289e+07 -1.54436 0.66644 1.68202
2.29e+07 -1.56039 0.635766 1.68494
2.291e+07 -1.57511 0.603893 1.68691
2.292e+07 -1.5885 0.570876 1.68797
2.293e+07 -1.60054 0.536769 1.68815
2.294e+07 -1.6112 0.501632 1.68748
2.295e+07 -1.62046 0.465526 1.686
2.296e+07 -1.6283 0.428512 1.68374
2.297e+07 -1.63471 0.390654 1.68074
2.298e+07 -1.63967 0.352018 1.67703
2.299e+07 -1.64318 0.312672 1.67266
2.3e+07 -1.64523 0.272683 1.66767
2.301e+07 -1.6458 0.232122 1.66209
2.302e+07 -1.64491 0.191059 1.65597
2.303e+07 -1.64255 0.149567 1.64934
2.304e+07 -1.63871 0.107718 1.64225
2.305e+07 -1.63341 0.0655868 1.63473
2.306e+07 -1.62665 0.0232472 1.62682
2.307e+07 -1.61845 -0.0192256 1.61856
2.308e+07 -1.60881 -0.0617563 1.61
2.309e+07 -1.59775 -0.104269 1.60115
2.31e+07 -1.5853 -0.146689 1.59207
2.311e+07 -1.57145 -0.188939 1.58277
2.312e+07 -1.55625 -0.230945 1.5733
2.313e+07 -1.53972 -0.272631 1.56367
2.314e+07 -1.52188 -0.313921 1.55392
2.315e+07 -1.50276 -0.354742 1.54407
2.316e+07 -1.4824 -0.395019 1.53413
2.317e+07 -1.46083 -0.434681 1.52413
2.318e+07 -1.43809 -0.473654 1.51408
2.319e+07 -1.41421 -0.511869 1.50399
2.32e+07 -1.38923 -0.549254 1.49387
2.321e+07 -1.36321 -0.585742 1.48372
2.322e+07 -1.33617 -0.621267 1.47354
2.323e+07 -1.30818 -0.655761 1.46334
2.324e+07 -1.27928 -0.689162 1.4531
2.325e+07 -1.24952 -0.721408 1.44282
2.326e+07 -1.21894 -0.752439 1.43248
2.327e+07 -1.18761 -0.782197 1.42206
2.328e+07 -1.15558 -0.810625 1.41156
2.329e+07 -1.12291 -0.837671 1.40093
2.33e+07 -1.08965 -0.863283 1.39018
2.331e+07 -1.05586 -0.887412 1.37925
2.332e+07 -1.0216 -0.910013 1.36813
2.333e+07 -0.986932 -0.93104 1.35679
2.334e+07 -0.951919 -0.950454 1.34518
2.335e+07 -0.916623 -0.968216 1.33328
2.336e+07 -0.881105 -0.984291 1.32105
2.337e+07 -0.845431 -0.998646 1.30845
2.338e+07 -0.809664 -1.01125 1.29545
2.339e+07 -0.773868 -1.02208 1.282
2.34e+07 -0.738109 -1.03111 1.26807
2.341e+07 -0.70245 -1.03833 1.25362
2.342e+07 -0.666958 -1.0437 1.23861
2.343e+07 -0.631696 -1.04723 1.223
2.344e+07 -0.596729 -1.04889 1.20676
2.345e+07 -0.562121 -1.04869 1.18985
2.346e+07 -0.527937 -1.04662 1.17223
2.347e+07 -0.494238 -1.04267 1.15388
2.348e+07 -0.461088 -1.03686 1.13476
2.349e+07 -0.428548 -1.02918 1.11484
2.35e+07 -0.39668 -1.01965 1.09409
2.351e+07 -0.365542 -1.00827 1.07249
2.352e+07 -0.335194 -0.995076 1.05001
2.353e+07 -0.305693 -0.980071 1.02664
2.354e+07 -0.277095 -0.963283 1.00235
2.355e+07 -0.249456 -0.944737 0.977116
2.356e+07 -0.222827 -0.924462 0.950938
2.357e+07 -0.197262 -0.902491 0.923798
2.358e+07 -0.172809 -0.878858 0.895686
2.359e+07 -0.149518 -0.853601 0.866597
2.36e+07 -0.127434 -0.826763 0.836526
2.361e+07 -0.106601 -0.798386 0.805471
2.362e+07 -0.0870623 -0.768518 0.773434
2.363e+07 -0.0688574 -0.737209 0.740417
2.364e+07 -0.0520243 -0.70451 0.706428
2.365e+07 -0.0365987 -0.670477 0.671475
2.366e+07 -0.0226137 -0.635167 0.63557
2.367e+07 -0.0101001 -0.598641 0.598726
2.368e+07 0.000913492 -0.560959 0.56096
2.369e+07 0.0104014 -0.522188 0.522291
2.37e+07 0.0183404 -0.482392 0.48274
2.371e+07 0.0247098 -0.441641 0.442331
2.372e+07 0.0294917 -0.400004 0.40109
2.373e+07 0.0326708 -0.357554 0.359044
2.374e+07 0.0342346 -0.314365 0.316224
2.375e+07 0.0341735 -0.270511 0.272661
2.376e+07 0.0324806 -0.22607 0.228391
2.377e+07 0.0291516 -0.181118 0.183449
2.378e+07 0.0241855 -0.135734 0.137872
2.379e+07 0.0175837 -0.0899992 0.0917008
2.38e+07 0.00935076 -0.043993 0.0449758
2.381e+07 -0.000506056 0.00220291 0.00226028
2.382e+07 -0.0119766 0.0485069 0.0499635
2.383e+07 -0.0250479 0.0948367 0.0980887
2.384e+07 -0.0397041 0.14111 0.146589
2.385e+07 -0.0559267 0.187244 0.195418
2.386e+07 -0.0736941 0.233156 0.244526
2.387e+07 -0.0929824 0.278765 0.293863
2.388e+07 -0.113765 0.323988 0.343381
2.389e+07 -0.136011 0.368743 0.393027
2.39e+07 -0.15969 0.41295 0.442752
2.391e+07 -0.184766 0.456529 0.492502
2.392e+07 -0.211203 0.499401 0.542225
2.393e+07 -0.23896 0.541488 0.59187
2.394e+07 -0.267995 0.582712 0.641384
2.395e+07 -0.298264 0.622998 0.690715
2.396e+07 -0.329719 0.662272 0.73981
2.397e+07 -0.362313 0.700462 0.788618
2.398e+07 -0.395994 0.737497 0.837086
2.399e+07 -0.430708 0.773309 0.885164
2.4e+07 -0.466401 0.807829 0.932801
2.401e+07 -0.503015 0.840995 0.979947
2.402e+07 -0.540492 0.872743 1.02655
2.403e+07 -0.578772 0.903012 1.07257
2.404e+07 -0.617792 0.931747 1.11795
2.405e+07 -0.657489 0.958891 1.16265
2.406e+07 -0.697798 0.984393 1.20663
2.407e+07 -0.738653 1.0082 1.24983
2.408e+07 -0.779987 1.03027 1.29222
2.409e+07 -0.821732 1.05056 1.33376
2.41e+07 -0.863819 1.06902 1.37441
2.411e+07 -0.906177 1.08563 1.41412
2.412e+07 -0.948736 1.10034 1.45287
2.413e+07 -0.991425 1.11312 1.49062
2.414e+07 -1.03417 1.12395 1.52734
2.415e+07 -1.07691 1.1328 1.563
2.416e+07 -1.11955 1.13965 1.59756
2.417e+07 -1.16204 1.14449 1.63101
2.418e+07 -1.2043 1.1473 1.66332
2.419e+07 -1.24626 1.14806 1.69447
2.42e+07 -1.28785 1.14678 1.72443
2.421e+07 -1.32899 1.14345 1.75319
2.422e+07 -1.36961 1.13807 1.78074
2.423e+07 -1.40965 1.13065 1.80706
2.424e+07 -1.44904 1.12119 1.83215
2.425e+07 -1.4877 1.1097 1.85599
2.426e+07 -1.52557 1.09621 1.87858
2.427e+07 -1.56259 1.08072 1.89991
2.428e+07 -1.59869 1.06327 1.91999
2.429e+07 -1.63381 1.04387 1.93881
2.43e+07 -1.66788 1.02256 1.95639
2.431e+07 -1.70085 0.999365 1.97272
2.432e+07 -1.73265 0.974329 1.98781
2.433e+07 -1.76324 0.947488 2.00169
2.434e+07 -1.79255 0.918886 2.01435
2.435e+07 -1.82054 0.888569 2.02581
2.436e+07 -1.84715 0.856586 2.0361
2.437e+07 -1.87234 0.82299 2.04523
2.438e+07 -1.89605 0.787836 2.05322
2.439e+07 -1.91826 0.751184 2.06009
2.44e+07 -1.93891 0.713093 2.06588
2.441e+07 -1.95797 0.673629 2.07061
2.442e+07 -1.9754 0.632857 2.0743
2.443e+07 -1.99117 0.590847 2.07699
2.444e+07 -2.00526 0.547671 2.0787
2.445e+07 -2.01763 0.503401 2.07948
2.446e+07 -2.02825 0.458114 2.07935
2.447e+07 -2.03712 0.411888 2.07834
2.448e+07 -2.04421 0.364803 2.0765
2.449e+07 -2.0495 0.316939 2.07386
2.45e+07 -2.05298 0.268381 2.07045
2.451e+07 -2.05465 0.219212 2.06631
2.452e+07 -2.0545 0.169519 2.06148
2.453e+07 -2.05252 0.119388 2.05599
2.454e+07 -2.04872 0.0689082 2.04988
2.455e+07 -2.04311 0.0181677 2.04319
2.456e+07 -2.03568 -0.0327437 2.03594
2.457e+07 -2.02644 -0.0837358 2.02817
2.458e+07 -2.01542 -0.134718 2.01992
2.459e+07 -2.00263 -0.1856 2.01121
2.46e+07 -1.98809 -0.23629 2.00208
2.461e+07 -1.97181 -0.286698 1.99255
2.462e+07 -1.95384 -0.336734 1.98264
2.463e+07 -1.93419 -0.386307 1.97239
2.464e+07 -1.91289 -0.435327 1.9618
2.465e+07 -1.88999 -0.483706 1.95091
2.466e+07 -1.86552 -0.531357 1.93972
2.467e+07 -1.83953 -0.578191 1.92825
2.468e+07 -1.81204 -0.624125 1.91652
2.469e+07 -1.78312 -0.669072 1.90452
2.47e+07 -1.75281 -0.712952 1.89226
2.471e+07 -1.72117 -0.755681 1.87975
2.472e+07 -1.68823 -0.797182 1.86699
2.473e+07 -1.65408 -0.837377 1.85396
2.474e+07 -1.61875 -0.876191 1.84067
2.475e+07 -1.58231 -0.91355 1.8271
2.476e+07 -1.54484 -0.949384 1.81324
2.477e+07 -1.50638 -0.983626 1.79908
2.478e+07 -1.46701 -1.01621 1.7846
2.479e+07 -1.4268 -1.04707 1.76978
2.48e+07 -1.38582 -1.07615 1.7546
2.481e+07 -1.34414 -1.1034 1.73902
2.482e+07 -1.30184 -1.12875 1.72304
2.483e+07 -1.25898 -1.15216 1.70661
2.484e+07 -1.21565 -1.17358 1.6897
2.485e+07 -1.17193 -1.19297 1.6723
2.486e+07 -1.12788 -1.21028 1.65436
2.487e+07 -1.0836 -1.22549 1.63585
2.488e+07 -1.03916 -1.23855 1.61674
2.489e+07 -0.994638 -1.24944 1.597
2.49e+07 -0.950121 -1.25813 1.57658
2.491e+07 -0.905687 -1.2646 1.55546
2.492e+07 -0.861418 -1.26883 1.53361
2.493e+07 -0.817396 -1.27081 1.51099
2.494e+07 -0.773701 -1.27053 1.48756
2.495e+07 -0.730414 -1.26797 1.46331
2.496e+07 -0.687615 -1.26315 1.43818
2.497e+07 -0.645386 -1.25606 1.41217
2.498e+07 -0.603803 -1.24671 1.38523
2.499e+07 -0.562947 -1.23511 1.35735
2.5e+07 -0.522894 -1.22126 1.3285
2.501e+07 -0.483721 -1.2052 1.29865
2.502e+07 -0.445501 -1.18694 1.26779
2.503e+07 -0.40831 -1.16651 1.2359
2.504e+07 -0.372218 -1.14393 1.20296
2.505e+07 -0.337296 -1.11924 1.16896
2.506e+07 -0.303613 -1.09249 1.13389
2.507e+07 -0.271235 -1.0637 1.09774
2.508e+07 -0.240227 -1.03293 1.0605
2.509e+07 -0.210651 -1.00023 1.02217
2.51e+07 -0.182567 -0.965637 0.982744
2.511e+07 -0.156033 -0.929221 0.942231
2.512e+07 -0.131105 -0.891037 0.900631
2.513e+07 -0.107834 -0.851148 0.857952
2.514e+07 -0.086272 -0.809619 0.814202
2.515e+07 -0.0664648 -0.766519 0.769396
2.516e+07 -0.0484569 -0.721921 0.723546
2.517e+07 -0.0322899 -0.675899 0.67667
2.518e+07 -0.0180018 -0.628531 0.628789
2.519e+07 -0.005628 -0.579897 0.579924
2.52e+07 0.00479973 -0.530079 0.530101
2.521e+07 0.0132527 -0.479163 0.479346
2.522e+07 0.0197055 -0.427236 0.42769
2.523e+07 0.0241362 -0.374387 0.375164
2.524e+07 0.0265264 -0.320707 0.321802
2.525e+07 0.0268609 -0.266289 0.267641
2.526e+07 0.0251282 -0.211229 0.212718
2.527e+07 0.0213204 -0.155621 0.157074
2.528e+07 0.015433 -0.0995629 0.100752
2.529e+07 0.00746535 -0.0431534 0.0437944
2.53e+07 -0.00257988 0.0135085 0.0137526
2.531e+07 -0.0146962 0.0703227 0.0718419
2.532e+07 -0.0288736 0.127189 0.130425
2.533e+07 -0.0450984 0.184005 0.189451
2.534e+07 -0.0633534 0.240672 0.24887
2.535e+07 -0.0836177 0.297086 0.308629
2.536e+07 -0.105867 0.353147 0.368675
2.537e+07 -0.130073 0.408755 0.428952
2.538e+07 -0.156205 0.463809 0.489406
2.539e+07 -0.184227 0.518209 0.549981
2.54e+07 -0.214101 0.571856 0.610621
2.541e+07 -0.245786 0.624652 0.671268
2.542e+07 -0.279237 0.676502 0.731866
2.543e+07 -0.314406 0.727309 0.792357
2.544e+07 -0.35124 0.77698 0.852683
2.545e+07 -0.389687 0.825423 0.912787
2.546e+07 -0.429688 0.872548 0.972611
2.547e+07 -0.471183 0.918267 1.0321
2.548e+07 -0.514109 0.962493 1.09119
2.549e+07 -0.558401 1.00514 1.14984
2.55e+07 -0.603989 1.04614 1.20798
2.551e+07 -0.650803 1.0854 1.26556
2.552e+07 -0.69877 1.12285 1.32252
2.553e+07 -0.747814 1.15842 1.37882
2.554e+07 -0.797857 1.19203 1.4344
2.555e+07 -0.84882 1.22363 1.48922
2.556e+07 -0.900621 1.25314 1.54321
2.557e+07 -0.953177 1.28052 1.59633
2.558e+07 -1.0064 1.3057 1.64854
2.559e+07 -1.06021 1.32863 1.6998
2.56e+07 -1.11452 1.34927 1.75005
2.561e+07 -1.16923 1.36756 1.79926
2.562e+07 -1.22426 1.38348 1.84738
2.563e+07 -1.27951 1.39698 1.89438
2.564e+07 -1.3349 1.40802 1.94023
2.565e+07 -1.39033 1.4166 1.98488
2.566e+07 -1.44571 1.42267 2.02832
2.567e+07 -1.50095 1.42622 2.0705
2.568e+07 -1.55595 1.42724 2.1114
2.569e+07 -1.61063 1.42572 2.151
2.57e+07 -1.66488 1.42164 2.18927
2.571e+07 -1.71862 1.41501 2.22619
2.572e+07 -1.77176 1.40584 2.26175
2.573e+07 -1.8242 1.39412 2.29593
2.574e+07 -1.87586 1.37988 2.32871
2.575e+07 -1.92664 1.36313 2.36009
2.576e+07 -1.97646 1.34388 2.39006
2.577e+07 -2.02523 1.32217 2.41861
2.578e+07 -2.07287 1.29803 2.44574
2.579e+07 -2.11929 1.27149 2.47145
2.58e+07 -2.16441 1.24258 2.49574
2.581e+07 -2.20816 1.21136 2.51861
2.582e+07 -2.25046 1.17787 2.54006
2.583e+07 -2.29122 1.14216 2.56012
2.584e+07 -2.33038 1.10429 2.57879
2.585e+07 -2.36787 1.06432 2.59607
2.586e+07 -2.40362 1.02231 2.612
2.587e+07 -2.43757 0.978327 2.62657
2.588e+07 -2.46965 0.932446 2.63982
2.589e+07 -2.49981 0.884741 2.65175
2.59e+07 -2.52798 0.835289 2.6624
2.591e+07 -2.55412 0.784174 2.67179
2.592e+07 -2.57818 0.731479 2.67994
2.593e+07 -2.60012 0.677294 2.68688
2.594e+07 -2.61988 0.621709 2.69264
2.595e+07 -2.63744 0.564818 2.69724
2.596e+07 -2.65275 0.506717 2.70071
2.597e+07 -2.66579 0.447506 2.70309
2.598e+07 -2.67653 0.387286 2.70441
2.599e+07 -2.68495 0.326161 2.70469
2.6e+07 -2.69102 0.264236 2.70396
2.601e+07 -2.69474 0.201617 2.70227
2.602e+07 -2.69608 0.138415 2.69963
2.603e+07 -2.69505 0.0747387 2.69609
2.604e+07 -2.69164 0.0107004 2.69166
2.605e+07 -2.68586 -0.0535876 2.68639
2.606e+07 -2.6777 -0.118012 2.6803
2.607e+07 -2.66718 -0.182459 2.67341
2.608e+07 -2.65431 -0.246813 2.66576
2.609e+07 -2.6391 -0.31096 2.65736
2.61e+07 -2.62159 -0.374786 2.64825
2.611e+07 -2.6018 -0.438175 2.63844
2.612e+07 -2.57976 -0.501014 2.62796
2.613e+07 -2.55549 -0.563189 2.61682
2.614e+07 -2.52905 -0.624586 2.60503
2.615e+07 -2.50047 -0.685093 2.59262
2.616e+07 -2.4698 -0.744601 2.5796
2.617e+07 -2.43709 -0.802999 2.56597
2.618e+07 -2.40239 -0.86018 2.55174
2.619e+07 -2.36576 -0.916037 2.53691
2.62e+07 -2.32726 -0.970466 2.5215
2.621e+07 -2.28696 -1.02337 2.50549
2.622e+07 -2.24492 -1.07464 2.48888
2.623e+07 -2.20122 -1.12418 2.47167
2.624e+07 -2.15593 -1.1719 2.45385
2.625e+07 -2.10913 -1.21771 2.43542
2.626e+07 -2.0609 -1.26152 2.41635
2.627e+07 -2.01132 -1.30324 2.39663
2.628e+07 -1.96048 -1.34279 2.37625
2.629e+07 -1.90847 -1.38009 2.35519
2.63e+07 -1.85538 -1.41507 2.33342
2.631e+07 -1.8013 -1.44766 2.31093
2.632e+07 -1.74633 -1.47779 2.28769
2.633e+07 -1.69056 -1.50539 2.26367
2.634e+07 -1.6341 -1.53041 2.23885
2.635e+07 -1.57705 -1.5528 2.2132
2.636e+07 -1.51951 -1.5725 2.1867
2.637e+07 -1.46158 -1.58947 2.15931
2.638e+07 -1.40337 -1.60366 2.131
2.639e+07 -1.34498 -1.61505 2.10175
2.64e+07 -1.28653 -1.6236 2.07153
2.641e+07 -1.22812 -1.62928 2.0403
2.642e+07 -1.16985 -1.63208 2.00804
2.643e+07 -1.11184 -1.63197 1.97472
2.644e+07 -1.05419 -1.62895 1.94031
2.645e+07 -0.997011 -1.62301 1.90478
2.646e+07 -0.940413 -1.61414 1.86811
2.647e+07 -0.884501 -1.60236 1.83028
2.648e+07 -0.829381 -1.58768 1.79125
2.649e+07 -0.77516 -1.57009 1.75102
2.65e+07 -0.721941 -1.54964 1.70956
2.651e+07 -0.669829 -1.52634 1.66685
2.652e+07 -0.618924 -1.50022 1.62287
2.653e+07 -0.569327 -1.47131 1.57762
2.654e+07 -0.521137 -1.43967 1.53109
2.655e+07 -0.474449 -1.40532 1.48325
2.656e+07 -0.429359 -1.36833 1.43411
2.657e+07 -0.385957 -1.32875 1.38367
2.658e+07 -0.344333 -1.28663 1.33191
2.659e+07 -0.304574 -1.24205 1.27885
2.66e+07 -0.266764 -1.19506 1.22448
2.661e+07 -0.230984 -1.14575 1.16881
2.662e+07 -0.197312 -1.0942 1.11185
2.663e+07 -0.165822 -1.04048 1.05361
2.664e+07 -0.136584 -0.98468 0.994108
2.665e+07 -0.109668 -0.926894 0.93336
2.666e+07 -0.0851358 -0.867215 0.871384
2.667e+07 -0.0630481 -0.805741 0.808204
2.668e+07 -0.0434609 -0.742574 0.743845
2.669e+07 -0.0264261 -0.677819 0.678334
2.67e+07 -0.0119916 -0.611585 0.611702
2.671e+07 -0.000200806 -0.543982 0.543982
2.672e+07 0.00890701 -0.475126 0.47521
2.673e+07 0.0152972 -0.405133 0.405422
2.674e+07 0.0189394 -0.334123 0.334659
2.675e+07 0.0198083 -0.262218 0.262965
2.676e+07 0.0178828 -0.189541 0.190382
2.677e+07 0.0131467 -0.116218 0.11696
2.678e+07 0.00558864 -0.0423777 0.0427446
2.679e+07 -0.00479799 0.0318521 0.0322115
2.68e+07 -0.018015 0.106341 0.107856
2.681e+07 -0.0340591 0.180958 0.184135
2.682e+07 -0.0529225 0.255571 0.260993
2.683e+07 -0.0745921 0.330047 0.338371
2.684e+07 -0.0990502 0.404254 0.416212
2.685e+07 -0.126274 0.478059 0.494455
2.686e+07 -0.156236 0.551329 0.573038
2.687e+07 -0.188904 0.623931 0.651901
2.688e+07 -0.22424 0.695734 0.730979
2.689e+07 -0.262203 0.766608 0.810208
2.69e+07 -0.302745 0.836421 0.889525
2.691e+07 -0.345816 0.905046 0.968863
2.692e+07 -0.391359 0.972355 1.04816
2.693e+07 -0.439314 1.03822 1.12734
2.694e+07 -0.489615 1.10253 1.20635
2.695e+07 -0.542194 1.16515 1.28512
2.696e+07 -0.596976 1.22596 1.36359
2.697e+07 -0.653885 1.28486 1.44168
2.698e+07 -0.712838 1.34172 1.51933
2.699e+07 -0.77375 1.39644 1.59648
2.7e+07 -0.836531 1.44891 1.67306
2.701e+07 -0.901088 1.49903 1.74902
2.702e+07 -0.967324 1.5467 1.82428
2.703e+07 -1.03514 1.59182 1.89879
2.704e+07 -1.10443 1.6343 1.97249
2.705e+07 -1.1751 1.67405 2.04531
2.706e+07 -1.24702 1.711 2.11721
2.707e+07 -1.32009 1.74505 2.18812
2.708e+07 -1.3942 1.77615 2.25799
2.709e+07 -1.46923 1.80421 2.32676
2.71e+07 -1.54506 1.82918 2.39439
2.711e+07 -1.62157 1.851 2.46083
2.712e+07 -1.69863 1.86962 2.52603
2.713e+07 -1.77613 1.88498 2.58994
2.714e+07 -1.85393 1.89704 2.65252
2.715e+07 -1.93192 1.90578 2.71372
2.716e+07 -2.00996 1.91115 2.77352
2.717e+07 -2.08793 1.91313 2.83187
2.718e+07 -2.16569 1.9117 2.88874
2.719e+07 -2.24313 1.90685 2.9441
2.72e+07 -2.3201 1.89858 2.99791
2.721e+07 -2.39649 1.88687 3.05015
2.722e+07 -2.47216 1.87174 3.1008
2.723e+07 -2.54698 1.85319 3.14983
2.724e+07 -2.62084 1.83125 3.19723
2.725e+07 -2.69359 1.80593 3.24297
2.726e+07 -2.76513 1.77726 3.28704
2.727e+07 -2.83532 1.74528 3.32943
2.728e+07 -2.90405 1.71003 3.37012
2.729e+07 -2.9712 1.67156 3.40912
2.73e+07 -3.03664 1.62991 3.44642
2.731e+07 -3.10027 1.58515 3.48201
2.732e+07 -3.16197 1.53735 3.51589
2.733e+07 -3.22164 1.48656 3.54807
2.734e+07 -3.27916 1.43287 3.57854
2.735e+07 -3.33443 1.37636 3.60732
2.736e+07 -3.38736 1.31711 3.63442
2.737e+07 -3.43785 1.25522 3.65983
2.738e+07 -3.4858 1.19078 3.68358
2.739e+07 -3.53113 1.12389 3.70567
2.74e+07 -3.57375 1.05466 3.72613
2.741e+07 -3.61359 0.983211 3.74496
2.742e+07 -3.65056 0.909643 3.76219
2.743e+07 -3.6846 0.834083 3.77783
2.744e+07 -3.71564 0.756654 3.7919
2.745e+07 -3.74362 0.677484 3.80443
2.746e+07 -3.76848 0.596703 3.81543
2.747e+07 -3.79017 0.514448 3.82493
2.748e+07 -3.80865 0.430857 3.83295
2.749e+07 -3.82388 0.346071 3.8395
2.75e+07 -3.83581 0.260234 3.84463
2.751e+07 -3.84442 0.173493 3.84833
2.752e+07 -3.84969 0.0859966 3.85065
2.753e+07 -3.85159 -0.00210347 3.85159
2.754e+07 -3.85012 -0.0906544 3.85119
2.755e+07 -3.84527 -0.179502 3.84946
2.756e+07 -3.83704 -0.268489 3.84642
2.757e+07 -3.82543 -0.35746 3.84209
2.758e+07 -3.81045 -0.446257 3.8365
2.759e+07 -3.79213 -0.534722 3.82964
2.76e+07 -3.77047 -0.622695 3.82155
2.761e+07 -3.74552 -0.710019 3.81222
2.762e+07 -3.71731 -0.796536 3.80169
2.763e+07 -3.68587 -0.882088 3.78995
2.764e+07 -3.65125 -0.966518 3.77701
2.765e+07 -3.61352 -1.04967 3.76289
2.766e+07 -3.57271 -1.13139 3.74757
2.767e+07 -3.5289 -1.21153 3.73108
2.768e+07 -3.48216 -1.28994 3.71341
2.769e+07 -3.43256 -1.36646 3.69455
2.77e+07 -3.38019 -1.44095 3.67451
2.771e+07 -3.32512 -1.51328 3.65327
2.772e+07 -3.26744 -1.58329 3.63084
2.773e+07 -3.20726 -1.65086 3.6072
2.774e+07 -3.14468 -1.71584 3.58233
2.775e+07 -3.07979 -1.77812 3.55624
2.776e+07 -3.01272 -1.83756 3.52889
2.777e+07 -2.94356 -1.89405 3.50028
2.778e+07 -2.87246 -1.94746 3.47039
2.779e+07 -2.79952 -1.9977 3.4392
2.78e+07 -2.72487 -2.04464 3.40668
2.781e+07 -2.64865 -2.08819 3.37281
2.782e+07 -2.57098 -2.12826 3.33758
2.783e+07 -2.49202 -2.16474 3.30095
2.784e+07 -2.41189 -2.19757 3.2629
2.785e+07 -2.33074 -2.22665 3.2234
2.786e+07 -2.24872 -2.25192 3.18243
2.787e+07 -2.16597 -2.27331 3.13997
2.788e+07 -2.08266 -2.29076 3.09597
2.789e+07 -1.99892 -2.30422 3.05043
2.79e+07 -1.91492 -2.31363 3.0033
2.791e+07 -1.83082 -2.31897 2.95457
2.792e+07 -1.74676 -2.32019 2.90421
2.793e+07 -1.66291 -2.31727 2.8522
2.794e+07 -1.57943 -2.3102 2.7985
2.795e+07 -1.49647 -2.29896 2.74311
2.796e+07 -1.41421 -2.28354 2.68599
2.797e+07 -1.33278 -2.26395 2.62712
2.798e+07 -1.25237 -2.2402 2.5665
2.799e+07 -1.17312 -2.2123 2.50409
2.8e+07 -1.09518 -2.18029 2.4399
2.801e+07 -1.01873 -2.14419 2.37389
2.802e+07 -0.943914 -2.10405 2.30607
2.803e+07 -0.870882 -2.0599 2.23643
2.804e+07 -0.799787 -2.0118 2.16495
2.805e+07 -0.730779 -1.95982 2.09164
2.806e+07 -0.664003 -1.90403 2.01649
2.807e+07 -0.599604 -1.84449 1.9395
2.808e+07 -0.537722 -1.7813 1.86069
2.809e+07 -0.478494 -1.71453 1.78005
2.81e+07 -0.422053 -1.64429 1.6976
2.811e+07 -0.36853 -1.57069 1.61334
2.812e+07 -0.318049 -1.49382 1.5273
2.813e+07 -0.270732 -1.4138 1.43949
2.814e+07 -0.226696 -1.33076 1.34994
2.815e+07 -0.186053 -1.24483 1.25866
2.816e+07 -0.148909 -1.15614 1.16569
2.817e+07 -0.115367 -1.06482 1.07105
2.818e+07 -0.0855222 -0.971023 0.974781
2.819e+07 -0.0594658 -0.8749 0.876918
2.82e+07 -0.0372825 -0.776604 0.777498
2.821e+07 -0.0190513 -0.676296 0.676564
2.822e+07 -0.00484486 -0.574139 0.574159
2.823e+07 0.00527028 -0.470302 0.470332
2.824e+07 0.0112342 -0.364958 0.365131
2.825e+07 0.0129937 -0.258283 0.25861
2.826e+07 0.010502 -0.150457 0.150823
2.827e+07 0.00371952 -0.0416618 0.0418275
2.828e+07 -0.00738652 0.067916 0.0683165
2.829e+07 -0.0228417 0.178088 0.179547
2.83e+07 -0.0426646 0.288664 0.2918
2.831e+07 -0.0668664 0.399452 0.40501
2.832e+07 -0.095451 0.510257 0.519108
2.833e+07 -0.128415 0.620885 0.634025
2.834e+07 -0.165747 0.731138 0.749689
2.835e+07 -0.20743 0.840819 0.866028
2.836e+07 -0.253437 0.949733 0.982966
2.837e+07 -0.303734 1.05768 1.10043
2.838e+07 -0.358283 1.16446 1.21834
2.839e+07 -0.417033 1.26989 1.33662
2.84e+07 -0.47993 1.37376 1.45518
2.841e+07 -0.54691 1.47589 1.57396
2.842e+07 -0.617904 1.57607 1.69287
2.843e+07 -0.692834 1.67413 1.81183
2.844e+07 -0.771615 1.76987 1.93076
2.845e+07 -0.854155 1.8631 2.04957
2.846e+07 -0.940355 1.95366 2.16819
2.847e+07 -1.03011 2.04135 2.28653
2.848e+07 -1.12331 2.12601 2.40452
2.849e+07 -1.21983 2.20746 2.52207
2.85e+07 -1.31955 2.28553 2.63911
2.851e+07 -1.42234 2.36008 2.75554
2.852e+07 -1.52806 2.43093 2.8713
2.853e+07 -1.63656 2.49794 2.98631
2.854e+07 -1.7477 2.56097 3.10049
2.855e+07 -1.86132 2.61986 3.21375
2.856e+07 -1.97727 2.6745 3.32604
2.857e+07 -2.09537 2.72476 3.43728
2.858e+07 -2.21546 2.7705 3.54739
2.859e+07 -2.33736 2.81163 3.6563
2.86e+07 -2.4609 2.84802 3.76394
2.861e+07 -2.58589 2.8796 3.87026
2.862e+07 -2.71215 2.90626 3.97518
2.863e+07 -2.83948 2.92791 4.07864
2.864e+07 -2.96769 2.9445 4.18058
2.865e+07 -3.0966 2.95594 4.28094
2.866e+07 -3.22599 2.96218 4.37967
2.867e+07 -3.35567 2.96317 4.47671
2.868e+07 -3.48544 2.95887 4.572
2.869e+07 -3.61509 2.94924 4.6655
2.87e+07 -3.74442 2.93427 4.75717
2.871e+07 -3.87322 2.91394 4.84694
2.872e+07 -4.00129 2.88823 4.93479
2.873e+07 -4.12841 2.85716 5.02067
2.874e+07 -4.25438 2.82075 5.10455
2.875e+07 -4.379 2.779 5.18638
2.876e+07 -4.50206 2.73196 5.26613
2.877e+07 -4.62336 2.67966 5.34378
2.878e+07 -4.74268 2.62215 5.41929
2.879e+07 -4.85984 2.55951 5.49264
2.88e+07 -4.97463 2.49178 5.5638
2.881e+07 -5.08685 2.41906 5.63275
2.882e+07 -5.19632 2.34143 5.69947
2.883e+07 -5.30284 2.25898 5.76395
2.884e+07 -5.40622 2.17183 5.82616
2.885e+07 -5.50629 2.08009 5.88609
2.886e+07 -5.60287 1.98388 5.94373
2.887e+07 -5.69578 1.88333 5.99907
2.888e+07 -5.78484 1.77858 6.05209
2.889e+07 -5.86991 1.66979 6.10279
2.89e+07 -5.95082 1.55711 6.15117
2.891e+07 -6.02742 1.44071 6.19721
2.892e+07 -6.09956 1.32075 6.24092
2.893e+07 -6.16711 1.19743 6.28228
2.894e+07 -6.22993 1.07092 6.3213
2.895e+07 -6.28789 0.941417 6.35797
2.896e+07 -6.34088 0.809131 6.3923
2.897e+07 -6.38879 0.674266 6.42427
2.898e+07 -6.43151 0.537036 6.45389
2.899e+07 -6.46895 0.39766 6.48116
2.9e+07 -6.50102 0.256364 6.50607
2.901e+07 -6.52764 0.113378 6.52863
2.902e+07 -6.54875 -0.0310619 6.54882
2.903e+07 -6.56428 -0.176716 6.56666
2.904e+07 -6.57419 -0.323341 6.58213
2.905e+07 -6.57842 -0.470688 6.59524
2.906e+07 -6.57695 -0.618507 6.60597
2.907e+07 -6.56976 -0.766544 6.61433
2.908e+07 -6.55683 -0.91454 6.6203
2.909e+07 -6.53815 -1.06224 6.62388
2.91e+07 -6.51373 -1.20938 6.62505
2.911e+07 -6.48359 -1.3557 6.62381
2.912e+07 -6.44776 -1.50093 6.62015
2.913e+07 -6.40626 -1.64482 6.61405
2.914e+07 -6.35915 -1.7871 6.60549
2.915e+07 -6.30648 -1.9275 6.59446
2.916e+07 -6.24831 -2.06576 6.58094
2.917e+07 -6.18473 -2.20163 6.56491
2.918e+07 -6.11582 -2.33484 6.54635
2.919e+07 -6.04167 -2.46514 6.52524
2.92e+07 -5.9624 -2.59227 6.50154
2.921e+07 -5.87811 -2.71597 6.47524
2.922e+07 -5.78894 -2.83601 6.4463
2.923e+07 -5.69502 -2.95213 6.4147
2.924e+07 -5.59649 -3.0641 6.38039
2.925e+07 -5.49351 -3.17168 6.34336
2.926e+07 -5.38624 -3.27464 6.30356
2.927e+07 -5.27486 -3.37275 6.26096
2.928e+07 -5.15955 -3.46581 6.21552
2.929e+07 -5.04049 -3.55358 6.16721
2.93e+07 -4.91789 -3.63588 6.11598
2.931e+07 -4.79195 -3.7125 6.0618
2.932e+07 -4.6629 -3.78324 6.00463
2.933e+07 -4.53094 -3.84794 5.94441
2.934e+07 -4.39632 -3.90641 5.88112
2.935e+07 -4.25926 -3.95849 5.81472
2.936e+07 -4.12002 -4.00402 5.74515
2.937e+07 -3.97885 -4.04285 5.67238
2.938e+07 -3.83599 -4.07485 5.59636
2.939e+07 -3.69173 -4.09989 5.51706
2.94e+07 -3.54631 -4.11786 5.43444
2.941e+07 -3.40003 -4.12864 5.34845
2.942e+07 -3.25315 -4.13215 5.25905
2.943e+07 -3.10595 -4.12829 5.16621
2.944e+07 -2.95874 -4.117 5.06989
2.945e+07 -2.81179 -4.0982 4.97006
2.946e+07 -2.6654 -4.07187 4.86667
2.947e+07 -2.51987 -4.03795 4.7597
2.948e+07 -2.37549 -3.99642 4.64912
2.949e+07 -2.23258 -3.94727 4.5349
2.95e+07 -2.09141 -3.8905 4.41701
2.951e+07 -1.95232 -3.82611 4.29543
2.952e+07 -1.81558 -3.75415 4.17013
2.953e+07 -1.68152 -3.67463 4.04109
2.954e+07 -1.55043 -3.58762 3.90831
2.955e+07 -1.42262 -3.49318 3.77176
2.956e+07 -1.29838 -3.39138 3.63143
2.957e+07 -1.17803 -3.28232 3.48732
2.958e+07 -1.06184 -3.16609 3.33941
2.959e+07 -0.950132 -3.04281 3.1877
2.96e+07 -0.843181 -2.91262 3.03221
2.961e+07 -0.74128 -2.77564 2.87292
2.962e+07 -0.644713 -2.63204 2.70985
2.963e+07 -0.553759 -2.48197 2.543
2.964e+07 -0.468692 -2.32563 2.37239
2.965e+07 -0.389782 -2.1632 2.19804
2.966e+07 -0.317291 -1.99488 2.01996
2.967e+07 -0.251475 -1.8209 1.83818
2.968e+07 -0.192585 -1.64147 1.65273
2.969e+07 -0.140863 -1.45683 1.46363
2.97e+07 -0.0965427 -1.26724 1.27091
2.971e+07 -0.0598518 -1.07296 1.07463
2.972e+07 -0.0310081 -0.874252 0.874802
2.973e+07 -0.0102205 -0.671407 0.671484
2.974e+07 0.0023112 -0.464713 0.464719
2.975e+07 0.00639699 -0.254475 0.254555
2.976e+07 0.00185696 -0.0410018 0.0410438
2.977e+07 -0.0114783 0.175384 0.17576
2.978e+07 -0.0337675 0.394355 0.395798
2.979e+07 -0.0651581 0.615571 0.61901
2.98e+07 -0.105786 0.838689 0.845334
2.981e+07 -0.155776 1.06335 1.0747
2.982e+07 -0.215239 1.28921 1.30705
2.983e+07 -0.284276 1.51588 1.54231
2.984e+07 -0.362974 1.74301 1.7804
2.985e+07 -0.451407 1.9702 2.02125
2.986e+07 -0.549637 2.19709 2.26479
2.987e+07 -0.65771 2.42327 2.51094
2.988e+07 -0.775663 2.64836 2.75961
2.989e+07 -0.903515 2.87196 3.01073
2.99e+07 -1.04127 3.09368 3.26421
2.991e+07 -1.18893 3.3131 3.51997
2.992e+07 -1.34646 3.52984 3.77793
2.993e+07 -1.51384 3.74349 4.03799
2.994e+07 -1.69101 3.95363 4.30008
2.995e+07 -1.87791 4.15987 4.5641
2.996e+07 -2.07446 4.36179 4.82997
2.997e+07 -2.28056 4.55901 5.0976
2.998e+07 -2.49612 4.7511 5.3669
2.999e+07 -2.721 4.93768 5.63777
3e+07 -2.95507 5.11834 5.91015
3.001e+07 -3.19819 5.29269 6.18392
3.002e+07 -3.45017 5.46033 6.45902
3.003e+07 -3.71086 5.62089 6.73535
3.004e+07 -3.98005 5.77398 7.01281
3.005e+07 -4.25753 5.91921 7.29134
3.006e+07 -4.54309 6.05624 7.57084
3.007e+07 -4.83648 6.18468 7.85123
3.008e+07 -5.13747 6.30418 8.13242
3.009e+07 -5.44579 6.4144 8.41434
3.01e+07 -5.76117 6.51499 8.6969
3.011e+07 -6.08332 6.60562 8.98003
3.012e+07 -6.41193 6.68597 9.26364
3.013e+07 -6.74671 6.75573 9.54767
3.014e+07 -7.08732 6.81459 9.83203
3.015e+07 -7.43343 6.86227 10.1167
3.016e+07 -7.78469 6.89849 10.4015
3.017e+07 -8.14076 6.92297 10.6864
3.018e+07 -8.50125 6.93546 10.9714
3.019e+07 -8.8658 6.93573 11.2564
3.02e+07 -9.23401 6.92353 11.5413
3.021e+07 -9.60549 6.89865 11.8261
3.022e+07 -9.97984 6.8609 12.1107
3.023e+07 -10.3566 6.81008 12.395
3.024e+07 -10.7355 6.74601 12.6791
3.025e+07 -11.1159 6.66856 12.9628
3.026e+07 -11.4975 6.57756 13.246
3.027e+07 -11.8798 6.47289 13.5288
3.028e+07 -12.2625 6.35444 13.8111
3.029e+07 -12.6449 6.22212 14.0928
3.03e+07 -13.0267 6.07585 14.374
3.031e+07 -13.4074 5.91557 14.6545
3.032e+07 -13.7866 5.74123 14.9342
3.033e+07 -14.1637 5.5528 15.2133
3.034e+07 -14.5384 5.35028 15.4916
3.035e+07 -14.9101 5.13367 15.7691
3.036e+07 -15.2783 4.90299 16.0457
3.037e+07 -15.6426 4.6583 16.3215
3.038e+07 -16.0026 4.39964 16.5964
3.039e+07 -16.3577 4.1271 16.8703
3.04e+07 -16.7074 3.84077 17.1432
3.041e+07 -17.0514 3.54076 17.4151
3.042e+07 -17.389 3.22721 17.686
3.043e+07 -17.72 2.90026 17.9557
3.044e+07 -18.0437 2.56008 18.2244
3.045e+07 -18.3598 2.20685 18.4919
3.046e+07 -18.6677 1.84078 18.7583
3.047e+07 -18.9671 1.46207 19.0234
3.048e+07 -19.2576 1.07097 19.2873
3.049e+07 -19.5385 0.66773 19.5499
3.05e+07 -19.8096 0.252614 19.8113
3.051e+07 -20.0705 -0.174091 20.0712
3.052e+07 -20.3206 -0.612085 20.3298
3.053e+07 -20.5596 -1.06105 20.587
3.054e+07 -20.7872 -1.52066 20.8427
3.055e+07 -21.0028 -1.99056 21.097
3.056e+07 -21.2063 -2.47038 21.3497
3.057e+07 -21.3971 -2.95977 21.6008
3.058e+07 -21.5749 -3.45831 21.8503
3.059e+07 -21.7394 -3.96561 22.0982
3.06e+07 -21.8903 -4.48125 22.3443
3.061e+07 -22.0273 -5.00481 22.5887
3.062e+07 -22.15 -5.53583 22.8313
3.063e+07 -22.2582 -6.07386 23.0721
3.064e+07 -22.3516 -6.61844 23.3109
3.065e+07 -22.43 -7.16909 23.5478
3.066e+07 -22.493 -7.72532 23.7827
3.067e+07 -22.5405 -8.28664 24.0155
3.068e+07 -22.5723 -8.85253 24.2462
3.069e+07 -22.5882 -9.4225 24.4747
3.07e+07 -22.5879 -9.99601 24.7009
3.071e+07 -22.5714 -10.5725 24.9248
3.072e+07 -22.5384 -11.1515 25.1463
3.073e+07 -22.4889 -11.7325 25.3654
3.074e+07 -22.4228 -12.3148 25.5819
3.075e+07 -22.3399 -12.8979 25.7959
3.076e+07 -22.2402 -13.4814 26.0072
3.077e+07 -22.1236 -14.0645 26.2157
3.078e+07 -21.9901 -14.6468 26.4214
3.079e+07 -21.8396 -15.2277 26.6243
3.08e+07 -21.6722 -15.8066 26.8242
3.081e+07 -21.488 -16.383 27.021
3.082e+07 -21.2868 -16.9562 27.2147
3.083e+07 -21.0688 -17.5258 27.4052
3.084e+07 -20.834 -18.0911 27.5925
3.085e+07 -20.5826 -18.6516 27.7764
3.086e+07 -20.3146 -19.2067 27.9568
3.087e+07 -20.0302 -19.7559 28.1337
3.088e+07 -19.7296 -20.2987 28.3071
3.089e+07 -19.4128 -20.8343 28.4767
3.09e+07 -19.08 -21.3624 28.6427
3.091e+07 -18.7316 -21.8824 28.8047
3.092e+07 -18.3677 -22.3938 28.9629
3.093e+07 -17.9884 -22.8959 29.1171
3.094e+07 -17.5942 -23.3884 29.2673
3.095e+07 -17.1852 -23.8707 29.4133
3.096e+07 -16.7618 -24.3423 29.5551
3.097e+07 -16.3242 -24.8027 29.6927
3.098e+07 -15.8727 -25.2515 29.8259
3.099e+07 -15.4078 -25.6882 29.9547
3.1e+07 -14.9297 -26.1122 30.079
3.101e+07 -14.4389 -26.5233 30.1988
3.102e+07 -13.9356 -26.9209 30.314
3.103e+07 -13.4204 -27.3047 30.4245
3.104e+07 -12.8935 -27.6741 30.5303
3.105e+07 -12.3555 -28.029 30.6314
3.106e+07 -11.8068 -28.3688 30.7277
3.107e+07 -11.2478 -28.6932 30.8191
3.108e+07 -10.679 -29.002 30.9056
3.109e+07 -10.1008 -29.2946 30.9871
3.11e+07 -9.51375 -29.5709 31.0637
3.111e+07 -8.91834 -29.8306 31.1352
3.112e+07 -8.31507 -30.0734 31.2017
3.113e+07 -7.70444 -30.2989 31.2631
3.114e+07 -7.08699 -30.5071 31.3195
3.115e+07 -6.46323 -30.6976 31.3707
3.116e+07 -5.8337 -30.8703 31.4167
3.117e+07 -5.19896 -31.025 31.4576
3.118e+07 -4.55954 -31.1615 31.4933
3.119e+07 -3.91601 -31.2797 31.5239
3.12e+07 -3.26892 -31.3794 31.5492
3.121e+07 -2.61884 -31.4606 31.5694
3.122e+07 -1.96633 -31.5232 31.5844
3.123e+07 -1.31198 -31.567 31.5943
3.124e+07 -0.656341 -31.5921 31.5989
3.125e+07 3.8014e-13 -31.5984 31.5984
3.126e+07 0.65647 -31.586 31.5928
3.127e+07 1.31249 -31.5548 31.5821
3.128e+07 1.96749 -31.5049 31.5662
3.129e+07 2.6209 -31.4363 31.5453
3.13e+07 3.27213 -31.3491 31.5194
3.131e+07 3.92063 -31.2434 31.4884
3.132e+07 4.56582 -31.1193 31.4525
3.133e+07 5.20714 -30.977 31.4116
3.134e+07 5.84403 -30.8166 31.3659
3.135e+07 6.47594 -30.6383 31.3152
3.136e+07 7.10232 -30.4423 31.2598
3.137e+07 7.72263 -30.2287 31.1996
3.138e+07 8.33634 -29.9978 31.1346
3.139e+07 8.94291 -29.7499 31.065
3.14e+07 9.54183 -29.4853 30.9907
3.141e+07 10.1326 -29.2041 30.9119
3.142e+07 10.7147 -28.9067 30.8286
3.143e+07 11.2876 -28.5935 30.7408
3.144e+07 11.8509 -28.2647 30.6486
3.145e+07 12.4042 -27.9207 30.5521
3.146e+07 12.9468 -27.5619 30.4513
3.147e+07 13.4785 -27.1887 30.3462
3.148e+07 13.9987 -26.8014 30.237
3.149e+07 14.5071 -26.4004 30.1237
3.15e+07 15.0032 -25.9862 30.0063
3.151e+07 15.4866 -25.5593 29.885
3.152e+07 15.9571 -25.1199 29.7597
3.153e+07 16.4141 -24.6687 29.6305
3.154e+07 16.8574 -24.2061 29.4976
3.155e+07 17.2866 -23.7326 29.3609
3.156e+07 17.7015 -23.2486 29.2205
3.157e+07 18.1017 -22.7546 29.0765
3.158e+07 18.4869 -22.2512 28.9289
3.159e+07 18.8569 -21.739 28.7778
3.16e+07 19.2114 -21.2183 28.6233
3.161e+07 19.5502 -20.6897 28.4653
3.162e+07 19.8731 -20.1539 28.304
3.163e+07 20.1799 -19.6112 28.1394
3.164e+07 20.4704 -19.0624 27.9716
3.165e+07 20.7445 -18.5078 27.8006
3.166e+07 21.0019 -17.9482 27.6264
3.167e+07 21.2427 -17.3839 27.4491
3.168e+07 21.4667 -16.8157 27.2688
3.169e+07 21.6737 -16.2441 27.0855
3.17e+07 21.8639 -15.6696 26.8992
3.171e+07 22.037 -15.0928 26.7099
3.172e+07 22.1931 -14.5142 26.5178
3.173e+07 22.3321 -13.9345 26.3229
3.174e+07 22.4541 -13.3542 26.1251
3.175e+07 22.5592 -12.7738 25.9246
3.176e+07 22.6472 -12.1939 25.7214
3.177e+07 22.7184 -11.615 25.5154
3.178e+07 22.7728 -11.0378 25.3068
3.179e+07 22.8105 -10.4626 25.0955
3.18e+07 22.8316 -9.8902 24.8817
3.181e+07 22.8362 -9.32096 24.6652
3.182e+07 22.8246 -8.75544 24.4462
3.183e+07 22.7968 -8.19416 24.2247
3.184e+07 22.7531 -7.63763 24.0007
3.185e+07 22.6936 -7.08634 23.7743
3.186e+07 22.6187 -6.54078 23.5454
3.187e+07 22.5284 -6.00143 23.3141
3.188e+07 22.4232 -5.46876 23.0804
3.189e+07 22.3032 -4.94322 22.8444
3.19e+07 22.1687 -4.42525 22.6061
3.191e+07 22.02 -3.91529 22.3654
3.192e+07 21.8575 -3.41377 22.1225
3.193e+07 21.6814 -2.92108 21.8773
3.194e+07 21.4921 -2.43762 21.6299
3.195e+07 21.29 -1.96378 21.3804
3.196e+07 21.0753 -1.49991 21.1286
3.197e+07 20.8485 -1.04637 20.8748
3.198e+07 20.61 -0.603501 20.6188
3.199e+07 20.3601 -0.171616 20.3608
3.2e+07 20.0992 0.248975 20.1008
3.201e+07 19.8278 0.657983 19.8388
3.202e+07 19.5463 1.05513 19.5748
3.203e+07 19.2551 1.44017 19.3089
3.204e+07 18.9547 1.81285 19.0412
3.205e+07 18.6454 2.17295 18.7716
3.206e+07 18.3278 2.52027 18.5002
3.207e+07 18.0022 2.85461 18.2271
3.208e+07 17.6692 3.1758 17.9524
3.209e+07 17.3293 3.48368 17.676
3.21e+07 16.9828 3.77812 17.398
3.211e+07 16.6303 4.05899 17.1185
3.212e+07 16.2722 4.3262 16.8375
3.213e+07 15.9091 4.57965 16.5551
3.214e+07 15.5413 4.81928 16.2714
3.215e+07 15.1694 5.04504 15.9864
3.216e+07 14.7939 5.2569 15.7002
3.217e+07 14.4152 5.45483 15.4128
3.218e+07 14.0339 5.63884 15.1243
3.219e+07 13.6503 5.80895 14.8349
3.22e+07 13.265 5.96519 14.5445
3.221e+07 12.8784 6.10761 14.2533
3.222e+07 12.4911 6.23629 13.9613
3.223e+07 12.1034 6.3513 13.6686
3.224e+07 11.7159 6.45275 13.3753
3.225e+07 11.3289 6.54076 13.0815
3.226e+07 10.943 6.61546 12.7873
3.227e+07 10.5586 6.67699 12.4927
3.228e+07 10.1762 6.72551 12.1978
3.229e+07 9.79607 6.76121 11.9028
3.23e+07 9.41874 6.78428 11.6077
3.231e+07 9.04462 6.79492 11.3127
3.232e+07 8.6741 6.79335 11.0177
3.233e+07 8.30759 6.7798 10.7229
3.234e+07 7.94546 6.75451 10.4285
3.235e+07 7.5881 6.71775 10.1345
3.236e+07 7.23589 6.66979 9.84094
3.237e+07 6.88916 6.61089 9.54801
3.238e+07 6.54828 6.54136 9.25577
3.239e+07 6.21356 6.4615 8.96434
3.24e+07 5.88535 6.37161 8.6738
3.241e+07 5.56394 6.27202 8.38425
3.242e+07 5.24964 6.16306 8.0958
3.243e+07 4.94272 6.04506 7.80853
3.244e+07 4.64346 5.91837 7.52256
3.245e+07 4.35213 5.78335 7.23797
3.246e+07 4.06896 5.64035 6.95485
3.247e+07 3.79418 5.48975 6.67331
3.248e+07 3.52801 5.3319 6.39344
3.249e+07 3.27066 5.1672 6.11532
3.25e+07 3.02232 4.99602 5.83906
3.251e+07 2.78315 4.81874 5.56473
3.252e+07 2.55333 4.63576 5.29242
3.253e+07 2.33298 4.44747 5.02223
3.254e+07 2.12225 4.25426 4.75423
3.255e+07 1.92125 4.05652 4.48849
3.256e+07 1.73008 3.85466 4.22512
3.257e+07 1.54883 3.64907 3.96417
3.258e+07 1.37756 3.44015 3.70572
3.259e+07 1.21634 3.2283 3.44984
3.26e+07 1.06521 3.0139 3.1966
3.261e+07 0.924195 2.79736 2.94608
3.262e+07 0.793305 2.57907 2.69832
3.263e+07 0.672541 2.35941 2.45339
3.264e+07 0.561888 2.13877 2.21135
3.265e+07 0.461316 1.91754 1.97225
3.266e+07 0.37078 1.69609 1.73615
3.267e+07 0.290224 1.47479 1.50308
3.268e+07 0.219577 1.25402 1.2731
3.269e+07 0.158753 1.03413 1.04625
3.27e+07 0.107657 0.815482 0.822557
3.271e+07 0.0661765 0.598422 0.60207
3.272e+07 0.0341903 0.383294 0.384816
3.273e+07 0.011563 0.170432 0.170824
3.274e+07 -0.00185227 -0.0398363 0.0398794
3.275e+07 -0.00621396 -0.247194 0.247272
3.276e+07 -0.00169185 -0.45133 0.451333
3.277e+07 0.0115334 -0.651944 0.652046
3.278e+07 0.0332705 -0.848745 0.849397
3.279e+07 0.0633181 -1.04145 1.04337
3.28e+07 0.101465 -1.22979 1.23397
3.281e+07 0.14749 -1.41351 1.42118
3.282e+07 0.201165 -1.59234 1.605
3.283e+07 0.26225 -1.76606 1.78543
3.284e+07 0.3305 -1.93443 1.96246
3.285e+07 0.405661 -2.09724 2.13612
3.286e+07 0.487471 -2.25428 2.30639
3.287e+07 0.575661 -2.40536 2.47329
3.288e+07 0.669959 -2.5503 2.63683
3.289e+07 0.770084 -2.68892 2.79702
3.29e+07 0.875749 -2.82107 2.95388
3.291e+07 0.986664 -2.94661 3.10741
3.292e+07 1.10253 -3.0654 3.25764
3.293e+07 1.22306 -3.17731 3.40458
3.294e+07 1.34794 -3.28225 3.54826
3.295e+07 1.47687 -3.38012 3.68868
3.296e+07 1.60953 -3.47083 3.82587
3.297e+07 1.74563 -3.55432 3.95985
3.298e+07 1.88484 -3.63053 4.09064
3.299e+07 2.02686 -3.69941 4.21827
3.3e+07 2.17137 -3.76093 4.34275
3.301e+07 2.31806 -3.81507 4.4641
3.302e+07 2.46662 -3.86183 4.58235
3.303e+07 2.61672 -3.9012 4.69751
3.304e+07 2.76807 -3.93321 4.80961
3.305e+07 2.92035 -3.95789 4.91867
3.306e+07 3.07326 -3.97526 5.0247
3.307e+07 3.22648 -3.9854 5.12773
3.308e+07 3.37973 -3.98835 5.22776
3.309e+07 3.5327 -3.98419 5.32482
3.31e+07 3.6851 -3.97302 5.41893
3.311e+07 3.83663 -3.95492 5.51009
3.312e+07 3.98702 -3.93 5.59832
3.313e+07 4.13598 -3.89838 5.68364
3.314e+07 4.28325 -3.86019 5.76604
3.315e+07 4.42855 -3.81555 5.84555
3.316e+07 4.57161 -3.76463 5.92217
3.317e+07 4.7122 -3.70756 5.9959
3.318e+07 4.85005 -3.64452 6.06675
3.319e+07 4.98493 -3.57567 6.13473
3.32e+07 5.1166 -3.5012 6.19984
3.321e+07 5.24484 -3.42129 6.26207
3.322e+07 5.36943 -3.33613 6.32144
3.323e+07 5.49016 -3.24594 6.37793
3.324e+07 5.60684 -3.1509 6.43155
3.325e+07 5.71927 -3.05124 6.48229
3.326e+07 5.82726 -2.94717 6.53015
3.327e+07 5.93065 -2.83893 6.57512
3.328e+07 6.02928 -2.72673 6.61719
3.329e+07 6.12298 -2.61081 6.65637
3.33e+07 6.21162 -2.49141 6.69264
3.331e+07 6.29506 -2.36877 6.72599
3.332e+07 6.37318 -2.24314 6.75641
3.333e+07 6.44587 -2.11475 6.78391
3.334e+07 6.51302 -1.98386 6.80846
3.335e+07 6.57454 -1.85071 6.83006
3.336e+07 6.63034 -1.71557 6.8487
3.337e+07 6.68037 -1.57868 6.86437
3.338e+07 6.72455 -1.4403 6.87706
3.339e+07 6.76283 -1.30068 6.88677
3.34e+07 6.79517 -1.16008 6.89349
3.341e+07 6.82155 -1.01874 6.8972
3.342e+07 6.84195 -0.876918 6.89792
3.343e+07 6.85635 -0.734867 6.89562
3.344e+07 6.86476 -0.592833 6.89031
3.345e+07 6.86719 -0.451063 6.88199
3.346e+07 6.86366 -0.309799 6.87065
3.347e+07 6.8542 -0.169282 6.85629
3.348e+07 6.83886 -0.0297495 6.83893
3.349e+07 6.81768 0.108567 6.81855
3.35e+07 6.79073 0.245437 6.79516
3.351e+07 6.75807 0.380636 6.76879
3.352e+07 6.71979 0.513946 6.73942
3.353e+07 6.67598 0.645151 6.70708
3.354e+07 6.62672 0.774043 6.67177
3.355e+07 6.57213 0.900417 6.63352
3.356e+07 6.51231 1.02408 6.59234
3.357e+07 6.4474 1.14483 6.54825
3.358e+07 6.37752 1.2625 6.50128
3.359e+07 6.30281 1.3769 6.45145
3.36e+07 6.2234 1.48786 6.39878
3.361e+07 6.13946 1.59521 6.34332
3.362e+07 6.05114 1.69882 6.28508
3.363e+07 5.9586 1.79852 6.22411
3.364e+07 5.86201 1.89417 6.16044
3.365e+07 5.76155 1.98565 6.09412
3.366e+07 5.6574 2.07282 6.02518
3.367e+07 5.54975 2.15558 5.95367
3.368e+07 5.43878 2.23382 5.87965
3.369e+07 5.32469 2.30744 5.80315
3.37e+07 5.20767 2.37634 5.72423
3.371e+07 5.08793 2.44045 5.64295
3.372e+07 4.96568 2.4997 5.55936
3.373e+07 4.84112 2.55403 5.47353
3.374e+07 4.71447 2.60337 5.38551
3.375e+07 4.58592 2.64768 5.29537
3.376e+07 4.45571 2.68694 5.20317
3.377e+07 4.32404 2.7211 5.10898
3.378e+07 4.19113 2.75015 5.01288
3.379e+07 4.0572 2.77409 4.91492
3.38e+07 3.92247 2.79291 4.81519
3.381e+07 3.78715 2.80662 4.71376
3.382e+07 3.65145 2.81523 4.61071
3.383e+07 3.51561 2.81878 4.50611
3.384e+07 3.37982 2.81729 4.40003
3.385e+07 3.24431 2.81081 4.29257
3.386e+07 3.10928 2.79938 4.1838
3.387e+07 2.97494 2.78308 4.07379
3.388e+07 2.84151 2.76195 3.96265
3.389e+07 2.70918 2.73609 3.85043
3.39e+07 2.57815 2.70556 3.73724
3.391e+07 2.44863 2.67047 3.62315
3.392e+07 2.3208 2.6309 3.50824
3.393e+07 2.19486 2.58696 3.3926
3.394e+07 2.07098 2.53875 3.27631
3.395e+07 1.94935 2.4864 3.15946
3.396e+07 1.83015 2.43003 3.04212
3.397e+07 1.71354 2.36977 2.92439
3.398e+07 1.59969 2.30575 2.80633
3.399e+07 1.48875 2.23811 2.68804
3.4e+07 1.38089 2.167 2.56958
3.401e+07 1.27624 2.09257 2.45105
3.402e+07 1.17495 2.01497 2.33251
3.403e+07 1.07715 1.93436 2.21404
3.404e+07 0.982964 1.8509 2.09572
3.405e+07 0.892518 1.76477 1.97762
3.406e+07 0.805923 1.67613 1.85981
3.407e+07 0.723285 1.58515 1.74237
3.408e+07 0.644703 1.49202 1.62535
3.409e+07 0.570267 1.3969 1.50882
3.41e+07 0.500061 1.29999 1.39285
3.411e+07 0.434163 1.20146 1.2775
3.412e+07 0.372638 1.10151 1.16283
3.413e+07 0.31555 1.0003 1.04889
3.414e+07 0.262949 0.898035 0.935739
3.415e+07 0.214881 0.794896 0.823428
3.416e+07 0.171383 0.69107 0.712005
3.417e+07 0.132484 0.586746 0.601517
3.418e+07 0.0982048 0.482107 0.492008
3.419e+07 0.068559 0.377342 0.38352
3.42e+07 0.0435519 0.272634 0.27609
3.421e+07 0.023181 0.168165 0.169756
3.422e+07 0.00743614 0.0641194 0.0645491
3.423e+07 -0.00370072 -0.0393252 0.0394989
3.424e+07 -0.0102551 -0.141991 0.142361
3.425e+07 -0.0122602 -0.243703 0.244011
3.426e+07 -0.00975643 -0.344289 0.344427
3.427e+07 -0.0027918 -0.443581 0.44359
3.428e+07 0.00857862 -0.541413 0.541481
3.429e+07 0.0242927 -0.637623 0.638085
3.43e+07 0.0442813 -0.732053 0.733391
3.431e+07 0.0684685 -0.82455 0.827387
3.432e+07 0.096772 -0.914963 0.920067
3.433e+07 0.129103 -1.00315 1.01142
3.434e+07 0.165366 -1.08897 1.10145
3.435e+07 0.20546 -1.17228 1.19015
3.436e+07 0.249279 -1.25296 1.27752
3.437e+07 0.296709 -1.33089 1.36356
3.438e+07 0.347632 -1.40594 1.44828
3.439e+07 0.401927 -1.478 1.53167
3.44e+07 0.459463 -1.54696 1.61375
3.441e+07 0.520109 -1.61273 1.69452
3.442e+07 0.583728 -1.6752 1.77399
3.443e+07 0.650178 -1.7343 1.85217
3.444e+07 0.719315 -1.78993 1.92906
3.445e+07 0.790988 -1.84202 2.00467
3.446e+07 0.865046 -1.89051 2.07902
3.447e+07 0.941334 -1.93533 2.15212
3.448e+07 1.01969 -1.97642 2.22397
3.449e+07 1.09996 -2.01374 2.29458
3.45e+07 1.18198 -2.04725 2.36396
3.451e+07 1.26558 -2.07691 2.43212
3.452e+07 1.3506 -2.10268 2.49908
3.453e+07 1.43686 -2.12456 2.56483
3.454e+07 1.52421 -2.14253 2.62938
3.455e+07 1.61246 -2.15658 2.69274
3.456e+07 1.70146 -2.1667 2.75492
3.457e+07 1.79102 -2.17292 2.8159
3.458e+07 1.88098 -2.17523 2.87571
3.459e+07 1.97117 -2.17366 2.93433
3.46e+07 2.06142 -2.16824 2.99177
3.461e+07 2.15156 -2.15899 3.04802
3.462e+07 2.24142 -2.14597 3.10309
3.463e+07 2.33084 -2.12921 3.15695
3.464e+07 2.41965 -2.10876 3.20961
3.465e+07 2.5077 -2.0847 3.26106
3.466e+07 2.59482 -2.05707 3.31128
3.467e+07 2.68085 -2.02595 3.36027
3.468e+07 2.76564 -1.99141 3.408
3.469e+07 2.84904 -1.95354 3.45447
3.47e+07 2.9309 -1.91243 3.49965
3.471e+07 3.01108 -1.86816 3.54353
3.472e+07 3.08944 -1.82083 3.58609
3.473e+07 3.16583 -1.77054 3.6273
3.474e+07 3.24013 -1.71741 3.66714
3.475e+07 3.31221 -1.66153 3.7056
3.476e+07 3.38195 -1.60302 3.74263
3.477e+07 3.44922 -1.54201 3.77822
3.478e+07 3.51392 -1.47861 3.81234
3.479e+07 3.57593 -1.41295 3.84495
3.48e+07 3.63514 -1.34516 3.87605
3.481e+07 3.69147 -1.27537 3.90558
3.482e+07 3.74482 -1.20372 3.93353
3.483e+07 3.79511 -1.13033 3.95986
3.484e+07 3.84224 -1.05536 3.98455
3.485e+07 3.88615 -0.978939 4.00756
3.486e+07 3.92677 -0.901214 4.02886
3.487e+07 3.96403 -0.822329 4.04843
3.488e+07 3.99788 -0.742428 4.06623
3.489e+07 4.02827 -0.66166 4.08225
3.49e+07 4.05515 -0.58017 4.09644
3.491e+07 4.07848 -0.498108 4.10878
3.492e+07 4.09823 -0.41562 4.11925
3.493e+07 4.11439 -0.332855 4.12783
3.494e+07 4.12691 -0.249959 4.13448
3.495e+07 4.13581 -0.167081 4.13918
3.496e+07 4.14106 -0.084365 4.14192
3.497e+07 4.14268 -0.00195716 4.14268
3.498e+07 4.14066 0.0799992 4.14143
3.499e+07 4.13501 0.161362 4.13816
3.5e+07 4.12577 0.241991 4.13286
3.501e+07 4.11294 0.321748 4.12551
3.502e+07 4.09658 0.400498 4.11611
3.503e+07 4.0767 0.478106 4.10464
3.504e+07 4.05335 0.554442 4.0911
3.505e+07 4.02659 0.629379 4.07548
3.506e+07 3.99647 0.702791 4.05779
3.507e+07 3.96304 0.774558 4.03802
3.508e+07 3.92638 0.844561 4.01618
3.509e+07 3.88655 0.912687 3.99228
3.51e+07 3.84363 0.978825 3.96631
3.511e+07 3.7977 1.04287 3.93829
3.512e+07 3.74885 1.10472 3.90824
3.513e+07 3.69717 1.16428 3.87616
3.514e+07 3.64275 1.22145 3.84208
3.515e+07 3.5857 1.27614 3.80602
3.516e+07 3.5261 1.32828 3.76799
3.517e+07 3.46408 1.37779 3.72803
3.518e+07 3.39975 1.42458 3.68615
3.519e+07 3.33321 1.46859 3.6424
3.52e+07 3.26459 1.50977 3.5968
3.521e+07 3.19401 1.54804 3.54939
3.522e+07 3.12159 1.58337 3.5002
3.523e+07 3.04746 1.61569 3.44927
3.524e+07 2.97174 1.64497 3.39664
3.525e+07 2.89457 1.67118 3.34236
3.526e+07 2.81608 1.69428 3.28647
3.527e+07 2.73641 1.71425 3.22902
3.528e+07 2.65568 1.73107 3.17006
3.529e+07 2.57405 1.74473 3.10963
3.53e+07 2.49164 1.75521 3.04779
3.531e+07 2.4086 1.76252 2.98459
3.532e+07 2.32506 1.76665 2.92009
3.533e+07 2.24116 1.76763 2.85435
3.534e+07 2.15705 1.76545 2.78742
3.535e+07 2.07286 1.76015 2.71935
3.536e+07 1.98874 1.75174 2.65022
3.537e+07 1.90481 1.74026 2.58008
3.538e+07 1.82123 1.72575 2.509
3.539e+07 1.73811 1.70823 2.43703
3.54e+07 1.65561 1.68777 2.36423
3.541e+07 1.57385 1.6644 2.29068
3.542e+07 1.49296 1.63819 2.21644
3.543e+07 1.41307 1.6092 2.14156
3.544e+07 1.33431 1.57749 2.06612
3.545e+07 1.25681 1.54313 1.99018
3.546e+07 1.18068 1.50619 1.91379
3.547e+07 1.10604 1.46675 1.83703
3.548e+07 1.03301 1.4249 1.75996
3.549e+07 0.96171 1.38072 1.68264
3.55e+07 0.892236 1.33429 1.60513
3.551e+07 0.824699 1.28572 1.52749
3.552e+07 0.7592 1.2351 1.44978
3.553e+07 0.695836 1.18253 1.37206
3.554e+07 0.634702 1.1281 1.29439
3.555e+07 0.575886 1.07193 1.21683
3.556e+07 0.519473 1.01412 1.13943
3.557e+07 0.465545 0.95479 1.06224
3.558e+07 0.414175 0.89404 0.985317
3.559e+07 0.365437 0.83199 0.908709
3.56e+07 0.319396 0.768755 0.832465
3.561e+07 0.276113 0.704452 0.756631
3.562e+07 0.235644 0.639201 0.681253
3.563e+07 0.198042 0.57312 0.606372
3.564e+07 0.163351 0.506332 0.53203
3.565e+07 0.131614 0.438956 0.458263
3.566e+07 0.102865 0.371116 0.385108
3.567e+07 0.0771345 0.302933 0.312599
3.568e+07 0.0544482 0.234529 0.240767
3.569e+07 0.0348253 0.166027 0.16964
3.57e+07 0.0182802 0.0975478 0.0992459
3.571e+07 0.00482188 0.0292126 0.0296079
3.572e+07 -0.00554618 -0.0388584 0.0392522
3.573e+07 -0.0128257 -0.106546 0.107315
3.574e+07 -0.0170237 -0.173732 0.174564
3.575e+07 -0.0181527 -0.240301 0.240985
3.576e+07 -0.0162301 -0.306137 0.306566
3.577e+07 -0.0112787 -0.371126 0.371298
3.578e+07 -0.00332646 -0.435159 0.435172
3.579e+07 0.00759369 -0.498126 0.498184
3.58e+07 0.0214438 -0.559921 0.560332
3.581e+07 0.0381811 -0.620439 0.621613
3.582e+07 0.057758 -0.67958 0.68203
3.583e+07 0.0801222 -0.737245 0.741586
3.584e+07 0.105217 -0.793338 0.800285
3.585e+07 0.13298 -0.847768 0.858134
3.586e+07 0.163347 -0.900445 0.915141
3.587e+07 0.196247 -0.951285 0.971316
3.588e+07 0.231606 -1.0002 1.02667
3.589e+07 0.269347 -1.04713 1.08121
3.59e+07 0.309388 -1.09198 1.13496
3.591e+07 0.351643 -1.13469 1.18793
3.592e+07 0.396023 -1.17519 1.24012
3.593e+07 0.442437 -1.21342 1.29157
3.594e+07 0.490788 -1.24933 1.34227
3.595e+07 0.54098 -1.28285 1.39225
3.596e+07 0.592911 -1.31395 1.44153
3.597e+07 0.646477 -1.34257 1.49011
3.598e+07 0.701573 -1.36867 1.53801
3.599e+07 0.75809 -1.39223 1.58525
3.6e+07 0.815918 -1.41321 1.63184
3.601e+07 0.874945 -1.43158 1.67779
3.602e+07 0.935058 -1.44733 1.72311
3.603e+07 0.996141 -1.46044 1.76782
3.604e+07 1.05808 -1.47089 1.81192
3.605e+07 1.12075 -1.47867 1.85542
3.606e+07 1.18405 -1.4838 1.89832
3.607e+07 1.24784 -1.48626 1.94064
3.608e+07 1.31202 -1.48607 1.98237
3.609e+07 1.37646 -1.48323 2.02352
3.61e+07 1.44104 -1.47777 2.06408
3.611e+07 1.50565 -1.4697 2.10405
3.612e+07 1.57016 -1.45906 2.14342
3.613e+07 1.63446 -1.44586 2.1822
3.614e+07 1.69844 -1.43014 2.22036
3.615e+07 1.76197 -1.41195 2.2579
3.616e+07 1.82493 -1.39132 2.29481
3.617e+07 1.88723 -1.36831 2.33108
3.618e+07 1.94875 -1.34296 2.36667
3.619e+07 2.00937 -1.31532 2.40159
3.62e+07 2.06898 -1.28546 2.4358
3.621e+07 2.1275 -1.25344 2.46928
3.622e+07 2.1848 -1.21932 2.50202
3.623e+07 2.24079 -1.18318 2.53398
3.624e+07 2.29537 -1.14507 2.56514
3.625e+07 2.34845 -1.1051 2.59547
3.626e+07 2.39993 -1.06332 2.62494
3.627e+07 2.44972 -1.01982 2.65352
3.628e+07 2.49775 -0.974682 2.68118
3.629e+07 2.54392 -0.928 2.7079
3.63e+07 2.58815 -0.879858 2.73362
3.631e+07 2.63038 -0.830349 2.75833
3.632e+07 2.67053 -0.779564 2.78199
3.633e+07 2.70854 -0.727601 2.80456
3.634e+07 2.74433 -0.674554 2.82602
3.635e+07 2.77786 -0.620523 2.84632
3.636e+07 2.80906 -0.565608 2.86543
3.637e+07 2.83788 -0.509909 2.88333
3.638e+07 2.86428 -0.453528 2.89997
3.639e+07 2.88822 -0.396567 2.91532
3.64e+07 2.90966 -0.339131 2.92935
3.641e+07 2.92856 -0.281322 2.94204
3.642e+07 2.94489 -0.223245 2.95334
3.643e+07 2.95864 -0.165004 2.96324
3.644e+07 2.96978 -0.106701 2.9717
3.645e+07 2.9783 -0.0484422 2.97869
3.646e+07 2.98418 0.00967106 2.9842
3.647e+07 2.98743 0.067536 2.98819
3.648e+07 2.98804 0.125051 2.99065
3.649e+07 2.98601 0.182116 2.99156
3.65e+07 2.98135 0.238631 2.99089
3.651e+07 2.97408 0.294498 2.98862
3.652e+07 2.96421 0.349621 2.98476
3.653e+07 2.95177 0.403905 2.97927
3.654e+07 2.93677 0.457258 2.97216
3.655e+07 2.91926 0.509588 2.9634
3.656e+07 2.89926 0.560806 2.953
3.657e+07 2.87682 0.610827 2.94095
3.658e+07 2.85198 0.659565 2.92725
3.659e+07 2.82478 0.706941 2.9119
3.66e+07 2.79528 0.752875 2.89489
3.661e+07 2.76352 0.797291 2.87624
3.662e+07 2.72958 0.840117 2.85594
3.663e+07 2.69351 0.881283 2.83402
3.664e+07 2.65538 0.920721 2.81048
3.665e+07 2.61526 0.95837 2.78533
3.666e+07 2.57322 0.994169 2.75859
3.667e+07 2.52933 1.02806 2.73028
3.668e+07 2.48368 1.06 2.70042
3.669e+07 2.43634 1.08992 2.66902
3.67e+07 2.3874 1.11779 2.63613
3.671e+07 2.33695 1.14357 2.60175
3.672e+07 2.28508 1.16721 2.56592
3.673e+07 2.23187 1.18869 2.52868
3.674e+07 2.17742 1.20797 2.49005
3.675e+07 2.12182 1.22503 2.45006
3.676e+07 2.06517 1.23985 2.40877
3.677e+07 2.00757 1.2524 2.36619
3.678e+07 1.94913 1.26268 2.32238
3.679e+07 1.88993 1.27067 2.27737
3.68e+07 1.83008 1.27637 2.23121
3.681e+07 1.76968 1.27978 2.18394
3.682e+07 1.70884 1.2809 2.13561
3.683e+07 1.64766 1.27973 2.08627
3.684e+07 1.58625 1.27629 2.03595
3.685e+07 1.5247 1.2706 1.98472
3.686e+07 1.46312 1.26266 1.93262
3.687e+07 1.40162 1.25251 1.87971
3.688e+07 1.34029 1.24016 1.82603
3.689e+07 1.27924 1.22566 1.77164
3.69e+07 1.21858 1.20902 1.71659
3.691e+07 1.1584 1.1903 1.66093
3.692e+07 1.0988 1.16953 1.60473
3.693e+07 1.03987 1.14675 1.54802
3.694e+07 0.981729 1.12201 1.49087
3.695e+07 0.924454 1.09537 1.43334
3.696e+07 0.868144 1.06688 1.37546
3.697e+07 0.812888 1.03659 1.31731
3.698e+07 0.758777 1.00456 1.25892
3.699e+07 0.705897 0.970869 1.20037
3.7e+07 0.654332 0.935568 1.14168
3.701e+07 0.604165 0.89873 1.08293
3.702e+07 0.555473 0.860426 1.02415
3.703e+07 0.508334 0.820729 0.965401
3.704e+07 0.462821 0.779713 0.906728
3.705e+07 0.419004 0.737458 0.848179
3.706e+07 0.37695 0.694041 0.7898
3.707e+07 0.336723 0.649545 0.731636
3.708e+07 0.298384 0.604052 0.673729
3.709e+07 0.261989 0.557646 0.616123
3.71e+07 0.227592 0.510413 0.558855
3.711e+07 0.195244 0.462439 0.501966
3.712e+07 0.164989 0.413813 0.445491
3.713e+07 0.13687 0.364622 0.389464
3.714e+07 0.110926 0.314957 0.333919
3.715e+07 0.0871908 0.264906 0.278886
3.716e+07 0.0656959 0.21456 0.224393
3.717e+07 0.0464675 0.16401 0.170465
3.718e+07 0.0295282 0.113345 0.117128
3.719e+07 0.0148966 0.0626563 0.0644028
3.72e+07 0.00258729 0.0120335 0.0123085
3.721e+07 -0.00738943 -0.0384338 0.0391377
3.722e+07 -0.0150272 -0.0886566 0.0899211
3.723e+07 -0.0203237 -0.138547 0.140029
3.724e+07 -0.0232808 -0.188016 0.189452
3.725e+07 -0.0239044 -0.23698 0.238183
3.726e+07 -0.0222044 -0.285352 0.286215
3.727e+07 -0.0181947 -0.333049 0.333545
3.728e+07 -0.0118932 -0.379988 0.380174
3.729e+07 -0.00332171 -0.426089 0.426102
3.73e+07 0.00749404 -0.471273 0.471333
3.731e+07 0.0205246 -0.515463 0.515872
3.732e+07 0.0357366 -0.558584 0.559726
3.733e+07 0.0530931 -0.600563 0.602905
3.734e+07 0.0725535 -0.641329 0.64542
3.735e+07 0.0940738 -0.680815 0.687284
3.736e+07 0.117606 -0.718955 0.72851
3.737e+07 0.1431 -0.755685 0.769114
3.738e+07 0.170502 -0.790945 0.809113
3.739e+07 0.199753 -0.824678 0.848525
3.74e+07 0.230793 -0.856829 0.887367
3.741e+07 0.26356 -0.887346 0.92566
3.742e+07 0.297988 -0.916181 0.963423
3.743e+07 0.334006 -0.943288 1.00068
3.744e+07 0.371545 -0.968625 1.03744
3.745e+07 0.41053 -0.992153 1.07373
3.746e+07 0.450886 -1.01384 1.10958
3.747e+07 0.492534 -1.03364 1.14499
3.748e+07 0.535394 -1.05154 1.17999
3.749e+07 0.579384 -1.06751 1.21461
3.75e+07 0.62442 -1.08153 1.24884
3.751e+07 0.670417 -1.09357 1.28271
3.752e+07 0.717288 -1.10363 1.31624
3.753e+07 0.764945 -1.11169 1.34944
3.754e+07 0.813299 -1.11774 1.38232
3.755e+07 0.862261 -1.12179 1.41489
3.756e+07 0.911738 -1.12383 1.44715
3.757e+07 0.96164 -1.12385 1.47912
3.758e+07 1.01188 -1.12188 1.5108
3.759e+07 1.06235 -1.11792 1.54219
3.76e+07 1.11298 -1.11198 1.57328
3.761e+07 1.16366 -1.10409 1.60409
3.762e+07 1.2143 -1.09425 1.6346
3.763e+07 1.26482 -1.0825 1.6648
3.764e+07 1.31511 -1.06886 1.69469
3.765e+07 1.3651 -1.05336 1.72426
3.766e+07 1.41469 -1.03604 1.75348
3.767e+07 1.46379 -1.01693 1.78236
3.768e+07 1.51231 -0.996068 1.81086
3.769e+07 1.56017 -0.973504 1.83898
3.77e+07 1.60728 -0.949281 1.86668
3.771e+07 1.65356 -0.923447 1.89394
3.772e+07 1.69893 -0.896053 1.92075
3.773e+07 1.7433 -0.867152 1.94707
3.774e+07 1.78661 -0.836801 1.97287
3.775e+07 1.82877 -0.805057 1.99812
3.776e+07 1.8697 -0.771983 2.02281
3.777e+07 1.90935 -0.737641 2.04688
3.778e+07 1.94763 -0.702095 2.07032
3.779e+07 1.98449 -0.665414 2.09308
3.78e+07 2.01986 -0.627665 2.11513
3.781e+07 2.05368 -0.588919 2.13645
3.782e+07 2.08588 -0.549248 2.15699
3.783e+07 2.11643 -0.508725 2.17671
3.784e+07 2.14526 -0.467425 2.19559
3.785e+07 2.17232 -0.425424 2.21359
3.786e+07 2.19757 -0.382799 2.23066
3.787e+07 2.22098 -0.339627 2.24679
3.788e+07 2.24249 -0.295986 2.26194
3.789e+07 2.26207 -0.251956 2.27606
3.79e+07 2.2797 -0.207615 2.28913
3.791e+07 2.29534 -0.163044 2.30112
3.792e+07 2.30897 -0.118323 2.312
3.793e+07 2.32057 -0.0735307 2.32173
3.794e+07 2.33011 -0.0287475 2.33029
3.795e+07 2.33759 0.0159473 2.33765
3.796e+07 2.343 0.0604744 2.34378
3.797e+07 2.34633 0.104756 2.34867
3.798e+07 2.34757 0.148713 2.35228
3.799e+07 2.34673 0.192269 2.35459
3.8e+07 2.34381 0.235348 2.3556
3.801e+07 2.33882 0.277875 2.35527
3.802e+07 2.33176 0.319776 2.35359
3.803e+07 2.32267 0.360979 2.35055
3.804e+07 2.31154 0.401412 2.34614
3.805e+07 2.29842 0.441007 2.34034
3.806e+07 2.28331 0.479695 2.33316
3.807e+07 2.26626 0.517411 2.32457
3.808e+07 2.24728 0.554091 2.31458
3.809e+07 2.22643 0.589672 2.30319
3.81e+07 2.20373 0.624095 2.2904
3.811e+07 2.17923 0.657302 2.2762
3.812e+07 2.15298 0.689238 2.26061
3.813e+07 2.12501 0.71985 2.24363
3.814e+07 2.09539 0.749088 2.22526
3.815e+07 2.06417 0.776904 2.20553
3.816e+07 2.03139 0.803253 2.18444
3.817e+07 1.99713 0.828093 2.162
3.818e+07 1.96144 0.851384 2.13825
3.819e+07 1.92438 0.873089 2.11318
3.82e+07 1.88603 0.893174 2.08683
3.821e+07 1.84644 0.91161 2.05922
3.822e+07 1.8057 0.928368 2.03037
3.823e+07 1.76386 0.943422 2.00031
3.824e+07 1.72101 0.956753 1.96907
3.825e+07 1.67722 0.968341 1.93668
3.826e+07 1.63256 0.97817 1.90317
3.827e+07 1.58711 0.986229 1.86857
3.828e+07 1.54096 0.992509 1.83293
3.829e+07 1.49418 0.997003 1.79627
3.83e+07 1.44685 0.999709 1.75863
3.831e+07 1.39905 1.00063 1.72006
3.832e+07 1.35087 0.999762 1.68059
3.833e+07 1.3024 0.99712 1.64027
3.834e+07 1.2537 0.992711 1.59914
3.835e+07 1.20487 0.986547 1.55724
3.836e+07 1.15599 0.978646 1.51461
3.837e+07 1.10713 0.969025 1.47131
3.838e+07 1.0584 0.957709 1.42738
3.839e+07 1.00986 0.94472 1.38286
3.84e+07 0.961595 0.930088 1.33781
3.841e+07 0.913694 0.913843 1.29226
3.842e+07 0.866232 0.896019 1.24628
3.843e+07 0.81929 0.876651 1.1999
3.844e+07 0.772946 0.85578 1.15317
3.845e+07 0.727276 0.833446 1.10615
3.846e+07 0.682357 0.809693 1.05887
3.847e+07 0.638262 0.784568 1.0114
3.848e+07 0.595065 0.758119 0.963766
3.849e+07 0.552835 0.730396 0.916027
3.85e+07 0.511642 0.701454 0.868225
3.851e+07 0.471552 0.671347 0.820407
3.852e+07 0.432632 0.640131 0.772617
3.853e+07 0.394942 0.607865 0.724899
3.854e+07 0.358544 0.57461 0.677297
3.855e+07 0.323495 0.540428 0.62985
3.856e+07 0.289851 0.505381 0.582601
3.857e+07 0.257665 0.469535 0.535588
3.858e+07 0.226987 0.432956 0.48885
3.859e+07 0.197864 0.39571 0.442421
3.86e+07 0.170341 0.357866 0.396339
3.861e+07 0.14446 0.319492 0.350634
3.862e+07 0.120259 0.280659 0.305339
3.863e+07 0.0977743 0.241437 0.260483
3.864e+07 0.077038 0.201896 0.216094
3.865e+07 0.0580799 0.162107 0.172197
3.866e+07 0.0409262 0.122142 0.128816
3.867e+07 0.0256 0.0820726 0.0859725
3.868e+07 0.0121212 0.0419701 0.0436853
3.869e+07 0.000506355 0.00190566 0.00197179
3.87e+07 -0.00923124 -0.0380495 0.0391533
3.871e+07 -0.0170816 -0.0778247 0.0796773
3.872e+07 -0.0230381 -0.11735 0.11959
3.873e+07 -0.0270974 -0.156555 0.158883
3.874e+07 -0.0292594 -0.195373 0.197551
3.875e+07 -0.0295274 -0.233734 0.235591
3.876e+07 -0.0279081 -0.271571 0.273002
3.877e+07 -0.0244113 -0.308821 0.309784
3.878e+07 -0.01905 -0.345416 0.345941
3.879e+07 -0.0118407 -0.381295 0.381479
3.88e+07 -0.00280285 -0.416396 0.416405
3.881e+07 0.0080409 -0.450658 0.45073
3.882e+07 0.0206648 -0.484023 0.484464
3.883e+07 0.03504 -0.516434 0.517622
3.884e+07 0.0511347 -0.547837 0.550218
3.885e+07 0.0689143 -0.578177 0.58227
3.886e+07 0.0883411 -0.607405 0.613796
3.887e+07 0.109375 -0.635471 0.644815
3.888e+07 0.131973 -0.662329 0.675349
3.889e+07 0.156088 -0.687934 0.705419
3.89e+07 0.181674 -0.712244 0.735049
3.891e+07 0.208679 -0.735219 0.764261
3.892e+07 0.237051 -0.756823 0.793079
3.893e+07 0.266733 -0.777021 0.821528
3.894e+07 0.297669 -0.795781 0.849631
3.895e+07 0.329799 -0.813072 0.877413
3.896e+07 0.363061 -0.82887 0.904897
3.897e+07 0.397394 -0.843149 0.932106
3.898e+07 0.43273 -0.855888 0.959062
3.899e+07 0.469005 -0.867069 0.985786
3.9e+07 0.506149 -0.876676 1.0123
3.901e+07 0.544094 -0.884696 1.03862
3.902e+07 0.582768 -0.89112 1.06476
3.903e+07 0.622101 -0.89594 1.09074
3.904e+07 0.662019 -0.899152 1.11658
3.905e+07 0.702449 -0.900755 1.14228
3.906e+07 0.743317 -0.90075 1.16785
3.907e+07 0.784548 -0.899141 1.1933
3.908e+07 0.826065 -0.895936 1.21864
3.909e+07 0.867795 -0.891145 1.24387
3.91e+07 0.909661 -0.88478 1.26898
3.911e+07 0.951587 -0.876857 1.29398
3.912e+07 0.993497 -0.867393 1.31887
3.913e+07 1.03532 -0.856411 1.34362
3.914e+07 1.07697 -0.843934 1.36824
3.915e+07 1.11838 -0.829987 1.39271
3.916e+07 1.15948 -0.814599 1.41702
3.917e+07 1.20018 -0.797802 1.44116
3.918e+07 1.24043 -0.779629 1.46509
3.919e+07 1.28014 -0.760117 1.48881
3.92e+07 1.31925 -0.739302 1.51228
3.921e+07 1.35769 -0.717226 1.53549
3.922e+07 1.39539 -0.693932 1.55841
3.923e+07 1.43227 -0.669463 1.58101
3.924e+07 1.46829 -0.643866 1.60326
3.925e+07 1.50337 -0.617191 1.62513
3.926e+07 1.53746 -0.589486 1.64659
3.927e+07 1.57048 -0.560805 1.66761
3.928e+07 1.6024 -0.5312 1.68815
3.929e+07 1.63314 -0.500727 1.70818
3.93e+07 1.66267 -0.469441 1.72767
3.931e+07 1.69091 -0.437402 1.74657
3.932e+07 1.71784 -0.404666 1.76486
3.933e+07 1.7434 -0.371296 1.7825
3.934e+07 1.76754 -0.337351 1.79945
3.935e+07 1.79023 -0.302893 1.81568
3.936e+07 1.81143 -0.267986 1.83115
3.937e+07 1.8311 -0.232691 1.84583
3.938e+07 1.84922 -0.197073 1.85969
3.939e+07 1.86573 -0.161196 1.87268
3.94e+07 1.88063 -0.125125 1.88479
3.941e+07 1.89389 -0.0889237 1.89598
3.942e+07 1.90548 -0.052657 1.90621
3.943e+07 1.91539 -0.0163896 1.91546
3.944e+07 1.9236 0.019814 1.9237
3.945e+07 1.9301 0.0558897 1.93091
3.946e+07 1.93488 0.0917737 1.93705
3.947e+07 1.93792 0.127403 1.94211
3.948e+07 1.93924 0.162714 1.94606
3.949e+07 1.93883 0.197645 1.94888
3.95e+07 1.93668 0.232136 1.95055
3.951e+07 1.93282 0.266126 1.95105
3.952e+07 1.92724 0.299556 1.95038
3.953e+07 1.91995 0.332368 1.94851
3.954e+07 1.91098 0.364504 1.94543
3.955e+07 1.90033 0.395911 1.94113
3.956e+07 1.88803 0.426534 1.93562
3.957e+07 1.87411 0.456319 1.92886
3.958e+07 1.85858 0.485218 1.92088
3.959e+07 1.84149 0.513179 1.91165
3.96e+07 1.82285 0.540157 1.90119
3.961e+07 1.8027 0.566105 1.8895
3.962e+07 1.78108 0.59098 1.87657
3.963e+07 1.75803 0.614741 1.86241
3.964e+07 1.73359 0.637348 1.84704
3.965e+07 1.70781 0.658763 1.83046
3.966e+07 1.68072 0.678953 1.81268
3.967e+07 1.65238 0.697883 1.79371
3.968e+07 1.62285 0.715523 1.77358
3.969e+07 1.59216 0.731846 1.7523
3.97e+07 1.56038 0.746825 1.72989
3.971e+07 1.52756 0.760437 1.70637
3.972e+07 1.49376 0.772661 1.68177
3.973e+07 1.45905 0.78348 1.6561
3.974e+07 1.42347 0.792877 1.62939
3.975e+07 1.38709 0.800839 1.60168
3.976e+07 1.34998 0.807355 1.57298
3.977e+07 1.31221 0.812418 1.54334
3.978e+07 1.27383 0.816023 1.51279
3.979e+07 1.23491 0.818165 1.48135
3.98e+07 1.19552 0.818845 1.44906
3.981e+07 1.15574 0.818066 1.41597
3.982e+07 1.11562 0.815833 1.3821
3.983e+07 1.07524 0.812152 1.34749
3.984e+07 1.03466 0.807034 1.31219
3.985e+07 0.993966 0.800492 1.27623
3.986e+07 0.953214 0.792541 1.23965
3.987e+07 0.912479 0.783198 1.2025
3.988e+07 0.871829 0.772483 1.16482
3.989e+07 0.831334 0.760419 1.12666
3.99e+07 0.791063 0.74703 1.08804
3.991e+07 0.751084 0.732344 1.04903
3.992e+07 0.711464 0.716389 1.00965
3.993e+07 0.672271 0.699198 0.969962
3.994e+07 0.633571 0.680803 0.930003
3.995e+07 0.595428 0.661241 0.889817
3.996e+07 0.557907 0.640548 0.849448
3.997e+07 0.52107 0.618765 0.80894
3.998e+07 0.484979 0.595933 0.768336
3.999e+07 0.449693 0.572094 0.727678
4e+07 0.415272 0.547294 0.687009
4.001e+07 0.381771 0.521579 0.64637
4.002e+07 0.349246 0.494997 0.605801
4.003e+07 0.31775 0.467598 0.565343
4.004e+07 0.287334 0.439431 0.525034
4.005e+07 0.258049 0.410549 0.484912
4.006e+07 0.22994 0.381006 0.445014
4.007e+07 0.203053 0.350854 0.405375
4.008e+07 0.177432 0.320149 0.366029
4.009e+07 0.153116 0.288947 0.327009
4.01e+07 0.130144 0.257305 0.288346
4.011e+07 0.108551 0.22528 0.250069
4.012e+07 0.0883714 0.19293 0.212206
4.013e+07 0.0696353 0.160312 0.174783
4.014e+07 0.0523711 0.127487 0.137825
4.015e+07 0.0366043 0.0945118 0.101353
4.016e+07 0.0223577 0.0614462 0.0653874
4.017e+07 0.00965161 0.0283492 0.0299472
4.018e+07 -0.00149664 -0.00472031 0.0049519
4.019e+07 -0.0110723 -0.0377037 0.0392959
4.02e+07 -0.0190636 -0.0705425 0.073073
4.021e+07 -0.0254613 -0.103179 0.106274
4.022e+07 -0.0302592 -0.135555 0.138891
4.023e+07 -0.0334537 -0.167613 0.170919
4.024e+07 -0.0350442 -0.199299 0.202356
