freq Xk_re Xk_im Xk_mag Xk_err
2.225e+07 0.0417747 -0.274924 0.27808
2.226e+07 0.0400409 -0.237605 0.240956
2.227e+07 0.0369625 -0.19979 0.20318
2.228e+07 0.0325399 -0.161545 0.164789
2.229e+07 0.026776 -0.122937 0.125819
2.23e+07 0.0196759 -0.0840342 0.086307
2.231e+07 0.0112471 -0.0449058 0.0462929
2.232e+07 0.0014995 -0.00562087 0.00581744
2.233e+07 -0.00955484 0.033751 0.0350775
2.234e+07 -0.0219014 0.0731399 0.0763487
2.235e+07 -0.0355235 0.112476 0.117952
2.236e+07 -0.0504021 0.151688 0.159843
2.237e+07 -0.066516 0.190707 0.201974
2.238e+07 -0.0838417 0.229463 0.2443
2.239e+07 -0.102354 0.267885 0.286773
2.24e+07 -0.122024 0.305906 0.329346
2.241e+07 -0.142823 0.343457 0.371969
2.242e+07 -0.164719 0.380469 0.414595
2.243e+07 -0.187678 0.416875 0.457174
2.244e+07 -0.211663 0.452611 0.499658
2.245e+07 -0.236639 0.48761 0.541998
2.246e+07 -0.262564 0.521809 0.584144
2.247e+07 -0.289398 0.555145 0.626049
2.248e+07 -0.317098 0.587558 0.667664
2.249e+07 -0.34562 0.618987 0.708941
2.25e+07 -0.374917 0.649375 0.749833
2.251e+07 -0.404941 0.678665 0.790293
2.252e+07 -0.435644 0.706804 0.830276
2.253e+07 -0.466977 0.733738 0.869735
2.254e+07 -0.498886 0.759417 0.908626
2.255e+07 -0.53132 0.783794 0.946907
2.256e+07 -0.564225 0.806821 0.984536
2.257e+07 -0.597546 0.828456 1.02147
2.258e+07 -0.631229 0.848657 1.05767
2.259e+07 -0.665217 0.867384 1.0931
2.26e+07 -0.699453 0.884602 1.12772
2.261e+07 -0.73388 0.900278 1.1615
2.262e+07 -0.768439 0.914379 1.1944
2.263e+07 -0.803073 0.926877 1.22639
2.264e+07 -0.837723 0.937748 1.25744
2.265e+07 -0.872331 0.946967 1.28752
2.266e+07 -0.906837 0.954517 1.31661
2.267e+07 -0.941184 0.960379 1.34468
2.268e+07 -0.975311 0.964539 1.3717
2.269e+07 -1.00916 0.966988 1.39767
2.27e+07 -1.04268 0.967716 1.42255
2.271e+07 -1.0758 0.96672 1.44634
2.272e+07 -1.10847 0.963997 1.46901
2.273e+07 -1.14064 0.959548 1.49057
2.274e+07 -1.17225 0.953379 1.51099
2.275e+07 -1.20324 0.945495 1.53028
2.276e+07 -1.23356 0.935909 1.54842
2.277e+07 -1.26315 0.924633 1.56541
2.278e+07 -1.29198 0.911684 1.58126
2.279e+07 -1.31997 0.897082 1.59596
2.28e+07 -1.3471 0.880849 1.60952
2.281e+07 -1.3733 0.86301 1.62195
2.282e+07 -1.39853 0.843594 1.63326
2.283e+07 -1.42275 0.822633 1.64345
2.284e+07 -1.44591 0.80016 1.65255
2.285e+07 -1.46798 0.776212 1.66056
2.286e+07 -1.48891 0.75083 1.66751
2.287e+07 -1.50866 0.724054 1.67342
2.288e+07 -1.52721 0.69593 1.6783
2.289e+07 -1.54451 0.666504 1.68219
2.29e+07 -1.56054 0.635828 1.6851
2.291e+07 -1.57527 0.603952 1.68707
2.292e+07 -1.58866 0.570931 1.68813
2.293e+07 -1.6007 0.536821 1.68831
2.294e+07 -1.61135 0.501681 1.68764
2.295e+07 -1.62061 0.465571 1.68616
2.296e+07 -1.62846 0.428554 1.6839
2.297e+07 -1.63487 0.390692 1.6809
2.298e+07 -1.63983 0.352053 1.6772
2.299e+07 -1.64334 0.312702 1.67283
2.3e+07 -1.64539 0.27271 1.66783
2.301e+07 -1.64597 0.232144 1.66226
2.302e+07 -1.64507 0.191077 1.65613
2.303e+07 -1.64271 0.149581 1.6495
2.304e+07 -1.63887 0.107729 1.64241
2.305e+07 -1.63357 0.0655931 1.63489
2.306e+07 -1.62681 0.0232495 1.62698
2.307e+07 -1.61861 -0.0192275 1.61872
2.308e+07 -1.60897 -0.0617624 1.61015
2.309e+07 -1.59791 -0.10428 1.60131
2.31e+07 -1.58545 -0.146703 1.59222
2.311e+07 -1.57161 -0.188958 1.58293
2.312e+07 -1.55641 -0.230968 1.57345
2.313e+07 -1.53987 -0.272657 1.56382
2.314e+07 -1.52203 -0.313951 1.55407
2.315e+07 -1.50291 -0.354776 1.54422
2.316e+07 -1.48255 -0.395058 1.53428
2.317e+07 -1.46097 -0.434723 1.52428
2.318e+07 -1.43823 -0.4737 1.51423
2.319e+07 -1.41434 -0.511918 1.50414
2.32e+07 -1.38937 -0.549308 1.49401
2.321e+07 -1.36334 -0.585799 1.48386
2.322e+07 -1.3363 -0.621327 1.47369
2.323e+07 -1.30831 -0.655825 1.46348
2.324e+07 -1.2794 -0.689229 1.45324
2.325e+07 -1.24964 -0.721478 1.44296
2.326e+07 -1.21906 -0.752512 1.43261
2.327e+07 -1.18773 -0.782273 1.4222
2.328e+07 -1.1557 -0.810704 1.41169
2.329e+07 -1.12302 -0.837753 1.40107
2.33e+07 -1.08975 -0.863367 1.39031
2.331e+07 -1.05596 -0.887499 1.37939
2.332e+07 -1.0217 -0.910101 1.36827
2.333e+07 -0.987028 -0.931131 1.35692
2.334e+07 -0.952012 -0.950547 1.34531
2.335e+07 -0.916712 -0.968311 1.33341
2.336e+07 -0.881191 -0.984387 1.32118
2.337e+07 -0.845513 -0.998743 1.30858
2.338e+07 -0.809742 -1.01135 1.29557
2.339e+07 -0.773943 -1.02218 1.28212
2.34e+07 -0.73818 -1.03121 1.26819
2.341e+07 -0.702519 -1.03843 1.25374
2.342e+07 -0.667023 -1.0438 1.23873
2.343e+07 -0.631757 -1.04733 1.22312
2.344e+07 -0.596787 -1.049 1.20687
2.345e+07 -0.562176 -1.04879 1.18996
2.346e+07 -0.527988 -1.04672 1.17235
2.347e+07 -0.494286 -1.04277 1.15399
2.348e+07 -0.461133 -1.03696 1.13487
2.349e+07 -0.42859 -1.02928 1.11495
2.35e+07 -0.396718 -1.01975 1.0942
2.351e+07 -0.365578 -1.00837 1.0726
2.352e+07 -0.335227 -0.995173 1.05012
2.353e+07 -0.305723 -0.980167 1.02674
2.354e+07 -0.277122 -0.963377 1.00244
2.355e+07 -0.24948 -0.944829 0.977212
2.356e+07 -0.222849 -0.924552 0.95103
2.357e+07 -0.197281 -0.902579 0.923888
2.358e+07 -0.172826 -0.878943 0.895774
2.359e+07 -0.149532 -0.853685 0.866682
2.36e+07 -0.127446 -0.826843 0.836608
2.361e+07 -0.106611 -0.798464 0.80555
2.362e+07 -0.0870707 -0.768593 0.773509
2.363e+07 -0.0688641 -0.73728 0.740489
2.364e+07 -0.0520294 -0.704578 0.706497
2.365e+07 -0.0366022 -0.670542 0.67154
2.366e+07 -0.0226159 -0.635229 0.635632
2.367e+07 -0.0101011 -0.598699 0.598784
2.368e+07 0.000913581 -0.561014 0.561015
2.369e+07 0.0104024 -0.522238 0.522342
2.37e+07 0.0183422 -0.482439 0.482787
2.371e+07 0.0247122 -0.441684 0.442374
2.372e+07 0.0294945 -0.400043 0.401129
2.373e+07 0.032674 -0.357589 0.359079
2.374e+07 0.034238 -0.314396 0.316254
2.375e+07 0.0341769 -0.270538 0.272688
2.376e+07 0.0324837 -0.226092 0.228413
2.377e+07 0.0291545 -0.181135 0.183467
2.378e+07 0.0241878 -0.135747 0.137886
2.379e+07 0.0175854 -0.0900079 0.0917097
2.38e+07 0.00935167 -0.0439973 0.0449802
2.381e+07 -0.000506105 0.00220312 0.0022605
2.382e+07 -0.0119778 0.0485116 0.0499684
2.383e+07 -0.0250503 0.0948459 0.0980982
2.384e+07 -0.039708 0.141124 0.146604
2.385e+07 -0.0559321 0.187262 0.195437
2.386e+07 -0.0737013 0.233179 0.244549
2.387e+07 -0.0929914 0.278792 0.293892
2.388e+07 -0.113776 0.324019 0.343414
2.389e+07 -0.136024 0.368779 0.393066
2.39e+07 -0.159706 0.412991 0.442795
2.391e+07 -0.184784 0.456574 0.492549
2.392e+07 -0.211223 0.49945 0.542278
2.393e+07 -0.238983 0.54154 0.591928
2.394e+07 -0.268021 0.582768 0.641447
2.395e+07 -0.298293 0.623058 0.690782
2.396e+07 -0.329751 0.662337 0.739882
2.397e+07 -0.362348 0.70053 0.788695
2.398e+07 -0.396032 0.737569 0.837168
2.399e+07 -0.43075 0.773384 0.88525
2.4e+07 -0.466446 0.807908 0.932892
2.401e+07 -0.503064 0.841077 0.980042
2.402e+07 -0.540545 0.872827 1.02665
2.403e+07 -0.578828 0.9031 1.07268
2.404e+07 -0.617852 0.931838 1.11806
2.405e+07 -0.657553 0.958985 1.16277
2.406e+07 -0.697866 0.984488 1.20675
2.407e+07 -0.738725 1.0083 1.24995
2.408e+07 -0.780063 1.03037 1.29235
2.409e+07 -0.821812 1.05066 1.33389
2.41e+07 -0.863903 1.06913 1.37454
2.411e+07 -0.906265 1.08573 1.41426
2.412e+07 -0.948828 1.10044 1.45301
2.413e+07 -0.991521 1.11323 1.49077
2.414e+07 -1.03427 1.12406 1.52749
2.415e+07 -1.07701 1.13291 1.56315
2.416e+07 -1.11966 1.13976 1.59772
2.417e+07 -1.16216 1.1446 1.63117
2.418e+07 -1.20442 1.14741 1.66348
2.419e+07 -1.24638 1.14817 1.69463
2.42e+07 -1.28797 1.14689 1.7246
2.421e+07 -1.32911 1.14356 1.75336
2.422e+07 -1.36974 1.13818 1.78092
2.423e+07 -1.40979 1.13076 1.80724
2.424e+07 -1.44918 1.1213 1.83233
2.425e+07 -1.48784 1.10981 1.85617
2.426e+07 -1.52572 1.09632 1.87876
2.427e+07 -1.56274 1.08083 1.90009
2.428e+07 -1.59885 1.06337 1.92017
2.429e+07 -1.63397 1.04397 1.939
2.43e+07 -1.66804 1.02266 1.95658
2.431e+07 -1.70101 0.999462 1.97291
2.432e+07 -1.73282 0.974424 1.98801
2.433e+07 -1.76341 0.94758 2.00188
2.434e+07 -1.79273 0.918975 2.01454
2.435e+07 -1.82072 0.888655 2.02601
2.436e+07 -1.84733 0.856669 2.0363
2.437e+07 -1.87252 0.82307 2.04543
2.438e+07 -1.89624 0.787913 2.05342
2.439e+07 -1.91844 0.751257 2.0603
2.44e+07 -1.9391 0.713163 2.06608
2.441e+07 -1.95816 0.673694 2.07081
2.442e+07 -1.97559 0.632919 2.0745
2.443e+07 -1.99137 0.590905 2.07719
2.444e+07 -2.00545 0.547724 2.07891
2.445e+07 -2.01782 0.50345 2.07968
2.446e+07 -2.02845 0.458159 2.07955
2.447e+07 -2.03732 0.411928 2.07854
2.448e+07 -2.0444 0.364838 2.0767
2.449e+07 -2.0497 0.31697 2.07406
2.45e+07 -2.05318 0.268407 2.07065
2.451e+07 -2.05485 0.219233 2.06651
2.452e+07 -2.0547 0.169535 2.06168
2.453e+07 -2.05272 0.1194 2.05619
2.454e+07 -2.04892 0.0689149 2.05008
2.455e+07 -2.04331 0.0181695 2.04339
2.456e+07 -2.03587 -0.0327469 2.03614
2.457e+07 -2.02664 -0.083744 2.02837
2.458e+07 -2.01562 -0.134731 2.02012
2.459e+07 -2.00283 -0.185618 2.01141
2.46e+07 -1.98828 -0.236313 2.00228
2.461e+07 -1.97201 -0.286726 1.99274
2.462e+07 -1.95403 -0.336767 1.98284
2.463e+07 -1.93438 -0.386344 1.97258
2.464e+07 -1.91308 -0.435369 1.96199
2.465e+07 -1.89018 -0.483753 1.9511
2.466e+07 -1.86571 -0.531409 1.93991
2.467e+07 -1.83971 -0.578248 1.92844
2.468e+07 -1.81222 -0.624186 1.9167
2.469e+07 -1.7833 -0.669138 1.9047
2.47e+07 -1.75298 -0.713021 1.89245
2.471e+07 -1.72133 -0.755755 1.87993
2.472e+07 -1.6884 -0.79726 1.86717
2.473e+07 -1.65424 -0.837459 1.85414
2.474e+07 -1.61891 -0.876276 1.84085
2.475e+07 -1.58247 -0.913639 1.82728
2.476e+07 -1.54499 -0.949477 1.81342
2.477e+07 -1.50653 -0.983722 1.79926
2.478e+07 -1.46716 -1.01631 1.78478
2.479e+07 -1.42694 -1.04717 1.76995
2.48e+07 -1.38596 -1.07626 1.75477
2.481e+07 -1.34427 -1.1035 1.73919
2.482e+07 -1.30196 -1.12886 1.7232
2.483e+07 -1.2591 -1.15227 1.70677
2.484e+07 -1.21577 -1.17369 1.68987
2.485e+07 -1.17204 -1.19308 1.67246
2.486e+07 -1.12799 -1.2104 1.65452
2.487e+07 -1.08371 -1.2256 1.63601
2.488e+07 -1.03926 -1.23867 1.6169
2.489e+07 -0.994735 -1.24956 1.59715
2.49e+07 -0.950213 -1.25825 1.57673
2.491e+07 -0.905775 -1.26472 1.55562
2.492e+07 -0.861502 -1.26895 1.53376
2.493e+07 -0.817475 -1.27093 1.51114
2.494e+07 -0.773776 -1.27065 1.48771
2.495e+07 -0.730485 -1.2681 1.46345
2.496e+07 -0.687682 -1.26328 1.43832
2.497e+07 -0.645448 -1.25619 1.41231
2.498e+07 -0.603862 -1.24683 1.38537
2.499e+07 -0.563002 -1.23523 1.35748
2.5e+07 -0.522945 -1.22138 1.32863
2.501e+07 -0.483768 -1.20532 1.29878
2.502e+07 -0.445545 -1.18706 1.26792
2.503e+07 -0.40835 -1.16662 1.23602
2.504e+07 -0.372254 -1.14404 1.20308
2.505e+07 -0.337329 -1.11935 1.16908
2.506e+07 -0.303643 -1.09259 1.134
2.507e+07 -0.271261 -1.06381 1.09785
2.508e+07 -0.24025 -1.03303 1.0606
2.509e+07 -0.210671 -1.00032 1.02227
2.51e+07 -0.182585 -0.965731 0.98284
2.511e+07 -0.156048 -0.929312 0.942322
2.512e+07 -0.131118 -0.891124 0.900718
2.513e+07 -0.107845 -0.851231 0.858035
2.514e+07 -0.0862804 -0.809698 0.814282
2.515e+07 -0.0664712 -0.766594 0.76947
2.516e+07 -0.0484617 -0.721992 0.723616
2.517e+07 -0.032293 -0.675965 0.676736
2.518e+07 -0.0180036 -0.628592 0.62885
2.519e+07 -0.00562855 -0.579953 0.579981
2.52e+07 0.0048002 -0.530131 0.530153
2.521e+07 0.013254 -0.47921 0.479393
2.522e+07 0.0197074 -0.427277 0.427732
2.523e+07 0.0241386 -0.374423 0.3752
2.524e+07 0.026529 -0.320738 0.321833
2.525e+07 0.0268635 -0.266315 0.267667
2.526e+07 0.0251307 -0.211249 0.212739
2.527e+07 0.0213225 -0.155636 0.15709
2.528e+07 0.0154345 -0.0995726 0.100762
2.529e+07 0.00746608 -0.0431576 0.0437986
2.53e+07 -0.00258013 0.0135098 0.013754
2.531e+07 -0.0146976 0.0703296 0.0718489
2.532e+07 -0.0288764 0.127201 0.130438
2.533e+07 -0.0451028 0.184023 0.18947
2.534e+07 -0.0633596 0.240695 0.248895
2.535e+07 -0.0836258 0.297115 0.308659
2.536e+07 -0.105877 0.353182 0.36871
2.537e+07 -0.130086 0.408795 0.428994
2.538e+07 -0.15622 0.463854 0.489454
2.539e+07 -0.184245 0.518259 0.550035
2.54e+07 -0.214122 0.571911 0.610681
2.541e+07 -0.24581 0.624713 0.671334
2.542e+07 -0.279265 0.676568 0.731937
2.543e+07 -0.314436 0.72738 0.792434
2.544e+07 -0.351275 0.777056 0.852766
2.545e+07 -0.389725 0.825503 0.912875
2.546e+07 -0.42973 0.872633 0.972706
2.547e+07 -0.471229 0.918356 1.0322
2.548e+07 -0.514159 0.962587 1.0913
2.549e+07 -0.558455 1.00524 1.14995
2.55e+07 -0.604048 1.04624 1.2081
2.551e+07 -0.650866 1.08551 1.26568
2.552e+07 -0.698838 1.12296 1.32265
2.553e+07 -0.747886 1.15853 1.37896
2.554e+07 -0.797935 1.19215 1.43454
2.555e+07 -0.848902 1.22375 1.48936
2.556e+07 -0.900709 1.25327 1.54336
2.557e+07 -0.953269 1.28064 1.59649
2.558e+07 -1.0065 1.30583 1.6487
2.559e+07 -1.06031 1.32876 1.69996
2.56e+07 -1.11462 1.3494 1.75022
2.561e+07 -1.16934 1.3677 1.79943
2.562e+07 -1.22437 1.38361 1.84756
2.563e+07 -1.27963 1.39711 1.89457
2.564e+07 -1.33503 1.40816 1.94042
2.565e+07 -1.39047 1.41673 1.98508
2.566e+07 -1.44585 1.42281 2.02851
2.567e+07 -1.5011 1.42636 2.0707
2.568e+07 -1.5561 1.42738 2.1116
2.569e+07 -1.61078 1.42585 2.15121
2.57e+07 -1.66504 1.42178 2.18948
2.571e+07 -1.71879 1.41515 2.22641
2.572e+07 -1.77193 1.40598 2.26197
2.573e+07 -1.82438 1.39426 2.29615
2.574e+07 -1.87604 1.38001 2.32894
2.575e+07 -1.92682 1.36326 2.36032
2.576e+07 -1.97665 1.34401 2.3903
2.577e+07 -2.02543 1.3223 2.41885
2.578e+07 -2.07307 1.29815 2.44598
2.579e+07 -2.1195 1.27161 2.47169
2.58e+07 -2.16462 1.2427 2.49598
2.581e+07 -2.20838 1.21148 2.51885
2.582e+07 -2.25067 1.17799 2.54031
2.583e+07 -2.29144 1.14227 2.56037
2.584e+07 -2.33061 1.1044 2.57904
2.585e+07 -2.3681 1.06442 2.59633
2.586e+07 -2.40386 1.02241 2.61225
2.587e+07 -2.43781 0.978422 2.62683
2.588e+07 -2.46989 0.932537 2.64007
2.589e+07 -2.50005 0.884827 2.65201
2.59e+07 -2.52823 0.835371 2.66266
2.591e+07 -2.55437 0.78425 2.67205
2.592e+07 -2.57844 0.731551 2.6802
2.593e+07 -2.60037 0.67736 2.68714
2.594e+07 -2.62014 0.621769 2.6929
2.595e+07 -2.63769 0.564873 2.6975
2.596e+07 -2.65301 0.506767 2.70098
2.597e+07 -2.66605 0.44755 2.70335
2.598e+07 -2.67679 0.387324 2.70467
2.599e+07 -2.68521 0.326193 2.70495
2.6e+07 -2.69128 0.264261 2.70423
2.601e+07 -2.695 0.201637 2.70253
2.602e+07 -2.69634 0.138428 2.6999
2.603e+07 -2.69531 0.074746 2.69635
2.604e+07 -2.69191 0.0107014 2.69193
2.605e+07 -2.68612 -0.0535929 2.68665
2.606e+07 -2.67796 -0.118023 2.68056
2.607e+07 -2.66744 -0.182476 2.67367
2.608e+07 -2.65456 -0.246837 2.66602
2.609e+07 -2.63936 -0.310991 2.65762
2.61e+07 -2.62185 -0.374823 2.64851
2.611e+07 -2.60206 -0.438218 2.6387
2.612e+07 -2.58001 -0.501063 2.62821
2.613e+07 -2.55574 -0.563243 2.61707
2.614e+07 -2.5293 -0.624646 2.60529
2.615e+07 -2.50071 -0.68516 2.59288
2.616e+07 -2.47004 -0.744674 2.57985
2.617e+07 -2.43732 -0.803077 2.56622
2.618e+07 -2.40262 -0.860264 2.55199
2.619e+07 -2.36599 -0.916126 2.53716
2.62e+07 -2.32749 -0.970561 2.52174
2.621e+07 -2.28718 -1.02346 2.50573
2.622e+07 -2.24514 -1.07474 2.48912
2.623e+07 -2.20144 -1.12429 2.47191
2.624e+07 -2.15614 -1.17201 2.45409
2.625e+07 -2.10934 -1.21783 2.43565
2.626e+07 -2.0611 -1.26164 2.41658
2.627e+07 -2.01152 -1.30336 2.39686
2.628e+07 -1.96067 -1.34292 2.37648
2.629e+07 -1.90866 -1.38022 2.35542
2.63e+07 -1.85556 -1.41521 2.33365
2.631e+07 -1.80147 -1.4478 2.31115
2.632e+07 -1.7465 -1.47793 2.28791
2.633e+07 -1.69073 -1.50554 2.26389
2.634e+07 -1.63426 -1.53056 2.23907
2.635e+07 -1.5772 -1.55295 2.21342
2.636e+07 -1.51965 -1.57265 2.18691
2.637e+07 -1.46172 -1.58962 2.15952
2.638e+07 -1.40351 -1.60382 2.13121
2.639e+07 -1.34511 -1.61521 2.10196
2.64e+07 -1.28666 -1.62376 2.07173
2.641e+07 -1.22824 -1.62944 2.0405
2.642e+07 -1.16996 -1.63224 2.00824
2.643e+07 -1.11195 -1.63213 1.97491
2.644e+07 -1.05429 -1.62911 1.94049
2.645e+07 -0.997108 -1.62316 1.90496
2.646e+07 -0.940504 -1.6143 1.86829
2.647e+07 -0.884587 -1.60252 1.83045
2.648e+07 -0.829462 -1.58783 1.79143
2.649e+07 -0.775235 -1.57025 1.75119
2.65e+07 -0.722012 -1.54979 1.70972
2.651e+07 -0.669894 -1.52649 1.66701
2.652e+07 -0.618984 -1.50036 1.62303
2.653e+07 -0.569383 -1.47146 1.57778
2.654e+07 -0.521188 -1.43981 1.53124
2.655e+07 -0.474496 -1.40546 1.4834
2.656e+07 -0.4294 -1.36847 1.43425
2.657e+07 -0.385994 -1.32888 1.3838
2.658e+07 -0.344367 -1.28676 1.33204
2.659e+07 -0.304604 -1.24217 1.27897
2.66e+07 -0.26679 -1.19518 1.22459
2.661e+07 -0.231007 -1.14587 1.16892
2.662e+07 -0.197331 -1.09431 1.11196
2.663e+07 -0.165838 -1.04058 1.05371
2.664e+07 -0.136598 -0.984776 0.994205
2.665e+07 -0.109679 -0.926985 0.933451
2.666e+07 -0.0851441 -0.8673 0.871469
2.667e+07 -0.0630542 -0.80582 0.808283
2.668e+07 -0.0434651 -0.742647 0.743918
2.669e+07 -0.0264287 -0.677885 0.6784
2.67e+07 -0.0119927 -0.611644 0.611762
2.671e+07 -0.000200826 -0.544035 0.544035
2.672e+07 0.00890788 -0.475172 0.475256
2.673e+07 0.0152986 -0.405173 0.405461
2.674e+07 0.0189413 -0.334156 0.334692
2.675e+07 0.0198102 -0.262243 0.26299
2.676e+07 0.0178845 -0.189559 0.190401
2.677e+07 0.013148 -0.11623 0.116971
2.678e+07 0.00558918 -0.0423818 0.0427488
2.679e+07 -0.00479846 0.0318552 0.0322146
2.68e+07 -0.0180167 0.106351 0.107867
2.681e+07 -0.0340624 0.180975 0.184153
2.682e+07 -0.0529276 0.255596 0.261018
2.683e+07 -0.0745994 0.330079 0.338404
2.684e+07 -0.0990599 0.404293 0.416252
2.685e+07 -0.126286 0.478105 0.494503
2.686e+07 -0.156251 0.551382 0.573094
2.687e+07 -0.188922 0.623992 0.651964
2.688e+07 -0.224262 0.695802 0.73105
2.689e+07 -0.262228 0.766682 0.810287
2.69e+07 -0.302775 0.836502 0.889611
2.691e+07 -0.34585 0.905134 0.968958
2.692e+07 -0.391397 0.972449 1.04826
2.693e+07 -0.439356 1.03832 1.12745
2.694e+07 -0.489663 1.10263 1.20647
2.695e+07 -0.542247 1.16526 1.28525
2.696e+07 -0.597035 1.22608 1.36372
2.697e+07 -0.653949 1.28498 1.44182
2.698e+07 -0.712908 1.34185 1.51948
2.699e+07 -0.773825 1.39658 1.59663
2.7e+07 -0.836612 1.44905 1.67322
2.701e+07 -0.901176 1.49918 1.74919
2.702e+07 -0.967419 1.54685 1.82446
2.703e+07 -1.03524 1.59197 1.89897
2.704e+07 -1.10454 1.63446 1.97268
2.705e+07 -1.17521 1.67422 2.04551
2.706e+07 -1.24714 1.71116 2.11741
2.707e+07 -1.32022 1.74522 2.18833
2.708e+07 -1.39434 1.77632 2.25821
2.709e+07 -1.46937 1.80439 2.32699
2.71e+07 -1.54521 1.82936 2.39463
2.711e+07 -1.62172 1.85118 2.46107
2.712e+07 -1.69879 1.8698 2.52627
2.713e+07 -1.7763 1.88516 2.59019
2.714e+07 -1.85411 1.89723 2.65277
2.715e+07 -1.93211 1.90596 2.71399
2.716e+07 -2.01016 1.91133 2.77379
2.717e+07 -2.08813 1.91331 2.83215
2.718e+07 -2.1659 1.91189 2.88902
2.719e+07 -2.24334 1.90704 2.94438
2.72e+07 -2.32033 1.89876 2.9982
2.721e+07 -2.39672 1.88706 3.05045
2.722e+07 -2.4724 1.87192 3.1011
2.723e+07 -2.54723 1.85337 3.15014
2.724e+07 -2.62109 1.83143 3.19754
2.725e+07 -2.69386 1.8061 3.24328
2.726e+07 -2.7654 1.77743 3.28736
2.727e+07 -2.8356 1.74545 3.32975
2.728e+07 -2.90434 1.7102 3.37045
2.729e+07 -2.97149 1.67172 3.40946
2.73e+07 -3.03694 1.63007 3.44676
2.731e+07 -3.10057 1.58531 3.48235
2.732e+07 -3.16228 1.5375 3.51623
2.733e+07 -3.22195 1.4867 3.54841
2.734e+07 -3.27948 1.43301 3.57889
2.735e+07 -3.33476 1.37649 3.60768
2.736e+07 -3.38769 1.31724 3.63477
2.737e+07 -3.43818 1.25534 3.66019
2.738e+07 -3.48614 1.19089 3.68394
2.739e+07 -3.53147 1.124 3.70603
2.74e+07 -3.5741 1.05477 3.72649
2.741e+07 -3.61394 0.983306 3.74532
2.742e+07 -3.65092 0.909732 3.76255
2.743e+07 -3.68496 0.834165 3.7782
2.744e+07 -3.716 0.756728 3.79227
2.745e+07 -3.74398 0.67755 3.8048
2.746e+07 -3.76885 0.596761 3.8158
2.747e+07 -3.79054 0.514499 3.8253
2.748e+07 -3.80902 0.430899 3.83332
2.749e+07 -3.82425 0.346105 3.83988
2.75e+07 -3.83618 0.260259 3.845
2.751e+07 -3.84479 0.17351 3.84871
2.752e+07 -3.85006 0.0860049 3.85102
2.753e+07 -3.85197 -0.00210367 3.85197
2.754e+07 -3.8505 -0.0906632 3.85157
2.755e+07 -3.84565 -0.179519 3.84984
2.756e+07 -3.83741 -0.268515 3.8468
2.757e+07 -3.8258 -0.357495 3.84247
2.758e+07 -3.81082 -0.446301 3.83687
2.759e+07 -3.7925 -0.534774 3.83001
2.76e+07 -3.77084 -0.622756 3.82192
2.761e+07 -3.74589 -0.710088 3.8126
2.762e+07 -3.71767 -0.796614 3.80206
2.763e+07 -3.68623 -0.882174 3.79032
2.764e+07 -3.65161 -0.966612 3.77738
2.765e+07 -3.61387 -1.04977 3.76325
2.766e+07 -3.57306 -1.1315 3.74794
2.767e+07 -3.52925 -1.21165 3.73145
2.768e+07 -3.4825 -1.29006 3.71377
2.769e+07 -3.4329 -1.36659 3.69491
2.77e+07 -3.38052 -1.44109 3.67486
2.771e+07 -3.32544 -1.51342 3.65363
2.772e+07 -3.26776 -1.58344 3.63119
2.773e+07 -3.20757 -1.65102 3.60755
2.774e+07 -3.14498 -1.71601 3.58268
2.775e+07 -3.08009 -1.77829 3.55658
2.776e+07 -3.01301 -1.83774 3.52924
2.777e+07 -2.94385 -1.89423 3.50063
2.778e+07 -2.87274 -1.94765 3.47073
2.779e+07 -2.79979 -1.99789 3.43953
2.78e+07 -2.72513 -2.04484 3.40701
2.781e+07 -2.6489 -2.08839 3.37314
2.782e+07 -2.57123 -2.12846 3.3379
2.783e+07 -2.49226 -2.16495 3.30127
2.784e+07 -2.41212 -2.19778 3.26321
2.785e+07 -2.33096 -2.22687 3.22371
2.786e+07 -2.24894 -2.25214 3.18274
2.787e+07 -2.16618 -2.27353 3.14027
2.788e+07 -2.08286 -2.29098 3.09627
2.789e+07 -1.99912 -2.30444 3.05072
2.79e+07 -1.91511 -2.31386 3.00359
2.791e+07 -1.83099 -2.31919 2.95486
2.792e+07 -1.74693 -2.32042 2.9045
2.793e+07 -1.66307 -2.3175 2.85247
2.794e+07 -1.57958 -2.31042 2.79878
2.795e+07 -1.49662 -2.29918 2.74337
2.796e+07 -1.41434 -2.28376 2.68625
2.797e+07 -1.33291 -2.26417 2.62738
2.798e+07 -1.25249 -2.24042 2.56675
2.799e+07 -1.17323 -2.21252 2.50434
2.8e+07 -1.09529 -2.1805 2.44014
2.801e+07 -1.01883 -2.1444 2.37413
2.802e+07 -0.944006 -2.10425 2.3063
2.803e+07 -0.870966 -2.0601 2.23665
2.804e+07 -0.799865 -2.012 2.16516
2.805e+07 -0.73085 -1.96002 2.09184
2.806e+07 -0.664068 -1.90421 2.01669
2.807e+07 -0.599663 -1.84467 1.93969
2.808e+07 -0.537775 -1.78147 1.86087
2.809e+07 -0.478541 -1.7147 1.78022
2.81e+07 -0.422094 -1.64445 1.69776
2.811e+07 -0.368566 -1.57084 1.6135
2.812e+07 -0.31808 -1.49396 1.52745
2.813e+07 -0.270759 -1.41394 1.43963
2.814e+07 -0.226719 -1.33089 1.35007
2.815e+07 -0.186071 -1.24495 1.25878
2.816e+07 -0.148924 -1.15625 1.1658
2.817e+07 -0.115378 -1.06492 1.07115
2.818e+07 -0.0855306 -0.971117 0.974876
2.819e+07 -0.0594715 -0.874985 0.877003
2.82e+07 -0.0372861 -0.77668 0.777574
2.821e+07 -0.0190531 -0.676361 0.67663
2.822e+07 -0.00484534 -0.574195 0.574215
2.823e+07 0.00527079 -0.470348 0.470378
2.824e+07 0.0112353 -0.364994 0.365167
2.825e+07 0.0129949 -0.258308 0.258635
2.826e+07 0.010503 -0.150471 0.150837
2.827e+07 0.00371988 -0.0416658 0.0418315
2.828e+07 -0.00738724 0.0679226 0.0683231
2.829e+07 -0.022844 0.178106 0.179565
2.83e+07 -0.0426688 0.288693 0.291829
2.831e+07 -0.0668729 0.399491 0.405049
2.832e+07 -0.0954603 0.510307 0.519159
2.833e+07 -0.128427 0.620945 0.634087
2.834e+07 -0.165763 0.731209 0.749762
2.835e+07 -0.20745 0.840901 0.866112
2.836e+07 -0.253461 0.949825 0.983062
2.837e+07 -0.303764 1.05778 1.10054
2.838e+07 -0.358317 1.16458 1.21846
2.839e+07 -0.417074 1.27001 1.33675
2.84e+07 -0.479977 1.3739 1.45532
2.841e+07 -0.546964 1.47603 1.57412
2.842e+07 -0.617964 1.57623 1.69304
2.843e+07 -0.692901 1.67429 1.81201
2.844e+07 -0.77169 1.77004 1.93094
2.845e+07 -0.854238 1.86329 2.04977
2.846e+07 -0.940447 1.95385 2.1684
2.847e+07 -1.03021 2.04155 2.28676
2.848e+07 -1.12342 2.12621 2.40476
2.849e+07 -1.21995 2.20767 2.52232
2.85e+07 -1.31968 2.28576 2.63936
2.851e+07 -1.42248 2.36031 2.75581
2.852e+07 -1.52821 2.43117 2.87158
2.853e+07 -1.63672 2.49818 2.9866
2.854e+07 -1.74787 2.56121 3.10079
2.855e+07 -1.86151 2.62012 3.21407
2.856e+07 -1.97746 2.67476 3.32637
2.857e+07 -2.09558 2.72502 3.43761
2.858e+07 -2.21568 2.77077 3.54773
2.859e+07 -2.33759 2.8119 3.65665
2.86e+07 -2.46114 2.8483 3.76431
2.861e+07 -2.58614 2.87988 3.87064
2.862e+07 -2.71241 2.90654 3.97557
2.863e+07 -2.83975 2.9282 4.07904
2.864e+07 -2.96798 2.94478 4.18099
2.865e+07 -3.0969 2.95623 4.28136
2.866e+07 -3.2263 2.96247 4.3801
2.867e+07 -3.356 2.96346 4.47714
2.868e+07 -3.48578 2.95916 4.57245
2.869e+07 -3.61544 2.94953 4.66596
2.87e+07 -3.74478 2.93456 4.75763
2.871e+07 -3.8736 2.91422 4.84741
2.872e+07 -4.00168 2.88851 4.93527
2.873e+07 -4.12881 2.85744 5.02116
2.874e+07 -4.2548 2.82102 5.10504
2.875e+07 -4.37943 2.77927 5.18688
2.876e+07 -4.5025 2.73222 5.26664
2.877e+07 -4.62381 2.67992 5.3443
2.878e+07 -4.74314 2.62241 5.41982
2.879e+07 -4.86031 2.55976 5.49317
2.88e+07 -4.97511 2.49202 5.56434
2.881e+07 -5.08735 2.4193 5.6333
2.882e+07 -5.19682 2.34166 5.70003
2.883e+07 -5.30335 2.2592 5.76451
2.884e+07 -5.40675 2.17204 5.82673
2.885e+07 -5.50683 2.08029 5.88666
2.886e+07 -5.60341 1.98407 5.94431
2.887e+07 -5.69633 1.88351 5.99965
2.888e+07 -5.78541 1.77876 6.05268
2.889e+07 -5.87048 1.66996 6.10339
2.89e+07 -5.9514 1.55726 6.15177
2.891e+07 -6.02801 1.44085 6.19782
2.892e+07 -6.10016 1.32088 6.24153
2.893e+07 -6.16771 1.19754 6.28289
2.894e+07 -6.23053 1.07102 6.32192
2.895e+07 -6.2885 0.941508 6.35859
2.896e+07 -6.3415 0.80921 6.39292
2.897e+07 -6.38941 0.674332 6.42489
2.898e+07 -6.43213 0.537088 6.45452
2.899e+07 -6.46957 0.397699 6.48179
2.9e+07 -6.50165 0.256389 6.5067
2.901e+07 -6.52828 0.113389 6.52926
2.902e+07 -6.54939 -0.0310649 6.54946
2.903e+07 -6.56492 -0.176733 6.5673
2.904e+07 -6.57483 -0.323373 6.58278
2.905e+07 -6.57906 -0.470734 6.59588
2.906e+07 -6.5776 -0.618567 6.60662
2.907e+07 -6.5704 -0.766618 6.61497
2.908e+07 -6.55746 -0.914629 6.62094
2.909e+07 -6.53878 -1.06234 6.62452
2.91e+07 -6.51437 -1.2095 6.6257
2.911e+07 -6.48422 -1.35583 6.62446
2.912e+07 -6.44838 -1.50108 6.62079
2.913e+07 -6.40688 -1.64498 6.61469
2.914e+07 -6.35977 -1.78727 6.60613
2.915e+07 -6.30709 -1.92769 6.5951
2.916e+07 -6.24892 -2.06597 6.58158
2.917e+07 -6.18533 -2.20185 6.56555
2.918e+07 -6.11642 -2.33507 6.54699
2.919e+07 -6.04226 -2.46538 6.52587
2.92e+07 -5.96298 -2.59252 6.50218
2.921e+07 -5.87869 -2.71624 6.47587
2.922e+07 -5.78951 -2.83629 6.44693
2.923e+07 -5.69557 -2.95242 6.41532
2.924e+07 -5.59704 -3.0644 6.38101
2.925e+07 -5.49405 -3.17199 6.34398
2.926e+07 -5.38677 -3.27496 6.30417
2.927e+07 -5.27538 -3.37308 6.26157
2.928e+07 -5.16005 -3.46614 6.21613
2.929e+07 -5.04098 -3.55393 6.16781
2.93e+07 -4.91837 -3.63623 6.11658
2.931e+07 -4.79242 -3.71286 6.06239
2.932e+07 -4.66335 -3.78361 6.00521
2.933e+07 -4.53138 -3.84831 5.94499
2.934e+07 -4.39674 -3.90679 5.8817
2.935e+07 -4.25968 -3.95887 5.81528
2.936e+07 -4.12042 -4.00441 5.74571
2.937e+07 -3.97924 -4.04324 5.67293
2.938e+07 -3.83637 -4.07525 5.59691
2.939e+07 -3.69209 -4.10029 5.5176
2.94e+07 -3.54666 -4.11826 5.43497
2.941e+07 -3.40036 -4.12904 5.34897
2.942e+07 -3.25346 -4.13255 5.25956
2.943e+07 -3.10626 -4.12869 5.16671
2.944e+07 -2.95903 -4.1174 5.07038
2.945e+07 -2.81206 -4.0986 4.97054
2.946e+07 -2.66566 -4.07226 4.86714
2.947e+07 -2.52012 -4.03834 4.76017
2.948e+07 -2.37573 -3.99681 4.64958
2.949e+07 -2.23279 -3.94765 4.53534
2.95e+07 -2.09162 -3.89088 4.41744
2.951e+07 -1.95251 -3.82649 4.29584
2.952e+07 -1.81576 -3.75451 4.17053
2.953e+07 -1.68168 -3.67499 4.04149
2.954e+07 -1.55058 -3.58797 3.90869
2.955e+07 -1.42276 -3.49352 3.77213
2.956e+07 -1.29851 -3.39171 3.63178
2.957e+07 -1.17814 -3.28264 3.48765
2.958e+07 -1.06195 -3.1664 3.33973
2.959e+07 -0.950224 -3.04311 3.18802
2.96e+07 -0.843263 -2.9129 3.0325
2.961e+07 -0.741352 -2.77591 2.8732
2.962e+07 -0.644776 -2.63229 2.71011
2.963e+07 -0.553813 -2.48222 2.54325
2.964e+07 -0.468738 -2.32586 2.37262
2.965e+07 -0.38982 -2.16341 2.19825
2.966e+07 -0.317321 -1.99508 2.02016
2.967e+07 -0.2515 -1.82107 1.83836
2.968e+07 -0.192604 -1.64163 1.65289
2.969e+07 -0.140876 -1.45697 1.46377
2.97e+07 -0.0965521 -1.26737 1.27104
2.971e+07 -0.0598577 -1.07306 1.07473
2.972e+07 -0.0310111 -0.874337 0.874887
2.973e+07 -0.0102215 -0.671472 0.67155
2.974e+07 0.00231143 -0.464759 0.464764
2.975e+07 0.00639761 -0.254499 0.25458
2.976e+07 0.00185714 -0.0410057 0.0410478
2.977e+07 -0.0114795 0.175401 0.175777
2.978e+07 -0.0337708 0.394393 0.395836
2.979e+07 -0.0651645 0.615631 0.61907
2.98e+07 -0.105796 0.838771 0.845416
2.981e+07 -0.155791 1.06346 1.07481
2.982e+07 -0.21526 1.28933 1.30718
2.983e+07 -0.284304 1.51603 1.54246
2.984e+07 -0.36301 1.74318 1.78057
2.985e+07 -0.451451 1.9704 2.02145
2.986e+07 -0.54969 2.1973 2.26501
2.987e+07 -0.657774 2.4235 2.51118
2.988e+07 -0.775738 2.64862 2.75988
2.989e+07 -0.903602 2.87224 3.01102
2.99e+07 -1.04137 3.09398 3.26453
2.991e+07 -1.18905 3.31343 3.52032
2.992e+07 -1.3466 3.53019 3.7783
2.993e+07 -1.51399 3.74385 4.03839
2.994e+07 -1.69118 3.95401 4.3005
2.995e+07 -1.87809 4.16027 4.56455
2.996e+07 -2.07466 4.36222 4.83044
2.997e+07 -2.28079 4.55945 5.09809
2.998e+07 -2.49636 4.75156 5.36742
2.999e+07 -2.72127 4.93816 5.63832
3e+07 -2.95536 5.11884 5.91072
3.001e+07 -3.1985 5.2932 6.18453
3.002e+07 -3.45051 5.46086 6.45965
3.003e+07 -3.71122 5.62144 6.736
3.004e+07 -3.98043 5.77454 7.0135
3.005e+07 -4.25794 5.91979 7.29205
3.006e+07 -4.54353 6.05683 7.57158
3.007e+07 -4.83696 6.18528 7.85199
3.008e+07 -5.13797 6.30479 8.13321
3.009e+07 -5.44632 6.41502 8.41516
3.01e+07 -5.76173 6.51562 8.69775
3.011e+07 -6.08391 6.60626 8.9809
3.012e+07 -6.41256 6.68662 9.26454
3.013e+07 -6.74736 6.75639 9.5486
3.014e+07 -7.08801 6.81526 9.83298
3.015e+07 -7.43415 6.86294 10.1176
3.016e+07 -7.78545 6.89916 10.4025
3.017e+07 -8.14155 6.92364 10.6875
3.018e+07 -8.50208 6.93614 10.9725
3.019e+07 -8.86666 6.9364 11.2575
3.02e+07 -9.23491 6.9242 11.5424
3.021e+07 -9.60643 6.89932 11.8273
3.022e+07 -9.98081 6.86157 12.1119
3.023e+07 -10.3577 6.81074 12.3963
3.024e+07 -10.7365 6.74667 12.6803
3.025e+07 -11.117 6.6692 12.964
3.026e+07 -11.4986 6.5782 13.2473
3.027e+07 -11.881 6.47352 13.5301
3.028e+07 -12.2637 6.35506 13.8125
3.029e+07 -12.6461 6.22273 14.0942
3.03e+07 -13.028 6.07644 14.3754
3.031e+07 -13.4087 5.91614 14.6559
3.032e+07 -13.7879 5.74179 14.9357
3.033e+07 -14.1651 5.55334 15.2148
3.034e+07 -14.5398 5.3508 15.4931
3.035e+07 -14.9115 5.13417 15.7706
3.036e+07 -15.2798 4.90347 16.0473
3.037e+07 -15.6442 4.65875 16.3231
3.038e+07 -16.0041 4.40007 16.598
3.039e+07 -16.3592 4.1275 16.8719
3.04e+07 -16.709 3.84114 17.1449
3.041e+07 -17.053 3.54111 17.4168
3.042e+07 -17.3907 3.22752 17.6877
3.043e+07 -17.7217 2.90054 17.9575
3.044e+07 -18.0454 2.56033 18.2262
3.045e+07 -18.3616 2.20707 18.4937
3.046e+07 -18.6696 1.84095 18.7601
3.047e+07 -18.969 1.46221 19.0253
3.048e+07 -19.2594 1.07108 19.2892
3.049e+07 -19.5404 0.667795 19.5518
3.05e+07 -19.8116 0.252639 19.8132
3.051e+07 -20.0724 -0.174108 20.0732
3.052e+07 -20.3226 -0.612145 20.3318
3.053e+07 -20.5616 -1.06115 20.589
3.054e+07 -20.7892 -1.52081 20.8448
3.055e+07 -21.0049 -1.99075 21.099
3.056e+07 -21.2083 -2.47062 21.3517
3.057e+07 -21.3991 -2.96005 21.6029
3.058e+07 -21.577 -3.45865 21.8524
3.059e+07 -21.7416 -3.966 22.1003
3.06e+07 -21.8925 -4.48169 22.3465
3.061e+07 -22.0295 -5.00529 22.5909
3.062e+07 -22.1522 -5.53637 22.8336
3.063e+07 -22.2604 -6.07445 23.0743
3.064e+07 -22.3538 -6.61908 23.3132
3.065e+07 -22.4322 -7.16978 23.5501
3.066e+07 -22.4952 -7.72607 23.785
3.067e+07 -22.5427 -8.28744 24.0178
3.068e+07 -22.5745 -8.8534 24.2485
3.069e+07 -22.5904 -9.42342 24.477
3.07e+07 -22.5901 -9.99698 24.7033
3.071e+07 -22.5736 -10.5736 24.9272
3.072e+07 -22.5406 -11.1526 25.1488
3.073e+07 -22.4911 -11.7336 25.3678
3.074e+07 -22.425 -12.316 25.5844
3.075e+07 -22.3421 -12.8992 25.7984
3.076e+07 -22.2423 -13.4827 26.0097
3.077e+07 -22.1257 -14.0659 26.2183
3.078e+07 -21.9922 -14.6482 26.424
3.079e+07 -21.8417 -15.2292 26.6269
3.08e+07 -21.6744 -15.8081 26.8268
3.081e+07 -21.49 -16.3846 27.0236
3.082e+07 -21.2889 -16.9579 27.2174
3.083e+07 -21.0708 -17.5275 27.4079
3.084e+07 -20.836 -18.0929 27.5952
3.085e+07 -20.5846 -18.6534 27.7791
3.086e+07 -20.3166 -19.2086 27.9595
3.087e+07 -20.0322 -19.7579 28.1365
3.088e+07 -19.7315 -20.3006 28.3098
3.089e+07 -19.4147 -20.8364 28.4795
3.09e+07 -19.0819 -21.3645 28.6454
3.091e+07 -18.7334 -21.8846 28.8076
3.092e+07 -18.3694 -22.3959 28.9658
3.093e+07 -17.9902 -22.8982 29.12
3.094e+07 -17.5959 -23.3907 29.2701
3.095e+07 -17.1869 -23.873 29.4162
3.096e+07 -16.7634 -24.3447 29.558
3.097e+07 -16.3257 -24.8052 29.6956
3.098e+07 -15.8743 -25.254 29.8288
3.099e+07 -15.4093 -25.6907 29.9576
3.1e+07 -14.9312 -26.1148 30.0819
3.101e+07 -14.4403 -26.5259 30.2017
3.102e+07 -13.937 -26.9235 30.3169
3.103e+07 -13.4217 -27.3073 30.4275
3.104e+07 -12.8948 -27.6768 30.5333
3.105e+07 -12.3567 -28.0317 30.6344
3.106e+07 -11.8079 -28.3716 30.7307
3.107e+07 -11.2489 -28.696 30.8221
3.108e+07 -10.68 -29.0048 30.9086
3.109e+07 -10.1018 -29.2975 30.9901
3.11e+07 -9.51467 -29.5738 31.0667
3.111e+07 -8.91921 -29.8335 31.1383
3.112e+07 -8.31588 -30.0763 31.2048
3.113e+07 -7.70519 -30.3019 31.2662
3.114e+07 -7.08768 -30.5101 31.3225
3.115e+07 -6.46386 -30.7006 31.3737
3.116e+07 -5.83427 -30.8733 31.4198
3.117e+07 -5.19947 -31.028 31.4607
3.118e+07 -4.55999 -31.1646 31.4964
3.119e+07 -3.91639 -31.2827 31.5269
3.12e+07 -3.26924 -31.3825 31.5523
3.121e+07 -2.61909 -31.4637 31.5725
3.122e+07 -1.96653 -31.5262 31.5875
3.123e+07 -1.31211 -31.5701 31.5973
3.124e+07 -0.656405 -31.5952 31.602
3.125e+07 3.90799e-13 -31.6015 31.6015
3.126e+07 0.656534 -31.5891 31.5959
3.127e+07 1.31262 -31.5579 31.5852
3.128e+07 1.96769 -31.5079 31.5693
3.129e+07 2.62115 -31.4393 31.5484
3.13e+07 3.27245 -31.3521 31.5225
3.131e+07 3.92101 -31.2465 31.4915
3.132e+07 4.56627 -31.1224 31.4556
3.133e+07 5.20765 -30.98 31.4147
3.134e+07 5.8446 -30.8196 31.3689
3.135e+07 6.47657 -30.6413 31.3183
3.136e+07 7.10302 -30.4452 31.2628
3.137e+07 7.72339 -30.2316 31.2026
3.138e+07 8.33715 -30.0007 31.1376
3.139e+07 8.94378 -29.7528 31.068
3.14e+07 9.54276 -29.4881 30.9938
3.141e+07 10.1336 -29.2069 30.9149
3.142e+07 10.7157 -28.9095 30.8316
3.143e+07 11.2887 -28.5963 30.7438
3.144e+07 11.8521 -28.2675 30.6516
3.145e+07 12.4054 -27.9235 30.5551
3.146e+07 12.9481 -27.5646 30.4542
3.147e+07 13.4798 -27.1913 30.3492
3.148e+07 14.0001 -26.804 30.24
3.149e+07 14.5085 -26.403 30.1266
3.15e+07 15.0046 -25.9888 30.0092
3.151e+07 15.4881 -25.5618 29.8879
3.152e+07 15.9586 -25.1224 29.7626
3.153e+07 16.4157 -24.6711 29.6334
3.154e+07 16.859 -24.2085 29.5005
3.155e+07 17.2883 -23.7349 29.3638
3.156e+07 17.7032 -23.2508 29.2234
3.157e+07 18.1034 -22.7568 29.0793
3.158e+07 18.4887 -22.2534 28.9317
3.159e+07 18.8587 -21.7411 28.7806
3.16e+07 19.2133 -21.2203 28.6261
3.161e+07 19.5521 -20.6917 28.4681
3.162e+07 19.875 -20.1558 28.3068
3.163e+07 20.1819 -19.6131 28.1422
3.164e+07 20.4724 -19.0642 27.9743
3.165e+07 20.7465 -18.5096 27.8033
3.166e+07 21.004 -17.9499 27.6291
3.167e+07 21.2448 -17.3856 27.4518
3.168e+07 21.4688 -16.8174 27.2714
3.169e+07 21.6759 -16.2457 27.0881
3.17e+07 21.866 -15.6711 26.9018
3.171e+07 22.0391 -15.0942 26.7125
3.172e+07 22.1952 -14.5156 26.5204
3.173e+07 22.3343 -13.9359 26.3254
3.174e+07 22.4563 -13.3555 26.1277
3.175e+07 22.5614 -12.775 25.9271
3.176e+07 22.6494 -12.195 25.7239
3.177e+07 22.7206 -11.6161 25.5179
3.178e+07 22.775 -11.0388 25.3092
3.179e+07 22.8127 -10.4637 25.098
3.18e+07 22.8338 -9.89116 24.8841
3.181e+07 22.8384 -9.32187 24.6676
3.182e+07 22.8268 -8.75629 24.4486
3.183e+07 22.799 -8.19496 24.2271
3.184e+07 22.7553 -7.63838 24.0031
3.185e+07 22.6958 -7.08703 23.7766
3.186e+07 22.6209 -6.54142 23.5477
3.187e+07 22.5306 -6.00202 23.3164
3.188e+07 22.4254 -5.46929 23.0827
3.189e+07 22.3054 -4.9437 22.8466
3.19e+07 22.1709 -4.42568 22.6083
3.191e+07 22.0222 -3.91567 22.3676
3.192e+07 21.8596 -3.4141 22.1246
3.193e+07 21.6835 -2.92136 21.8794
3.194e+07 21.4942 -2.43786 21.632
3.195e+07 21.292 -1.96397 21.3824
3.196e+07 21.0774 -1.50006 21.1307
3.197e+07 20.8506 -1.04647 20.8768
3.198e+07 20.612 -0.60356 20.6208
3.199e+07 20.3621 -0.171633 20.3628
3.2e+07 20.1012 0.248999 20.1027
3.201e+07 19.8298 0.658047 19.8407
3.202e+07 19.5482 1.05524 19.5767
3.203e+07 19.257 1.44031 19.3108
3.204e+07 18.9565 1.81303 19.043
3.205e+07 18.6472 2.17317 18.7734
3.206e+07 18.3295 2.52051 18.502
3.207e+07 18.004 2.85489 18.2289
3.208e+07 17.671 3.1761 17.9541
3.209e+07 17.331 3.48402 17.6777
3.21e+07 16.9845 3.77849 17.3997
3.211e+07 16.6319 4.05939 17.1201
3.212e+07 16.2738 4.32662 16.8391
3.213e+07 15.9106 4.5801 16.5567
3.214e+07 15.5428 4.81975 16.273
3.215e+07 15.1709 5.04553 15.9879
3.216e+07 14.7954 5.25741 15.7017
3.217e+07 14.4166 5.45536 15.4143
3.218e+07 14.0352 5.63939 15.1258
3.219e+07 13.6516 5.80951 14.8363
3.22e+07 13.2663 5.96577 14.5459
3.221e+07 12.8797 6.10821 14.2547
3.222e+07 12.4923 6.23689 13.9627
3.223e+07 12.1046 6.35192 13.67
3.224e+07 11.717 6.45338 13.3766
3.225e+07 11.33 6.5414 13.0828
3.226e+07 10.9441 6.6161 12.7885
3.227e+07 10.5597 6.67764 12.4939
3.228e+07 10.1772 6.72617 12.199
3.229e+07 9.79702 6.76187 11.904
3.23e+07 9.41966 6.78494 11.6089
3.231e+07 9.0455 6.79558 11.3138
3.232e+07 8.67495 6.79401 11.0188
3.233e+07 8.30839 6.78046 10.724
3.234e+07 7.94623 6.75517 10.4295
3.235e+07 7.58884 6.71841 10.1355
3.236e+07 7.23659 6.67044 9.8419
3.237e+07 6.88983 6.61154 9.54894
3.238e+07 6.54891 6.542 9.25667
3.239e+07 6.21417 6.46213 8.96521
3.24e+07 5.88592 6.37223 8.67464
3.241e+07 5.56448 6.27263 8.38507
3.242e+07 5.25015 6.16366 8.09658
3.243e+07 4.9432 6.04565 7.80929
3.244e+07 4.64392 5.91895 7.52329
3.245e+07 4.35255 5.78391 7.23867
3.246e+07 4.06935 5.6409 6.95553
3.247e+07 3.79455 5.49028 6.67396
3.248e+07 3.52836 5.33242 6.39406
3.249e+07 3.27098 5.1677 6.11592
3.25e+07 3.02261 4.9965 5.83963
3.251e+07 2.78342 4.81921 5.56527
3.252e+07 2.55357 4.63621 5.29294
3.253e+07 2.33321 4.4479 5.02272
3.254e+07 2.12246 4.25467 4.75469
3.255e+07 1.92144 4.05692 4.48893
3.256e+07 1.73025 3.85504 4.22553
3.257e+07 1.54898 3.64943 3.96455
3.258e+07 1.3777 3.44049 3.70608
3.259e+07 1.21646 3.22861 3.45018
3.26e+07 1.06532 3.0142 3.19692
3.261e+07 0.924285 2.79763 2.94636
3.262e+07 0.793382 2.57932 2.69858
3.263e+07 0.672607 2.35964 2.45363
3.264e+07 0.561943 2.13898 2.21157
3.265e+07 0.461361 1.91773 1.97244
3.266e+07 0.370816 1.69626 1.73631
3.267e+07 0.290253 1.47494 1.50323
3.268e+07 0.219598 1.25414 1.27322
3.269e+07 0.158769 1.03423 1.04635
3.27e+07 0.107667 0.815561 0.822637
3.271e+07 0.0661829 0.59848 0.602129
3.272e+07 0.0341936 0.383331 0.384853
3.273e+07 0.0115641 0.170449 0.170841
3.274e+07 -0.00185245 -0.0398402 0.0398833
3.275e+07 -0.00621457 -0.247218 0.247296
3.276e+07 -0.00169201 -0.451374 0.451377
3.277e+07 0.0115345 -0.652008 0.65211
3.278e+07 0.0332738 -0.848828 0.84948
3.279e+07 0.0633243 -1.04155 1.04348
3.28e+07 0.101475 -1.22991 1.23409
3.281e+07 0.147505 -1.41364 1.42132
3.282e+07 0.201185 -1.5925 1.60515
3.283e+07 0.262276 -1.76623 1.7856
3.284e+07 0.330532 -1.93462 1.96265
3.285e+07 0.4057 -2.09745 2.13632
3.286e+07 0.487518 -2.2545 2.30661
3.287e+07 0.575718 -2.4056 2.47353
3.288e+07 0.670024 -2.55055 2.63709
3.289e+07 0.770158 -2.68918 2.79729
3.29e+07 0.875834 -2.82135 2.95417
3.291e+07 0.98676 -2.9469 3.10771
3.292e+07 1.10264 -3.06569 3.25796
3.293e+07 1.22318 -3.17762 3.40491
3.294e+07 1.34807 -3.28257 3.5486
3.295e+07 1.47701 -3.38045 3.68904
3.296e+07 1.60969 -3.47117 3.82624
3.297e+07 1.7458 -3.55467 3.96024
3.298e+07 1.88503 -3.63088 4.09104
3.299e+07 2.02706 -3.69977 4.21868
3.3e+07 2.17159 -3.7613 4.34317
3.301e+07 2.31829 -3.81544 4.46453
3.302e+07 2.46686 -3.8622 4.58279
3.303e+07 2.61698 -3.90158 4.69797
3.304e+07 2.76834 -3.9336 4.81008
3.305e+07 2.92064 -3.95827 4.91915
3.306e+07 3.07356 -3.97565 5.02519
3.307e+07 3.2268 -3.98578 5.12823
3.308e+07 3.38006 -3.98874 5.22827
3.309e+07 3.53304 -3.98458 5.32534
3.31e+07 3.68545 -3.9734 5.41946
3.311e+07 3.837 -3.9553 5.51063
3.312e+07 3.98741 -3.93038 5.59887
3.313e+07 4.13639 -3.89876 5.68419
3.314e+07 4.28367 -3.86056 5.7666
3.315e+07 4.42898 -3.81592 5.84612
3.316e+07 4.57206 -3.76499 5.92274
3.317e+07 4.71266 -3.70792 5.99648
3.318e+07 4.85052 -3.64487 6.06734
3.319e+07 4.98541 -3.57602 6.13533
3.32e+07 5.1171 -3.50154 6.20044
3.321e+07 5.24535 -3.42162 6.26268
3.322e+07 5.36995 -3.33646 6.32205
3.323e+07 5.4907 -3.24625 6.37855
3.324e+07 5.60739 -3.15121 6.43218
3.325e+07 5.71982 -3.05154 6.48292
3.326e+07 5.82783 -2.94746 6.53078
3.327e+07 5.93123 -2.8392 6.57576
3.328e+07 6.02986 -2.727 6.61784
3.329e+07 6.12358 -2.61107 6.65702
3.33e+07 6.21223 -2.49166 6.69329
3.331e+07 6.29568 -2.369 6.72664
3.332e+07 6.3738 -2.24335 6.75707
3.333e+07 6.4465 -2.11495 6.78457
3.334e+07 6.51365 -1.98405 6.80912
3.335e+07 6.57518 -1.85089 6.83072
3.336e+07 6.63099 -1.71574 6.84936
3.337e+07 6.68102 -1.57884 6.86504
3.338e+07 6.7252 -1.44044 6.87773
3.339e+07 6.76349 -1.30081 6.88744
3.34e+07 6.79584 -1.16019 6.89416
3.341e+07 6.82222 -1.01884 6.89788
3.342e+07 6.84262 -0.877003 6.89859
3.343e+07 6.85702 -0.734939 6.89629
3.344e+07 6.86543 -0.592891 6.89098
3.345e+07 6.86786 -0.451107 6.88266
3.346e+07 6.86433 -0.309829 6.87132
3.347e+07 6.85487 -0.169299 6.85696
3.348e+07 6.83953 -0.0297524 6.83959
3.349e+07 6.81835 0.108577 6.81921
3.35e+07 6.79139 0.245461 6.79583
3.351e+07 6.75873 0.380673 6.76944
3.352e+07 6.72045 0.513996 6.74007
3.353e+07 6.67663 0.645214 6.70773
3.354e+07 6.62736 0.774118 6.67242
3.355e+07 6.57277 0.900505 6.63417
3.356e+07 6.51295 1.02418 6.59298
3.357e+07 6.44803 1.14494 6.54889
3.358e+07 6.37814 1.26262 6.50191
3.359e+07 6.30342 1.37703 6.45208
3.36e+07 6.22401 1.488 6.39941
3.361e+07 6.14006 1.59537 6.34394
3.362e+07 6.05173 1.69898 6.28569
3.363e+07 5.95918 1.79869 6.22472
3.364e+07 5.86258 1.89435 6.16104
3.365e+07 5.76211 1.98584 6.09471
3.366e+07 5.65795 2.07302 6.02577
3.367e+07 5.55029 2.15579 5.95425
3.368e+07 5.43931 2.23404 5.88022
3.369e+07 5.3252 2.30766 5.80371
3.37e+07 5.20818 2.37657 5.72479
3.371e+07 5.08843 2.44069 5.6435
3.372e+07 4.96617 2.49995 5.55991
3.373e+07 4.84159 2.55428 5.47406
3.374e+07 4.71492 2.60362 5.38603
3.375e+07 4.58637 2.64794 5.29588
3.376e+07 4.45614 2.6872 5.20368
3.377e+07 4.32446 2.72136 5.10948
3.378e+07 4.19154 2.75042 5.01337
3.379e+07 4.0576 2.77436 4.9154
3.38e+07 3.92285 2.79318 4.81566
3.381e+07 3.78751 2.80689 4.71422
3.382e+07 3.65181 2.8155 4.61116
3.383e+07 3.51595 2.81905 4.50654
3.384e+07 3.38015 2.81756 4.40046
3.385e+07 3.24462 2.81108 4.29299
3.386e+07 3.10958 2.79966 4.1842
3.387e+07 2.97523 2.78335 4.07419
3.388e+07 2.84178 2.76222 3.96303
3.389e+07 2.70944 2.73636 3.85081
3.39e+07 2.5784 2.70583 3.7376
3.391e+07 2.44887 2.67073 3.6235
3.392e+07 2.32103 2.63115 3.50858
3.393e+07 2.19507 2.58721 3.39293
3.394e+07 2.07118 2.539 3.27663
3.395e+07 1.94954 2.48665 3.15977
3.396e+07 1.83033 2.43027 3.04242
3.397e+07 1.71371 2.37 2.92467
3.398e+07 1.59984 2.30598 2.8066
3.399e+07 1.4889 2.23833 2.6883
3.4e+07 1.38102 2.16721 2.56983
3.401e+07 1.27636 2.09277 2.45128
3.402e+07 1.17506 2.01516 2.33273
3.403e+07 1.07725 1.93454 2.21426
3.404e+07 0.98306 1.85108 2.09593
3.405e+07 0.892605 1.76494 1.97782
3.406e+07 0.806002 1.67629 1.86
3.407e+07 0.723356 1.58531 1.74254
3.408e+07 0.644765 1.49216 1.62551
3.409e+07 0.570322 1.39704 1.50897
3.41e+07 0.50011 1.30012 1.39299
3.411e+07 0.434205 1.20158 1.27763
3.412e+07 0.372675 1.10161 1.16294
3.413e+07 0.31558 1.0004 1.04899
3.414e+07 0.262974 0.898122 0.935831
3.415e+07 0.214902 0.794973 0.823508
3.416e+07 0.1714 0.691138 0.712074
3.417e+07 0.132497 0.586803 0.601575
3.418e+07 0.0982143 0.482154 0.492056
3.419e+07 0.0685657 0.377379 0.383557
3.42e+07 0.0435562 0.27266 0.276117
3.421e+07 0.0231833 0.168182 0.169772
3.422e+07 0.00743686 0.0641256 0.0645554
3.423e+07 -0.00370108 -0.039329 0.0395028
3.424e+07 -0.0102561 -0.142005 0.142375
3.425e+07 -0.0122614 -0.243727 0.244035
3.426e+07 -0.00975738 -0.344323 0.344461
3.427e+07 -0.00279208 -0.443624 0.443633
3.428e+07 0.00857945 -0.541466 0.541534
3.429e+07 0.024295 -0.637685 0.638148
3.43e+07 0.0442856 -0.732124 0.733462
3.431e+07 0.0684752 -0.82463 0.827468
3.432e+07 0.0967815 -0.915052 0.920156
3.433e+07 0.129115 -1.00325 1.01152
3.434e+07 0.165382 -1.08907 1.10156
3.435e+07 0.20548 -1.1724 1.19027
3.436e+07 0.249303 -1.25309 1.27764
3.437e+07 0.296738 -1.33102 1.36369
3.438e+07 0.347666 -1.40607 1.44842
3.439e+07 0.401966 -1.47814 1.53182
3.44e+07 0.459508 -1.54711 1.61391
3.441e+07 0.52016 -1.61288 1.69469
3.442e+07 0.583785 -1.67537 1.77416
3.443e+07 0.650242 -1.73447 1.85235
3.444e+07 0.719385 -1.7901 1.92924
3.445e+07 0.791065 -1.8422 2.00487
3.446e+07 0.86513 -1.8907 2.07923
3.447e+07 0.941425 -1.93552 2.15233
3.448e+07 1.01979 -1.97662 2.22418
3.449e+07 1.10007 -2.01394 2.2948
3.45e+07 1.1821 -2.04745 2.36419
3.451e+07 1.2657 -2.07711 2.43236
3.452e+07 1.35073 -2.10289 2.49932
3.453e+07 1.437 -2.12477 2.56508
3.454e+07 1.52436 -2.14274 2.62964
3.455e+07 1.61262 -2.15679 2.693
3.456e+07 1.70162 -2.16691 2.75518
3.457e+07 1.79119 -2.17313 2.81618
3.458e+07 1.88116 -2.17544 2.87599
3.459e+07 1.97136 -2.17387 2.93462
3.46e+07 2.06162 -2.16845 2.99206
3.461e+07 2.15177 -2.1592 3.04832
3.462e+07 2.24164 -2.14618 3.10339
3.463e+07 2.33107 -2.12942 3.15726
3.464e+07 2.41989 -2.10897 3.20992
3.465e+07 2.50794 -2.0849 3.26138
3.466e+07 2.59507 -2.05727 3.3116
3.467e+07 2.68111 -2.02614 3.3606
3.468e+07 2.76591 -1.99161 3.40833
3.469e+07 2.84932 -1.95374 3.45481
3.47e+07 2.93119 -1.91262 3.49999
3.471e+07 3.01138 -1.86834 3.54388
3.472e+07 3.08974 -1.82101 3.58644
3.473e+07 3.16614 -1.77072 3.62765
3.474e+07 3.24045 -1.71757 3.6675
3.475e+07 3.31254 -1.66169 3.70596
3.476e+07 3.38228 -1.60318 3.74299
3.477e+07 3.44956 -1.54216 3.77859
3.478e+07 3.51426 -1.47875 3.81271
3.479e+07 3.57627 -1.41309 3.84533
3.48e+07 3.6355 -1.34529 3.87642
3.481e+07 3.69183 -1.27549 3.90596
3.482e+07 3.74519 -1.20383 3.93391
3.483e+07 3.79548 -1.13044 3.96025
3.484e+07 3.84262 -1.05546 3.98493
3.485e+07 3.88653 -0.979034 4.00795
3.486e+07 3.92715 -0.901302 4.02925
3.487e+07 3.96442 -0.822409 4.04882
3.488e+07 3.99827 -0.742501 4.06663
3.489e+07 4.02866 -0.661724 4.08264
3.49e+07 4.05554 -0.580227 4.09684
3.491e+07 4.07888 -0.498156 4.10918
3.492e+07 4.09863 -0.415661 4.11966
3.493e+07 4.11479 -0.332887 4.12823
3.494e+07 4.12732 -0.249984 4.13488
3.495e+07 4.13621 -0.167097 4.13959
3.496e+07 4.14147 -0.0843732 4.14233
3.497e+07 4.14308 -0.00195735 4.14308
3.498e+07 4.14106 0.080007 4.14183
3.499e+07 4.13542 0.161378 4.13856
3.5e+07 4.12617 0.242015 4.13326
3.501e+07 4.11335 0.32178 4.12591
3.502e+07 4.09697 0.400537 4.11651
3.503e+07 4.07709 0.478152 4.10504
3.504e+07 4.05375 0.554496 4.0915
3.505e+07 4.02698 0.62944 4.07588
3.506e+07 3.99686 0.702859 4.05819
3.507e+07 3.96343 0.774633 4.03842
3.508e+07 3.92676 0.844643 4.01657
3.509e+07 3.88693 0.912776 3.99266
3.51e+07 3.84401 0.978921 3.96669
3.511e+07 3.79807 1.04297 3.93867
3.512e+07 3.74922 1.10483 3.90862
3.513e+07 3.69753 1.16439 3.87654
3.514e+07 3.64311 1.22157 3.84245
3.515e+07 3.58604 1.27627 3.80639
3.516e+07 3.52645 1.32841 3.76836
3.517e+07 3.46442 1.37792 3.72839
3.518e+07 3.40008 1.42472 3.68651
3.519e+07 3.33354 1.46874 3.64276
3.52e+07 3.26491 1.50991 3.59715
3.521e+07 3.19432 1.54819 3.54973
3.522e+07 3.1219 1.58352 3.50054
3.523e+07 3.04775 1.61585 3.4496
3.524e+07 2.97203 1.64513 3.39697
3.525e+07 2.89485 1.67134 3.34269
3.526e+07 2.81636 1.69445 3.28679
3.527e+07 2.73667 1.71442 3.22934
3.528e+07 2.65594 1.73124 3.17037
3.529e+07 2.5743 1.7449 3.10993
3.53e+07 2.49188 1.75538 3.04809
3.531e+07 2.40883 1.76269 2.98488
3.532e+07 2.32528 1.76683 2.92038
3.533e+07 2.24138 1.7678 2.85463
3.534e+07 2.15726 1.76563 2.78769
3.535e+07 2.07306 1.76032 2.71962
3.536e+07 1.98893 1.75191 2.65048
3.537e+07 1.905 1.74043 2.58033
3.538e+07 1.8214 1.72591 2.50924
3.539e+07 1.73828 1.7084 2.43726
3.54e+07 1.65577 1.68793 2.36446
3.541e+07 1.574 1.66456 2.29091
3.542e+07 1.4931 1.63835 2.21665
3.543e+07 1.41321 1.60936 2.14177
3.544e+07 1.33444 1.57764 2.06632
3.545e+07 1.25693 1.54328 1.99037
3.546e+07 1.18079 1.50633 1.91398
3.547e+07 1.10615 1.46689 1.83721
3.548e+07 1.03311 1.42504 1.76013
3.549e+07 0.961803 1.38085 1.6828
3.55e+07 0.892323 1.33442 1.60528
3.551e+07 0.82478 1.28585 1.52763
3.552e+07 0.759274 1.23522 1.44992
3.553e+07 0.695904 1.18264 1.3722
3.554e+07 0.634764 1.12821 1.29452
3.555e+07 0.575942 1.07204 1.21695
3.556e+07 0.519524 1.01422 1.13954
3.557e+07 0.46559 0.954882 1.06234
3.558e+07 0.414216 0.894127 0.985413
3.559e+07 0.365473 0.832071 0.908797
3.56e+07 0.319427 0.76883 0.832546
3.561e+07 0.276139 0.704521 0.756705
3.562e+07 0.235667 0.639263 0.681319
3.563e+07 0.198061 0.573176 0.606431
3.564e+07 0.163367 0.506381 0.532081
3.565e+07 0.131627 0.438999 0.458307
3.566e+07 0.102875 0.371152 0.385146
3.567e+07 0.077142 0.302962 0.312629
3.568e+07 0.0544535 0.234552 0.24079
3.569e+07 0.0348287 0.166043 0.169657
3.57e+07 0.018282 0.0975573 0.0992555
3.571e+07 0.00482235 0.0292155 0.0296108
3.572e+07 -0.00554672 -0.0388622 0.039256
3.573e+07 -0.0128269 -0.106556 0.107326
3.574e+07 -0.0170254 -0.173749 0.174581
3.575e+07 -0.0181544 -0.240324 0.241009
3.576e+07 -0.0162316 -0.306166 0.306596
3.577e+07 -0.0112798 -0.371163 0.371334
3.578e+07 -0.00332679 -0.435202 0.435214
3.579e+07 0.00759442 -0.498175 0.498233
3.58e+07 0.0214459 -0.559976 0.560386
3.581e+07 0.0381849 -0.6205 0.621674
3.582e+07 0.0577637 -0.679646 0.682097
3.583e+07 0.08013 -0.737317 0.741658
3.584e+07 0.105227 -0.793415 0.800363
3.585e+07 0.132993 -0.84785 0.858218
3.586e+07 0.163363 -0.900533 0.91523
3.587e+07 0.196266 -0.951377 0.971411
3.588e+07 0.231629 -1.0003 1.02677
3.589e+07 0.269373 -1.04723 1.08132
3.59e+07 0.309418 -1.09209 1.13507
3.591e+07 0.351677 -1.1348 1.18804
3.592e+07 0.396061 -1.1753 1.24024
3.593e+07 0.44248 -1.21354 1.29169
3.594e+07 0.490836 -1.24945 1.3424
3.595e+07 0.541033 -1.28298 1.39239
3.596e+07 0.592969 -1.31407 1.44167
3.597e+07 0.64654 -1.3427 1.49025
3.598e+07 0.701641 -1.36881 1.53816
3.599e+07 0.758163 -1.39237 1.5854
3.6e+07 0.815997 -1.41335 1.63199
3.601e+07 0.87503 -1.43172 1.67795
3.602e+07 0.935149 -1.44747 1.72328
3.603e+07 0.996238 -1.46058 1.76799
3.604e+07 1.05818 -1.47103 1.81209
3.605e+07 1.12086 -1.47882 1.8556
3.606e+07 1.18416 -1.48394 1.89851
3.607e+07 1.24796 -1.4864 1.94083
3.608e+07 1.31215 -1.48621 1.98256
3.609e+07 1.37659 -1.48338 2.02371
3.61e+07 1.44118 -1.47791 2.06428
3.611e+07 1.50579 -1.46985 2.10425
3.612e+07 1.57031 -1.4592 2.14363
3.613e+07 1.63462 -1.446 2.18241
3.614e+07 1.6986 -1.43028 2.22058
3.615e+07 1.76214 -1.41209 2.25812
3.616e+07 1.82511 -1.39146 2.29504
3.617e+07 1.88742 -1.36844 2.3313
3.618e+07 1.94894 -1.34309 2.3669
3.619e+07 2.00956 -1.31545 2.40182
3.62e+07 2.06919 -1.28559 2.43603
3.621e+07 2.1277 -1.25356 2.46952
3.622e+07 2.18501 -1.21944 2.50226
3.623e+07 2.24101 -1.18329 2.53422
3.624e+07 2.29559 -1.14519 2.56539
3.625e+07 2.34868 -1.1052 2.59572
3.626e+07 2.40016 -1.06342 2.62519
3.627e+07 2.44996 -1.01992 2.65378
3.628e+07 2.49799 -0.974777 2.68144
3.629e+07 2.54416 -0.92809 2.70816
3.63e+07 2.58841 -0.879944 2.73389
3.631e+07 2.63064 -0.83043 2.7586
3.632e+07 2.67079 -0.77964 2.78226
3.633e+07 2.7088 -0.727671 2.80484
3.634e+07 2.7446 -0.67462 2.82629
3.635e+07 2.77813 -0.620584 2.8466
3.636e+07 2.80933 -0.565663 2.86571
3.637e+07 2.83816 -0.509958 2.88361
3.638e+07 2.86456 -0.453572 2.90025
3.639e+07 2.8885 -0.396606 2.9156
3.64e+07 2.90994 -0.339164 2.92964
3.641e+07 2.92884 -0.28135 2.94232
3.642e+07 2.94518 -0.223267 2.95363
3.643e+07 2.95893 -0.16502 2.96353
3.644e+07 2.97007 -0.106712 2.97198
3.645e+07 2.97859 -0.048447 2.97898
3.646e+07 2.98447 0.009672 2.98449
3.647e+07 2.98772 0.0675426 2.98848
3.648e+07 2.98833 0.125063 2.99094
3.649e+07 2.9863 0.182133 2.99185
3.65e+07 2.98164 0.238654 2.99118
3.651e+07 2.97437 0.294527 2.98892
3.652e+07 2.9645 0.349655 2.98505
3.653e+07 2.95205 0.403945 2.97956
3.654e+07 2.93706 0.457302 2.97245
3.655e+07 2.91954 0.509637 2.96369
3.656e+07 2.89955 0.560861 2.95329
3.657e+07 2.8771 0.610886 2.94124
3.658e+07 2.85225 0.65963 2.92754
3.659e+07 2.82505 0.70701 2.91218
3.66e+07 2.79555 0.752948 2.89517
3.661e+07 2.76379 0.797369 2.87652
3.662e+07 2.72985 0.840199 2.85622
3.663e+07 2.69378 0.881368 2.8343
3.664e+07 2.65564 0.920811 2.81075
3.665e+07 2.61552 0.958463 2.7856
3.666e+07 2.57347 0.994266 2.75886
3.667e+07 2.52958 1.02816 2.73055
3.668e+07 2.48392 1.0601 2.70068
3.669e+07 2.43658 1.09003 2.66928
3.67e+07 2.38764 1.1179 2.63638
3.671e+07 2.33718 1.14368 2.602
3.672e+07 2.2853 1.16733 2.56617
3.673e+07 2.23208 1.18881 2.52892
3.674e+07 2.17763 1.20809 2.49029
3.675e+07 2.12202 1.22515 2.4503
3.676e+07 2.06537 1.23997 2.409
3.677e+07 2.00777 1.25252 2.36642
3.678e+07 1.94932 1.2628 2.32261
3.679e+07 1.89011 1.27079 2.27759
3.68e+07 1.83026 1.27649 2.23143
3.681e+07 1.76985 1.2799 2.18415
3.682e+07 1.70901 1.28102 2.13582
3.683e+07 1.64782 1.27986 2.08647
3.684e+07 1.5864 1.27642 2.03615
3.685e+07 1.52485 1.27072 1.98491
3.686e+07 1.46326 1.26278 1.93281
3.687e+07 1.40175 1.25263 1.87989
3.688e+07 1.34042 1.24028 1.82621
3.689e+07 1.27937 1.22578 1.77181
3.69e+07 1.2187 1.20914 1.71675
3.691e+07 1.15851 1.19041 1.66109
3.692e+07 1.0989 1.16964 1.60488
3.693e+07 1.03998 1.14686 1.54817
3.694e+07 0.981825 1.12212 1.49102
3.695e+07 0.924544 1.09548 1.43348
3.696e+07 0.868228 1.06698 1.3756
3.697e+07 0.812968 1.03669 1.31744
3.698e+07 0.758851 1.00466 1.25905
3.699e+07 0.705966 0.970963 1.20048
3.7e+07 0.654396 0.935659 1.14179
3.701e+07 0.604224 0.898818 1.08303
3.702e+07 0.555527 0.86051 1.02425
3.703e+07 0.508384 0.820808 0.965495
3.704e+07 0.462866 0.779789 0.906816
3.705e+07 0.419045 0.737529 0.848262
3.706e+07 0.376987 0.694109 0.789877
3.707e+07 0.336756 0.649608 0.731707
3.708e+07 0.298413 0.604111 0.673795
3.709e+07 0.262015 0.5577 0.616183
3.71e+07 0.227615 0.510462 0.55891
3.711e+07 0.195263 0.462484 0.502015
3.712e+07 0.165005 0.413853 0.445534
3.713e+07 0.136883 0.364658 0.389502
3.714e+07 0.110936 0.314987 0.333952
3.715e+07 0.0871993 0.264932 0.278913
3.716e+07 0.0657023 0.214581 0.224414
3.717e+07 0.046472 0.164026 0.170482
3.718e+07 0.0295311 0.113356 0.11714
3.719e+07 0.0148981 0.0626624 0.064409
3.72e+07 0.00258754 0.0120346 0.0123097
3.721e+07 -0.00739015 -0.0384375 0.0391415
3.722e+07 -0.0150286 -0.0886652 0.0899298
3.723e+07 -0.0203257 -0.13856 0.140043
3.724e+07 -0.0232831 -0.188035 0.189471
3.725e+07 -0.0239067 -0.237003 0.238206
3.726e+07 -0.0222066 -0.28538 0.286243
3.727e+07 -0.0181965 -0.333081 0.333578
3.728e+07 -0.0118943 -0.380025 0.380211
3.729e+07 -0.00332204 -0.426131 0.426144
3.73e+07 0.00749477 -0.471319 0.471379
3.731e+07 0.0205266 -0.515513 0.515922
3.732e+07 0.03574 -0.558638 0.55978
3.733e+07 0.0530982 -0.600621 0.602964
3.734e+07 0.0725606 -0.641392 0.645483
3.735e+07 0.094083 -0.680881 0.687351
3.736e+07 0.117618 -0.719025 0.728581
3.737e+07 0.143114 -0.755758 0.769189
3.738e+07 0.170518 -0.791022 0.809192
3.739e+07 0.199772 -0.824758 0.848608
3.74e+07 0.230816 -0.856912 0.887454
3.741e+07 0.263586 -0.887432 0.92575
3.742e+07 0.298017 -0.91627 0.963517
3.743e+07 0.334039 -0.94338 1.00077
3.744e+07 0.371581 -0.968719 1.03754
3.745e+07 0.41057 -0.992249 1.07384
3.746e+07 0.45093 -1.01393 1.10969
3.747e+07 0.492582 -1.03374 1.1451
3.748e+07 0.535446 -1.05164 1.18011
3.749e+07 0.57944 -1.06761 1.21472
3.75e+07 0.624481 -1.08163 1.24896
3.751e+07 0.670482 -1.09368 1.28284
3.752e+07 0.717358 -1.10374 1.31637
3.753e+07 0.765019 -1.1118 1.34957
3.754e+07 0.813378 -1.11785 1.38245
3.755e+07 0.862344 -1.1219 1.41503
3.756e+07 0.911827 -1.12394 1.44729
3.757e+07 0.961734 -1.12396 1.47927
3.758e+07 1.01197 -1.12199 1.51095
3.759e+07 1.06245 -1.11803 1.54234
3.76e+07 1.11308 -1.11209 1.57344
3.761e+07 1.16377 -1.10419 1.60424
3.762e+07 1.21442 -1.09436 1.63476
3.763e+07 1.26494 -1.0826 1.66496
3.764e+07 1.31524 -1.06896 1.69485
3.765e+07 1.36523 -1.05346 1.72442
3.766e+07 1.41482 -1.03614 1.75366
3.767e+07 1.46393 -1.01702 1.78253
3.768e+07 1.51245 -0.996165 1.81104
3.769e+07 1.56032 -0.973599 1.83916
3.77e+07 1.60744 -0.949374 1.86686
3.771e+07 1.65372 -0.923537 1.89413
3.772e+07 1.69909 -0.89614 1.92093
3.773e+07 1.74347 -0.867236 1.94725
3.774e+07 1.78678 -0.836882 1.97306
3.775e+07 1.82894 -0.805136 1.99832
3.776e+07 1.86989 -0.772058 2.023
3.777e+07 1.90953 -0.737712 2.04708
3.778e+07 1.94782 -0.702164 2.07052
3.779e+07 1.98468 -0.665478 2.09328
3.78e+07 2.02006 -0.627726 2.11534
3.781e+07 2.05388 -0.588976 2.13666
3.782e+07 2.08609 -0.549301 2.1572
3.783e+07 2.11663 -0.508775 2.17692
3.784e+07 2.14546 -0.467471 2.1958
3.785e+07 2.17253 -0.425466 2.2138
3.786e+07 2.19779 -0.382836 2.23088
3.787e+07 2.22119 -0.33966 2.24701
3.788e+07 2.24271 -0.296015 2.26216
3.789e+07 2.26229 -0.25198 2.27628
3.79e+07 2.27992 -0.207635 2.28936
3.791e+07 2.29556 -0.16306 2.30135
3.792e+07 2.30919 -0.118334 2.31222
3.793e+07 2.32079 -0.0735378 2.32196
3.794e+07 2.33034 -0.0287503 2.33052
3.795e+07 2.33782 0.0159488 2.33788
3.796e+07 2.34323 0.0604803 2.34401
3.797e+07 2.34656 0.104766 2.34889
3.798e+07 2.3478 0.148727 2.35251
3.799e+07 2.34696 0.192288 2.35482
3.8e+07 2.34404 0.235371 2.35582
3.801e+07 2.33904 0.277902 2.3555
3.802e+07 2.33199 0.319807 2.35382
3.803e+07 2.32289 0.361014 2.35078
3.804e+07 2.31177 0.401451 2.34637
3.805e+07 2.29864 0.44105 2.34057
3.806e+07 2.28353 0.479742 2.33338
3.807e+07 2.26648 0.517461 2.3248
3.808e+07 2.2475 0.554144 2.31481
3.809e+07 2.22664 0.589729 2.30342
3.81e+07 2.20394 0.624155 2.29062
3.811e+07 2.17944 0.657366 2.27642
3.812e+07 2.15319 0.689305 2.26083
3.813e+07 2.12522 0.71992 2.24385
3.814e+07 2.0956 0.749161 2.22548
3.815e+07 2.06437 0.77698 2.20574
3.816e+07 2.03159 0.803331 2.18465
3.817e+07 1.99732 0.828174 2.16222
3.818e+07 1.96163 0.851467 2.13845
3.819e+07 1.92457 0.873174 2.11339
3.82e+07 1.88621 0.893261 2.08703
3.821e+07 1.84662 0.911699 2.05942
3.822e+07 1.80587 0.928458 2.03057
3.823e+07 1.76403 0.943514 2.00051
3.824e+07 1.72118 0.956846 1.96926
3.825e+07 1.67738 0.968435 1.93687
3.826e+07 1.63272 0.978265 1.90336
3.827e+07 1.58727 0.986325 1.86876
3.828e+07 1.54111 0.992605 1.83311
3.829e+07 1.49432 0.9971 1.79644
3.83e+07 1.44699 0.999806 1.7588
3.831e+07 1.39919 1.00072 1.72023
3.832e+07 1.35101 0.99986 1.68076
3.833e+07 1.30252 0.997217 1.64043
3.834e+07 1.25382 0.992807 1.59929
3.835e+07 1.20499 0.986643 1.55739
3.836e+07 1.1561 0.978741 1.51476
3.837e+07 1.10724 0.96912 1.47145
3.838e+07 1.0585 0.957802 1.42752
3.839e+07 1.00996 0.944812 1.383
3.84e+07 0.961689 0.930178 1.33794
3.841e+07 0.913783 0.913932 1.29239
3.842e+07 0.866316 0.896106 1.2464
3.843e+07 0.81937 0.876737 1.20001
3.844e+07 0.773021 0.855863 1.15328
3.845e+07 0.727347 0.833527 1.10626
3.846e+07 0.682423 0.809772 1.05898
3.847e+07 0.638324 0.784644 1.0115
3.848e+07 0.595122 0.758192 0.96386
3.849e+07 0.552889 0.730468 0.916116
3.85e+07 0.511692 0.701522 0.86831
3.851e+07 0.471598 0.671412 0.820487
3.852e+07 0.432674 0.640193 0.772693
3.853e+07 0.39498 0.607924 0.72497
3.854e+07 0.358579 0.574666 0.677362
3.855e+07 0.323527 0.54048 0.629912
3.856e+07 0.28988 0.50543 0.582658
3.857e+07 0.25769 0.469581 0.53564
3.858e+07 0.227009 0.432998 0.488897
3.859e+07 0.197884 0.395748 0.442464
3.86e+07 0.170358 0.357901 0.396377
3.861e+07 0.144474 0.319524 0.350668
3.862e+07 0.120271 0.280687 0.305369
3.863e+07 0.0977838 0.24146 0.260509
3.864e+07 0.0770455 0.201915 0.216115
3.865e+07 0.0580855 0.162123 0.172214
3.866e+07 0.0409302 0.122154 0.128829
3.867e+07 0.0256025 0.0820806 0.0859809
3.868e+07 0.0121224 0.0419741 0.0436896
3.869e+07 0.000506404 0.00190585 0.00197198
3.87e+07 -0.00923214 -0.0380532 0.0391571
3.871e+07 -0.0170833 -0.0778323 0.079685
3.872e+07 -0.0230403 -0.117361 0.119602
3.873e+07 -0.0271 -0.156571 0.158899
3.874e+07 -0.0292622 -0.195392 0.197571
3.875e+07 -0.0295303 -0.233756 0.235614
3.876e+07 -0.0279108 -0.271598 0.273028
3.877e+07 -0.0244136 -0.308851 0.309814
3.878e+07 -0.0190519 -0.34545 0.345975
3.879e+07 -0.0118419 -0.381332 0.381516
3.88e+07 -0.00280312 -0.416436 0.416446
3.881e+07 0.00804168 -0.450702 0.450774
3.882e+07 0.0206668 -0.48407 0.484511
3.883e+07 0.0350434 -0.516485 0.517672
3.884e+07 0.0511397 -0.54789 0.550272
3.885e+07 0.068921 -0.578234 0.582327
3.886e+07 0.0883497 -0.607464 0.613855
3.887e+07 0.109386 -0.635533 0.644878
3.888e+07 0.131985 -0.662393 0.675415
3.889e+07 0.156104 -0.688001 0.705488
3.89e+07 0.181692 -0.712313 0.73512
3.891e+07 0.2087 -0.735291 0.764335
3.892e+07 0.237074 -0.756897 0.793156
3.893e+07 0.266759 -0.777097 0.821608
3.894e+07 0.297698 -0.795858 0.849714
3.895e+07 0.329831 -0.813152 0.877499
3.896e+07 0.363097 -0.82895 0.904985
3.897e+07 0.397432 -0.843231 0.932196
3.898e+07 0.432772 -0.855971 0.959155
3.899e+07 0.46905 -0.867153 0.985881
3.9e+07 0.506198 -0.876761 1.0124
3.901e+07 0.544147 -0.884782 1.03872
3.902e+07 0.582825 -0.891207 1.06486
3.903e+07 0.622162 -0.896027 1.09085
3.904e+07 0.662084 -0.89924 1.11669
3.905e+07 0.702518 -0.900843 1.14239
3.906e+07 0.743389 -0.900838 1.16796
3.907e+07 0.784624 -0.899229 1.19342
3.908e+07 0.826146 -0.896024 1.21876
3.909e+07 0.86788 -0.891232 1.24399
3.91e+07 0.90975 -0.884866 1.26911
3.911e+07 0.95168 -0.876942 1.29411
3.912e+07 0.993594 -0.867478 1.31899
3.913e+07 1.03542 -0.856495 1.34375
3.914e+07 1.07707 -0.844016 1.36838
3.915e+07 1.11849 -0.830068 1.39285
3.916e+07 1.15959 -0.814679 1.41716
3.917e+07 1.2003 -0.79788 1.4413
3.918e+07 1.24055 -0.779705 1.46523
3.919e+07 1.28027 -0.760191 1.48895
3.92e+07 1.31938 -0.739374 1.51243
3.921e+07 1.35782 -0.717296 1.53564
3.922e+07 1.39552 -0.693999 1.55856
3.923e+07 1.43241 -0.669528 1.58116
3.924e+07 1.46843 -0.643929 1.60342
3.925e+07 1.50352 -0.617251 1.62529
3.926e+07 1.53761 -0.589544 1.64675
3.927e+07 1.57064 -0.560859 1.66777
3.928e+07 1.60255 -0.531252 1.68832
3.929e+07 1.6333 -0.500775 1.70835
3.93e+07 1.66283 -0.469487 1.72784
3.931e+07 1.69108 -0.437444 1.74674
3.932e+07 1.71801 -0.404706 1.76503
3.933e+07 1.74357 -0.371332 1.78267
3.934e+07 1.76772 -0.337384 1.79962
3.935e+07 1.79041 -0.302923 1.81585
3.936e+07 1.81161 -0.268012 1.83133
3.937e+07 1.83128 -0.232714 1.84601
3.938e+07 1.8494 -0.197092 1.85987
3.939e+07 1.86592 -0.161212 1.87287
3.94e+07 1.88082 -0.125137 1.88498
3.941e+07 1.89408 -0.0889323 1.89616
3.942e+07 1.90567 -0.0526621 1.9064
3.943e+07 1.91558 -0.0163912 1.91565
3.944e+07 1.92379 0.019816 1.92389
3.945e+07 1.93029 0.0558952 1.9311
3.946e+07 1.93506 0.0917826 1.93724
3.947e+07 1.93811 0.127415 1.9423
3.948e+07 1.93943 0.16273 1.94625
3.949e+07 1.93902 0.197665 1.94907
3.95e+07 1.93687 0.232159 1.95074
3.951e+07 1.93301 0.266152 1.95124
3.952e+07 1.92742 0.299585 1.95057
3.953e+07 1.92014 0.3324 1.9487
3.954e+07 1.91116 0.36454 1.94562
3.955e+07 1.90052 0.39595 1.94132
3.956e+07 1.88822 0.426575 1.9358
3.957e+07 1.87429 0.456364 1.92905
3.958e+07 1.85877 0.485265 1.92107
3.959e+07 1.84167 0.513229 1.91184
3.96e+07 1.82302 0.540209 1.90138
3.961e+07 1.80287 0.56616 1.88968
3.962e+07 1.78125 0.591038 1.87675
3.963e+07 1.7582 0.614801 1.86259
3.964e+07 1.73376 0.63741 1.84722
3.965e+07 1.70797 0.658827 1.83063
3.966e+07 1.68088 0.679019 1.81285
3.967e+07 1.65254 0.697951 1.79389
3.968e+07 1.623 0.715593 1.77376
3.969e+07 1.59232 0.731917 1.75248
3.97e+07 1.56053 0.746897 1.73006
3.971e+07 1.52771 0.760511 1.70654
3.972e+07 1.49391 0.772736 1.68193
3.973e+07 1.45919 0.783556 1.65626
3.974e+07 1.42361 0.792954 1.62955
3.975e+07 1.38723 0.800917 1.60183
3.976e+07 1.35012 0.807434 1.57314
3.977e+07 1.31233 0.812498 1.54349
3.978e+07 1.27395 0.816102 1.51294
3.979e+07 1.23503 0.818245 1.48149
3.98e+07 1.19564 0.818925 1.4492
3.981e+07 1.15585 0.818146 1.4161
3.982e+07 1.11573 0.815912 1.38223
3.983e+07 1.07534 0.812231 1.34762
3.984e+07 1.03476 0.807113 1.31231
3.985e+07 0.994063 0.80057 1.27635
3.986e+07 0.953307 0.792618 1.23977
3.987e+07 0.912568 0.783274 1.20262
3.988e+07 0.871914 0.772558 1.16494
3.989e+07 0.831415 0.760493 1.12677
3.99e+07 0.79114 0.747103 1.08815
3.991e+07 0.751157 0.732415 1.04913
3.992e+07 0.711533 0.716459 1.00975
3.993e+07 0.672337 0.699266 0.970056
3.994e+07 0.633632 0.680869 0.930093
3.995e+07 0.595486 0.661305 0.889903
3.996e+07 0.557961 0.64061 0.849531
3.997e+07 0.521121 0.618825 0.809019
3.998e+07 0.485026 0.595991 0.768411
3.999e+07 0.449737 0.57215 0.727749
4e+07 0.415312 0.547347 0.687076
4.001e+07 0.381808 0.52163 0.646433
4.002e+07 0.34928 0.495045 0.60586
4.003e+07 0.317781 0.467643 0.565398
4.004e+07 0.287362 0.439474 0.525085
4.005e+07 0.258074 0.410589 0.484959
4.006e+07 0.229962 0.381043 0.445057
4.007e+07 0.203073 0.350888 0.405415
4.008e+07 0.177449 0.32018 0.366065
4.009e+07 0.153131 0.288975 0.327041
4.01e+07 0.130156 0.25733 0.288374
4.011e+07 0.108562 0.225302 0.250093
4.012e+07 0.08838 0.192948 0.212227
4.013e+07 0.0696421 0.160328 0.1748
4.014e+07 0.0523762 0.127499 0.137838
4.015e+07 0.0366079 0.094521 0.101362
4.016e+07 0.0223599 0.0614522 0.0653937
4.017e+07 0.00965255 0.028352 0.0299501
4.018e+07 -0.00149679 -0.00472077 0.00495238
4.019e+07 -0.0110734 -0.0377074 0.0392997
4.02e+07 -0.0190655 -0.0705493 0.0730801
4.021e+07 -0.0254638 -0.103189 0.106284
4.022e+07 -0.0302621 -0.135568 0.138904
4.023e+07 -0.0334569 -0.16763 0.170936
4.024e+07 -0.0350476 -0.199318 0.202376
